timestamp,repo_id,user_id,repo_name,nb_commits
2013-11-01,41752,3413,GitHub/servo/rust-url,3
2013-12-01,41752,3413,GitHub/servo/rust-url,3
2014-02-01,41752,3413,GitHub/servo/rust-url,2
2014-03-01,40937,378,GitHub/dtolnay/semver,1
2014-03-01,40937,2867,GitHub/dtolnay/semver,2
2014-03-01,40937,3554,GitHub/dtolnay/semver,3
2014-03-01,40937,3555,GitHub/dtolnay/semver,2
2014-03-01,41752,3413,GitHub/servo/rust-url,12
2014-04-01,40937,3555,GitHub/dtolnay/semver,2
2014-04-01,40937,816,GitHub/dtolnay/semver,1
2014-04-01,40937,2867,GitHub/dtolnay/semver,5
2014-04-01,40937,2945,GitHub/dtolnay/semver,2
2014-04-01,40937,3071,GitHub/dtolnay/semver,1
2014-04-01,40937,378,GitHub/dtolnay/semver,3
2014-04-01,40937,3554,GitHub/dtolnay/semver,3
2014-04-01,41752,3413,GitHub/servo/rust-url,12
2014-05-01,40937,3555,GitHub/dtolnay/semver,2
2014-05-01,40937,378,GitHub/dtolnay/semver,3
2014-05-01,40937,2867,GitHub/dtolnay/semver,5
2014-05-01,40937,2945,GitHub/dtolnay/semver,2
2014-05-01,40937,3071,GitHub/dtolnay/semver,2
2014-05-01,40937,3078,GitHub/dtolnay/semver,1
2014-05-01,40937,816,GitHub/dtolnay/semver,1
2014-05-01,40937,3550,GitHub/dtolnay/semver,1
2014-05-01,40937,3552,GitHub/dtolnay/semver,1
2014-05-01,40937,3554,GitHub/dtolnay/semver,3
2014-05-01,41752,4840,GitHub/servo/rust-url,1
2014-05-01,41752,3413,GitHub/servo/rust-url,13
2014-06-01,40937,3555,GitHub/dtolnay/semver,2
2014-06-01,40937,378,GitHub/dtolnay/semver,3
2014-06-01,40937,2867,GitHub/dtolnay/semver,9
2014-06-01,40937,2945,GitHub/dtolnay/semver,2
2014-06-01,40937,3071,GitHub/dtolnay/semver,3
2014-06-01,40937,3078,GitHub/dtolnay/semver,1
2014-06-01,40937,816,GitHub/dtolnay/semver,1
2014-06-01,40937,3550,GitHub/dtolnay/semver,4
2014-06-01,40937,3552,GitHub/dtolnay/semver,2
2014-06-01,40937,3554,GitHub/dtolnay/semver,3
2014-06-01,41752,4840,GitHub/servo/rust-url,1
2014-06-01,41752,3413,GitHub/servo/rust-url,15
2014-07-01,40937,378,GitHub/dtolnay/semver,3
2014-07-01,40937,816,GitHub/dtolnay/semver,1
2014-07-01,40937,2867,GitHub/dtolnay/semver,11
2014-07-01,40937,3071,GitHub/dtolnay/semver,4
2014-07-01,40937,3078,GitHub/dtolnay/semver,1
2014-07-01,40937,3550,GitHub/dtolnay/semver,4
2014-07-01,40937,3552,GitHub/dtolnay/semver,2
2014-07-01,40937,3554,GitHub/dtolnay/semver,3
2014-07-01,40937,3555,GitHub/dtolnay/semver,2
2014-07-01,40937,2945,GitHub/dtolnay/semver,3
2014-07-01,41752,3413,GitHub/servo/rust-url,15
2014-07-01,41752,4840,GitHub/servo/rust-url,1
2014-07-01,46027,2867,GitHub/alexcrichton/toml-rs,26
2014-07-01,46027,2947,GitHub/alexcrichton/toml-rs,3
2014-07-01,46027,2964,GitHub/alexcrichton/toml-rs,1
2014-07-01,46178,3472,GitHub/rust-lang-nursery/lazy-static.rs,12
2014-08-01,24440,496,GitHub/ogham/rust-ansi-term,11
2014-08-01,40937,378,GitHub/dtolnay/semver,3
2014-08-01,40937,816,GitHub/dtolnay/semver,1
2014-08-01,40937,2867,GitHub/dtolnay/semver,17
2014-08-01,40937,3555,GitHub/dtolnay/semver,2
2014-08-01,40937,2945,GitHub/dtolnay/semver,3
2014-08-01,40937,3554,GitHub/dtolnay/semver,3
2014-08-01,40937,3552,GitHub/dtolnay/semver,2
2014-08-01,40937,3550,GitHub/dtolnay/semver,5
2014-08-01,40937,3549,GitHub/dtolnay/semver,2
2014-08-01,40937,3071,GitHub/dtolnay/semver,5
2014-08-01,40937,3078,GitHub/dtolnay/semver,1
2014-08-01,41752,4840,GitHub/servo/rust-url,1
2014-08-01,41752,3413,GitHub/servo/rust-url,102
2014-08-01,41752,4797,GitHub/servo/rust-url,1
2014-08-01,46027,378,GitHub/alexcrichton/toml-rs,1
2014-08-01,46027,2963,GitHub/alexcrichton/toml-rs,1
2014-08-01,46027,2962,GitHub/alexcrichton/toml-rs,1
2014-08-01,46027,2961,GitHub/alexcrichton/toml-rs,1
2014-08-01,46027,2947,GitHub/alexcrichton/toml-rs,3
2014-08-01,46027,2867,GitHub/alexcrichton/toml-rs,40
2014-08-01,46027,2964,GitHub/alexcrichton/toml-rs,1
2014-08-01,46178,3472,GitHub/rust-lang-nursery/lazy-static.rs,13
2014-09-01,23287,1419,GitHub/rust-itertools/itertools,4
2014-09-01,24440,496,GitHub/ogham/rust-ansi-term,11
2014-09-01,40937,3549,GitHub/dtolnay/semver,2
2014-09-01,40937,378,GitHub/dtolnay/semver,3
2014-09-01,40937,2867,GitHub/dtolnay/semver,18
2014-09-01,40937,2945,GitHub/dtolnay/semver,3
2014-09-01,40937,2946,GitHub/dtolnay/semver,1
2014-09-01,40937,3071,GitHub/dtolnay/semver,5
2014-09-01,40937,3078,GitHub/dtolnay/semver,1
2014-09-01,40937,3550,GitHub/dtolnay/semver,5
2014-09-01,40937,2950,GitHub/dtolnay/semver,10
2014-09-01,40937,3552,GitHub/dtolnay/semver,2
2014-09-01,40937,816,GitHub/dtolnay/semver,1
2014-09-01,40937,3554,GitHub/dtolnay/semver,3
2014-09-01,40937,3555,GitHub/dtolnay/semver,2
2014-09-01,41752,2955,GitHub/servo/rust-url,2
2014-09-01,41752,4840,GitHub/servo/rust-url,1
2014-09-01,41752,4839,GitHub/servo/rust-url,1
2014-09-01,41752,3878,GitHub/servo/rust-url,1
2014-09-01,41752,4797,GitHub/servo/rust-url,1
2014-09-01,41752,3413,GitHub/servo/rust-url,133
2014-09-01,41752,2957,GitHub/servo/rust-url,1
2014-09-01,41752,2398,GitHub/servo/rust-url,1
2014-09-01,41752,2961,GitHub/servo/rust-url,2
2014-09-01,46027,2961,GitHub/alexcrichton/toml-rs,1
2014-09-01,46027,2867,GitHub/alexcrichton/toml-rs,47
2014-09-01,46027,2947,GitHub/alexcrichton/toml-rs,3
2014-09-01,46027,2957,GitHub/alexcrichton/toml-rs,2
2014-09-01,46027,2958,GitHub/alexcrichton/toml-rs,1
2014-09-01,46027,2959,GitHub/alexcrichton/toml-rs,1
2014-09-01,46027,378,GitHub/alexcrichton/toml-rs,1
2014-09-01,46027,2962,GitHub/alexcrichton/toml-rs,1
2014-09-01,46027,2963,GitHub/alexcrichton/toml-rs,1
2014-09-01,46027,2964,GitHub/alexcrichton/toml-rs,1
2014-09-01,46178,3547,GitHub/rust-lang-nursery/lazy-static.rs,1
2014-09-01,46178,3472,GitHub/rust-lang-nursery/lazy-static.rs,15
2014-10-01,14306,2867,GitHub/rust-num/num-integer,4
2014-10-01,14306,2950,GitHub/rust-num/num-integer,1
2014-10-01,14306,2201,GitHub/rust-num/num-integer,1
2014-10-01,14306,4669,GitHub/rust-num/num-integer,1
2014-10-01,14306,3427,GitHub/rust-num/num-integer,2
2014-10-01,23287,1419,GitHub/rust-itertools/itertools,4
2014-10-01,24440,496,GitHub/ogham/rust-ansi-term,15
2014-10-01,40937,2946,GitHub/dtolnay/semver,9
2014-10-01,40937,3554,GitHub/dtolnay/semver,3
2014-10-01,40937,2950,GitHub/dtolnay/semver,31
2014-10-01,40937,3552,GitHub/dtolnay/semver,2
2014-10-01,40937,3550,GitHub/dtolnay/semver,5
2014-10-01,40937,3549,GitHub/dtolnay/semver,2
2014-10-01,40937,3548,GitHub/dtolnay/semver,1
2014-10-01,40937,816,GitHub/dtolnay/semver,1
2014-10-01,40937,3078,GitHub/dtolnay/semver,1
2014-10-01,40937,3071,GitHub/dtolnay/semver,5
2014-10-01,40937,378,GitHub/dtolnay/semver,3
2014-10-01,40937,2867,GitHub/dtolnay/semver,26
2014-10-01,40937,3555,GitHub/dtolnay/semver,2
2014-10-01,40937,2945,GitHub/dtolnay/semver,3
2014-10-01,41752,2867,GitHub/servo/rust-url,1
2014-10-01,41752,2398,GitHub/servo/rust-url,1
2014-10-01,41752,2955,GitHub/servo/rust-url,2
2014-10-01,41752,2957,GitHub/servo/rust-url,1
2014-10-01,41752,2961,GitHub/servo/rust-url,2
2014-10-01,41752,3413,GitHub/servo/rust-url,137
2014-10-01,41752,3878,GitHub/servo/rust-url,1
2014-10-01,41752,4797,GitHub/servo/rust-url,1
2014-10-01,41752,4838,GitHub/servo/rust-url,1
2014-10-01,41752,4839,GitHub/servo/rust-url,1
2014-10-01,41752,4840,GitHub/servo/rust-url,1
2014-10-01,46027,2959,GitHub/alexcrichton/toml-rs,1
2014-10-01,46027,2961,GitHub/alexcrichton/toml-rs,1
2014-10-01,46027,2867,GitHub/alexcrichton/toml-rs,56
2014-10-01,46027,2958,GitHub/alexcrichton/toml-rs,1
2014-10-01,46027,2957,GitHub/alexcrichton/toml-rs,2
2014-10-01,46027,2956,GitHub/alexcrichton/toml-rs,2
2014-10-01,46027,2955,GitHub/alexcrichton/toml-rs,1
2014-10-01,46027,2947,GitHub/alexcrichton/toml-rs,4
2014-10-01,46027,378,GitHub/alexcrichton/toml-rs,1
2014-10-01,46027,2963,GitHub/alexcrichton/toml-rs,1
2014-10-01,46027,2964,GitHub/alexcrichton/toml-rs,1
2014-10-01,46027,2962,GitHub/alexcrichton/toml-rs,1
2014-10-01,46178,3547,GitHub/rust-lang-nursery/lazy-static.rs,1
2014-10-01,46178,3472,GitHub/rust-lang-nursery/lazy-static.rs,16
2014-11-01,14306,4669,GitHub/rust-num/num-integer,1
2014-11-01,14306,2867,GitHub/rust-num/num-integer,7
2014-11-01,14306,2201,GitHub/rust-num/num-integer,1
2014-11-01,14306,2950,GitHub/rust-num/num-integer,1
2014-11-01,14306,4044,GitHub/rust-num/num-integer,1
2014-11-01,14306,4672,GitHub/rust-num/num-integer,3
2014-11-01,14306,3427,GitHub/rust-num/num-integer,2
2014-11-01,20949,3534,GitHub/Geal/nom,2
2014-11-01,23287,4046,GitHub/rust-itertools/itertools,3
2014-11-01,23287,1419,GitHub/rust-itertools/itertools,4
2014-11-01,24440,496,GitHub/ogham/rust-ansi-term,15
2014-11-01,40937,3552,GitHub/dtolnay/semver,2
2014-11-01,40937,3550,GitHub/dtolnay/semver,5
2014-11-01,40937,3548,GitHub/dtolnay/semver,1
2014-11-01,40937,3549,GitHub/dtolnay/semver,2
2014-11-01,40937,378,GitHub/dtolnay/semver,3
2014-11-01,40937,3078,GitHub/dtolnay/semver,1
2014-11-01,40937,3071,GitHub/dtolnay/semver,5
2014-11-01,40937,2867,GitHub/dtolnay/semver,33
2014-11-01,40937,2945,GitHub/dtolnay/semver,3
2014-11-01,40937,2946,GitHub/dtolnay/semver,10
2014-11-01,40937,2950,GitHub/dtolnay/semver,32
2014-11-01,40937,816,GitHub/dtolnay/semver,1
2014-11-01,40937,3555,GitHub/dtolnay/semver,2
2014-11-01,40937,3554,GitHub/dtolnay/semver,3
2014-11-01,41752,2955,GitHub/servo/rust-url,2
2014-11-01,41752,2398,GitHub/servo/rust-url,1
2014-11-01,41752,2867,GitHub/servo/rust-url,1
2014-11-01,41752,2950,GitHub/servo/rust-url,1
2014-11-01,41752,2953,GitHub/servo/rust-url,1
2014-11-01,41752,2957,GitHub/servo/rust-url,1
2014-11-01,41752,2961,GitHub/servo/rust-url,2
2014-11-01,41752,3413,GitHub/servo/rust-url,141
2014-11-01,41752,3878,GitHub/servo/rust-url,1
2014-11-01,41752,4797,GitHub/servo/rust-url,1
2014-11-01,41752,4836,GitHub/servo/rust-url,1
2014-11-01,41752,4837,GitHub/servo/rust-url,1
2014-11-01,41752,4838,GitHub/servo/rust-url,1
2014-11-01,41752,4839,GitHub/servo/rust-url,1
2014-11-01,41752,4840,GitHub/servo/rust-url,1
2014-11-01,46027,2958,GitHub/alexcrichton/toml-rs,1
2014-11-01,46027,2961,GitHub/alexcrichton/toml-rs,1
2014-11-01,46027,2947,GitHub/alexcrichton/toml-rs,4
2014-11-01,46027,2959,GitHub/alexcrichton/toml-rs,1
2014-11-01,46027,2957,GitHub/alexcrichton/toml-rs,2
2014-11-01,46027,2956,GitHub/alexcrichton/toml-rs,2
2014-11-01,46027,2955,GitHub/alexcrichton/toml-rs,1
2014-11-01,46027,378,GitHub/alexcrichton/toml-rs,1
2014-11-01,46027,2954,GitHub/alexcrichton/toml-rs,1
2014-11-01,46027,2953,GitHub/alexcrichton/toml-rs,1
2014-11-01,46027,2867,GitHub/alexcrichton/toml-rs,64
2014-11-01,46027,2952,GitHub/alexcrichton/toml-rs,1
2014-11-01,46027,2950,GitHub/alexcrichton/toml-rs,1
2014-11-01,46027,2963,GitHub/alexcrichton/toml-rs,1
2014-11-01,46027,2964,GitHub/alexcrichton/toml-rs,1
2014-11-01,46027,2962,GitHub/alexcrichton/toml-rs,1
2014-11-01,46178,3547,GitHub/rust-lang-nursery/lazy-static.rs,1
2014-11-01,46178,3472,GitHub/rust-lang-nursery/lazy-static.rs,17
2014-11-01,46178,3085,GitHub/rust-lang-nursery/lazy-static.rs,2
2014-12-01,14306,2950,GitHub/rust-num/num-integer,2
2014-12-01,14306,3427,GitHub/rust-num/num-integer,2
2014-12-01,14306,1421,GitHub/rust-num/num-integer,1
2014-12-01,14306,2201,GitHub/rust-num/num-integer,1
2014-12-01,14306,378,GitHub/rust-num/num-integer,4
2014-12-01,14306,2867,GitHub/rust-num/num-integer,21
2014-12-01,14306,4672,GitHub/rust-num/num-integer,13
2014-12-01,14306,4669,GitHub/rust-num/num-integer,5
2014-12-01,14306,4044,GitHub/rust-num/num-integer,1
2014-12-01,16183,2945,GitHub/rust-lang/cc-rs,1
2014-12-01,16183,2947,GitHub/rust-lang/cc-rs,1
2014-12-01,16183,2867,GitHub/rust-lang/cc-rs,13
2014-12-01,16183,3436,GitHub/rust-lang/cc-rs,3
2014-12-01,20949,3534,GitHub/Geal/nom,41
2014-12-01,23287,4046,GitHub/rust-itertools/itertools,3
2014-12-01,23287,1419,GitHub/rust-itertools/itertools,4
2014-12-01,24440,496,GitHub/ogham/rust-ansi-term,22
2014-12-01,39779,4942,GitHub/time-rs/time,1
2014-12-01,39779,4129,GitHub/time-rs/time,1
2014-12-01,39779,4940,GitHub/time-rs/time,1
2014-12-01,39779,2947,GitHub/time-rs/time,2
2014-12-01,39779,2867,GitHub/time-rs/time,16
2014-12-01,39779,2950,GitHub/time-rs/time,1
2014-12-01,39779,1935,GitHub/time-rs/time,1
2014-12-01,39779,4941,GitHub/time-rs/time,1
2014-12-01,40937,2867,GitHub/dtolnay/semver,39
2014-12-01,40937,816,GitHub/dtolnay/semver,1
2014-12-01,40937,378,GitHub/dtolnay/semver,3
2014-12-01,40937,2945,GitHub/dtolnay/semver,3
2014-12-01,40937,2946,GitHub/dtolnay/semver,10
2014-12-01,40937,2950,GitHub/dtolnay/semver,33
2014-12-01,40937,3071,GitHub/dtolnay/semver,5
2014-12-01,40937,3078,GitHub/dtolnay/semver,1
2014-12-01,40937,3547,GitHub/dtolnay/semver,1
2014-12-01,40937,3548,GitHub/dtolnay/semver,1
2014-12-01,40937,3549,GitHub/dtolnay/semver,2
2014-12-01,40937,3550,GitHub/dtolnay/semver,5
2014-12-01,40937,3552,GitHub/dtolnay/semver,2
2014-12-01,40937,3554,GitHub/dtolnay/semver,3
2014-12-01,40937,3555,GitHub/dtolnay/semver,2
2014-12-01,41752,4797,GitHub/servo/rust-url,1
2014-12-01,41752,2961,GitHub/servo/rust-url,2
2014-12-01,41752,4835,GitHub/servo/rust-url,1
2014-12-01,41752,4836,GitHub/servo/rust-url,1
2014-12-01,41752,3086,GitHub/servo/rust-url,1
2014-12-01,41752,3088,GitHub/servo/rust-url,2
2014-12-01,41752,3173,GitHub/servo/rust-url,2
2014-12-01,41752,3413,GitHub/servo/rust-url,163
2014-12-01,41752,3428,GitHub/servo/rust-url,1
2014-12-01,41752,2950,GitHub/servo/rust-url,1
2014-12-01,41752,4837,GitHub/servo/rust-url,1
2014-12-01,41752,4838,GitHub/servo/rust-url,1
2014-12-01,41752,4839,GitHub/servo/rust-url,1
2014-12-01,41752,4840,GitHub/servo/rust-url,1
2014-12-01,41752,2867,GitHub/servo/rust-url,1
2014-12-01,41752,2398,GitHub/servo/rust-url,1
2014-12-01,41752,3878,GitHub/servo/rust-url,1
2014-12-01,41752,4834,GitHub/servo/rust-url,1
2014-12-01,41752,2953,GitHub/servo/rust-url,1
2014-12-01,41752,2955,GitHub/servo/rust-url,2
2014-12-01,41752,2957,GitHub/servo/rust-url,1
2014-12-01,46027,2956,GitHub/alexcrichton/toml-rs,2
2014-12-01,46027,2867,GitHub/alexcrichton/toml-rs,75
2014-12-01,46027,2958,GitHub/alexcrichton/toml-rs,1
2014-12-01,46027,2959,GitHub/alexcrichton/toml-rs,1
2014-12-01,46027,2961,GitHub/alexcrichton/toml-rs,1
2014-12-01,46027,2953,GitHub/alexcrichton/toml-rs,1
2014-12-01,46027,2962,GitHub/alexcrichton/toml-rs,1
2014-12-01,46027,2963,GitHub/alexcrichton/toml-rs,1
2014-12-01,46027,2964,GitHub/alexcrichton/toml-rs,1
2014-12-01,46027,2954,GitHub/alexcrichton/toml-rs,1
2014-12-01,46027,378,GitHub/alexcrichton/toml-rs,1
2014-12-01,46027,2952,GitHub/alexcrichton/toml-rs,1
2014-12-01,46027,2957,GitHub/alexcrichton/toml-rs,2
2014-12-01,46027,2949,GitHub/alexcrichton/toml-rs,2
2014-12-01,46027,2948,GitHub/alexcrichton/toml-rs,1
2014-12-01,46027,2947,GitHub/alexcrichton/toml-rs,5
2014-12-01,46027,2951,GitHub/alexcrichton/toml-rs,1
2014-12-01,46027,2955,GitHub/alexcrichton/toml-rs,1
2014-12-01,46027,2950,GitHub/alexcrichton/toml-rs,2
2014-12-01,46178,3547,GitHub/rust-lang-nursery/lazy-static.rs,1
2014-12-01,46178,3085,GitHub/rust-lang-nursery/lazy-static.rs,2
2014-12-01,46178,3472,GitHub/rust-lang-nursery/lazy-static.rs,18
2014-12-01,49075,2867,GitHub/rust-lang/pkg-config-rs,6
2015-02-01,12266,3089,GitHub/bitflags/bitflags,1
2015-02-01,12266,2867,GitHub/bitflags/bitflags,4
2015-02-01,14306,378,GitHub/rust-num/num-integer,1
2015-02-01,14306,4672,GitHub/rust-num/num-integer,2
2015-02-01,14306,4669,GitHub/rust-num/num-integer,2
2015-02-01,14306,2867,GitHub/rust-num/num-integer,14
2015-02-01,14306,4131,GitHub/rust-num/num-integer,1
2015-02-01,14306,4667,GitHub/rust-num/num-integer,1
2015-02-01,14306,4042,GitHub/rust-num/num-integer,1
2015-02-01,16183,2867,GitHub/rust-lang/cc-rs,10
2015-02-01,16183,2947,GitHub/rust-lang/cc-rs,1
2015-02-01,16492,3433,GitHub/tokio-rs/bytes,1
2015-02-01,20949,3534,GitHub/Geal/nom,44
2015-02-01,22724,4465,GitHub/rust-lang/log,1
2015-02-01,22724,2867,GitHub/rust-lang/log,11
2015-02-01,22724,2945,GitHub/rust-lang/log,6
2015-02-01,22724,378,GitHub/rust-lang/log,4
2015-02-01,22724,2947,GitHub/rust-lang/log,1
2015-02-01,22724,4464,GitHub/rust-lang/log,1
2015-02-01,23287,3137,GitHub/rust-itertools/itertools,1
2015-02-01,23287,268,GitHub/rust-itertools/itertools,1
2015-02-01,23287,4044,GitHub/rust-itertools/itertools,1
2015-02-01,24440,496,GitHub/ogham/rust-ansi-term,6
2015-02-01,25976,4544,GitHub/rust-lang/regex,1
2015-02-01,25976,3543,GitHub/rust-lang/regex,1
2015-02-01,25976,3544,GitHub/rust-lang/regex,1
2015-02-01,25976,2036,GitHub/rust-lang/regex,1
2015-02-01,25976,378,GitHub/rust-lang/regex,5
2015-02-01,25976,2867,GitHub/rust-lang/regex,18
2015-02-01,25976,4459,GitHub/rust-lang/regex,1
2015-02-01,25976,2945,GitHub/rust-lang/regex,1
2015-02-01,25976,2947,GitHub/rust-lang/regex,1
2015-02-01,25976,4465,GitHub/rust-lang/regex,1
2015-02-01,25976,2950,GitHub/rust-lang/regex,1
2015-02-01,25976,3043,GitHub/rust-lang/regex,3
2015-02-01,25976,4464,GitHub/rust-lang/regex,1
2015-02-01,36114,3413,GitHub/SimonSapin/rust-std-candidates,12
2015-02-01,39779,4937,GitHub/time-rs/time,1
2015-02-01,39779,378,GitHub/time-rs/time,2
2015-02-01,39779,2526,GitHub/time-rs/time,1
2015-02-01,39779,2867,GitHub/time-rs/time,21
2015-02-01,39779,2945,GitHub/time-rs/time,3
2015-02-01,39779,2947,GitHub/time-rs/time,1
2015-02-01,39779,4167,GitHub/time-rs/time,1
2015-02-01,39779,4936,GitHub/time-rs/time,1
2015-02-01,39779,264,GitHub/time-rs/time,1
2015-02-01,40937,3541,GitHub/dtolnay/semver,1
2015-02-01,40937,3540,GitHub/dtolnay/semver,1
2015-02-01,40937,2867,GitHub/dtolnay/semver,10
2015-02-01,40937,3543,GitHub/dtolnay/semver,1
2015-02-01,40937,3542,GitHub/dtolnay/semver,1
2015-02-01,41752,4464,GitHub/servo/rust-url,1
2015-02-01,41752,3543,GitHub/servo/rust-url,1
2015-02-01,41752,4831,GitHub/servo/rust-url,2
2015-02-01,41752,4167,GitHub/servo/rust-url,1
2015-02-01,41752,2945,GitHub/servo/rust-url,1
2015-02-01,41752,2936,GitHub/servo/rust-url,2
2015-02-01,41752,3413,GitHub/servo/rust-url,17
2015-02-01,46027,2947,GitHub/alexcrichton/toml-rs,4
2015-02-01,46027,2867,GitHub/alexcrichton/toml-rs,28
2015-02-01,46178,3472,GitHub/rust-lang-nursery/lazy-static.rs,9
2015-02-01,46178,4634,GitHub/rust-lang-nursery/lazy-static.rs,1
2015-02-01,46178,4635,GitHub/rust-lang-nursery/lazy-static.rs,1
2015-02-01,46178,4636,GitHub/rust-lang-nursery/lazy-static.rs,1
2015-02-01,49075,2867,GitHub/rust-lang/pkg-config-rs,10
2015-02-01,49075,4464,GitHub/rust-lang/pkg-config-rs,1
2015-03-01,4484,3043,GitHub/BurntSushi/byteorder,39
2015-03-01,4484,3209,GitHub/BurntSushi/byteorder,3
2015-03-01,4484,3210,GitHub/BurntSushi/byteorder,3
2015-03-01,4484,3211,GitHub/BurntSushi/byteorder,1
2015-03-01,4484,2945,GitHub/BurntSushi/byteorder,1
2015-03-01,4484,402,GitHub/BurntSushi/byteorder,1
2015-03-01,4484,3208,GitHub/BurntSushi/byteorder,3
2015-03-01,12228,3878,GitHub/seanmonstar/httparse,2
2015-03-01,12266,264,GitHub/bitflags/bitflags,1
2015-03-01,12266,2867,GitHub/bitflags/bitflags,8
2015-03-01,12266,3089,GitHub/bitflags/bitflags,1
2015-03-01,14306,2988,GitHub/rust-num/num-integer,3
2015-03-01,14306,4669,GitHub/rust-num/num-integer,2
2015-03-01,14306,4667,GitHub/rust-num/num-integer,1
2015-03-01,14306,378,GitHub/rust-num/num-integer,5
2015-03-01,14306,4672,GitHub/rust-num/num-integer,2
2015-03-01,14306,4131,GitHub/rust-num/num-integer,1
2015-03-01,14306,4042,GitHub/rust-num/num-integer,2
2015-03-01,14306,4015,GitHub/rust-num/num-integer,1
2015-03-01,14306,2197,GitHub/rust-num/num-integer,2
2015-03-01,14306,2867,GitHub/rust-num/num-integer,19
2015-03-01,16183,2947,GitHub/rust-lang/cc-rs,2
2015-03-01,16183,2867,GitHub/rust-lang/cc-rs,17
2015-03-01,16492,3433,GitHub/tokio-rs/bytes,18
2015-03-01,16492,4530,GitHub/tokio-rs/bytes,1
2015-03-01,16492,2947,GitHub/tokio-rs/bytes,1
2015-03-01,20949,3660,GitHub/Geal/nom,2
2015-03-01,20949,3534,GitHub/Geal/nom,157
2015-03-01,20949,3657,GitHub/Geal/nom,1
2015-03-01,20949,3659,GitHub/Geal/nom,1
2015-03-01,22724,2936,GitHub/rust-lang/log,1
2015-03-01,22724,378,GitHub/rust-lang/log,6
2015-03-01,22724,2867,GitHub/rust-lang/log,20
2015-03-01,22724,2945,GitHub/rust-lang/log,7
2015-03-01,22724,2947,GitHub/rust-lang/log,1
2015-03-01,22724,2950,GitHub/rust-lang/log,2
2015-03-01,22724,4461,GitHub/rust-lang/log,1
2015-03-01,22724,4462,GitHub/rust-lang/log,1
2015-03-01,22724,4463,GitHub/rust-lang/log,2
2015-03-01,22724,4464,GitHub/rust-lang/log,1
2015-03-01,22724,4465,GitHub/rust-lang/log,1
2015-03-01,23287,4044,GitHub/rust-itertools/itertools,1
2015-03-01,23287,268,GitHub/rust-itertools/itertools,6
2015-03-01,23287,3137,GitHub/rust-itertools/itertools,4
2015-03-01,23287,95,GitHub/rust-itertools/itertools,2
2015-03-01,23287,3541,GitHub/rust-itertools/itertools,5
2015-03-01,23287,4043,GitHub/rust-itertools/itertools,8
2015-03-01,24440,496,GitHub/ogham/rust-ansi-term,17
2015-03-01,25976,2947,GitHub/rust-lang/regex,1
2015-03-01,25976,2036,GitHub/rust-lang/regex,1
2015-03-01,25976,3043,GitHub/rust-lang/regex,12
2015-03-01,25976,2867,GitHub/rust-lang/regex,23
2015-03-01,25976,4544,GitHub/rust-lang/regex,1
2015-03-01,25976,4543,GitHub/rust-lang/regex,1
2015-03-01,25976,378,GitHub/rust-lang/regex,5
2015-03-01,25976,2950,GitHub/rust-lang/regex,3
2015-03-01,25976,3543,GitHub/rust-lang/regex,1
2015-03-01,25976,4465,GitHub/rust-lang/regex,1
2015-03-01,25976,3544,GitHub/rust-lang/regex,1
2015-03-01,25976,4464,GitHub/rust-lang/regex,1
2015-03-01,25976,4459,GitHub/rust-lang/regex,1
2015-03-01,25976,2945,GitHub/rust-lang/regex,1
2015-03-01,28705,707,GitHub/dguo/strsim-rs,11
2015-03-01,36114,3413,GitHub/SimonSapin/rust-std-candidates,15
2015-03-01,39779,264,GitHub/time-rs/time,1
2015-03-01,39779,2945,GitHub/time-rs/time,3
2015-03-01,39779,3173,GitHub/time-rs/time,1
2015-03-01,39779,4935,GitHub/time-rs/time,1
2015-03-01,39779,2867,GitHub/time-rs/time,36
2015-03-01,39779,4934,GitHub/time-rs/time,1
2015-03-01,39779,378,GitHub/time-rs/time,2
2015-03-01,39779,4936,GitHub/time-rs/time,1
2015-03-01,39779,4167,GitHub/time-rs/time,1
2015-03-01,39779,2947,GitHub/time-rs/time,2
2015-03-01,39779,4530,GitHub/time-rs/time,1
2015-03-01,39779,4672,GitHub/time-rs/time,1
2015-03-01,39779,4937,GitHub/time-rs/time,1
2015-03-01,39779,2526,GitHub/time-rs/time,1
2015-03-01,40937,3543,GitHub/dtolnay/semver,1
2015-03-01,40937,3540,GitHub/dtolnay/semver,1
2015-03-01,40937,3541,GitHub/dtolnay/semver,1
2015-03-01,40937,3542,GitHub/dtolnay/semver,1
2015-03-01,40937,2867,GitHub/dtolnay/semver,14
2015-03-01,40937,2946,GitHub/dtolnay/semver,2
2015-03-01,41752,4167,GitHub/servo/rust-url,2
2015-03-01,41752,1763,GitHub/servo/rust-url,3
2015-03-01,41752,3878,GitHub/servo/rust-url,1
2015-03-01,41752,2428,GitHub/servo/rust-url,1
2015-03-01,41752,4464,GitHub/servo/rust-url,1
2015-03-01,41752,3543,GitHub/servo/rust-url,1
2015-03-01,41752,2867,GitHub/servo/rust-url,1
2015-03-01,41752,3533,GitHub/servo/rust-url,1
2015-03-01,41752,3413,GitHub/servo/rust-url,28
2015-03-01,41752,2936,GitHub/servo/rust-url,2
2015-03-01,41752,2945,GitHub/servo/rust-url,1
2015-03-01,41752,2951,GitHub/servo/rust-url,1
2015-03-01,41752,4831,GitHub/servo/rust-url,2
2015-03-01,46027,2946,GitHub/alexcrichton/toml-rs,1
2015-03-01,46027,2947,GitHub/alexcrichton/toml-rs,4
2015-03-01,46027,2867,GitHub/alexcrichton/toml-rs,42
2015-03-01,46178,4634,GitHub/rust-lang-nursery/lazy-static.rs,1
2015-03-01,46178,4636,GitHub/rust-lang-nursery/lazy-static.rs,1
2015-03-01,46178,3472,GitHub/rust-lang-nursery/lazy-static.rs,9
2015-03-01,46178,4635,GitHub/rust-lang-nursery/lazy-static.rs,1
2015-03-01,49075,2946,GitHub/rust-lang/pkg-config-rs,1
2015-03-01,49075,2867,GitHub/rust-lang/pkg-config-rs,20
2015-03-01,49075,4464,GitHub/rust-lang/pkg-config-rs,1
2015-03-01,49075,2945,GitHub/rust-lang/pkg-config-rs,1
2015-04-01,3150,3878,GitHub/seanmonstar/num_cpus,2
2015-04-01,4484,3211,GitHub/BurntSushi/byteorder,1
2015-04-01,4484,3043,GitHub/BurntSushi/byteorder,55
2015-04-01,4484,2945,GitHub/BurntSushi/byteorder,1
2015-04-01,4484,3210,GitHub/BurntSushi/byteorder,3
2015-04-01,4484,3137,GitHub/BurntSushi/byteorder,1
2015-04-01,4484,3206,GitHub/BurntSushi/byteorder,1
2015-04-01,4484,3207,GitHub/BurntSushi/byteorder,1
2015-04-01,4484,3208,GitHub/BurntSushi/byteorder,6
2015-04-01,4484,3209,GitHub/BurntSushi/byteorder,3
2015-04-01,4484,402,GitHub/BurntSushi/byteorder,1
2015-04-01,12228,2262,GitHub/seanmonstar/httparse,1
2015-04-01,12228,3878,GitHub/seanmonstar/httparse,11
2015-04-01,12266,2867,GitHub/bitflags/bitflags,9
2015-04-01,12266,264,GitHub/bitflags/bitflags,1
2015-04-01,12266,3089,GitHub/bitflags/bitflags,1
2015-04-01,14306,2195,GitHub/rust-num/num-integer,3
2015-04-01,14306,2988,GitHub/rust-num/num-integer,4
2015-04-01,14306,4670,GitHub/rust-num/num-integer,1
2015-04-01,14306,4672,GitHub/rust-num/num-integer,2
2015-04-01,14306,4669,GitHub/rust-num/num-integer,3
2015-04-01,14306,4667,GitHub/rust-num/num-integer,1
2015-04-01,14306,378,GitHub/rust-num/num-integer,8
2015-04-01,14306,4131,GitHub/rust-num/num-integer,1
2015-04-01,14306,2193,GitHub/rust-num/num-integer,1
2015-04-01,14306,2197,GitHub/rust-num/num-integer,2
2015-04-01,14306,4042,GitHub/rust-num/num-integer,2
2015-04-01,14306,4015,GitHub/rust-num/num-integer,1
2015-04-01,14306,2867,GitHub/rust-num/num-integer,30
2015-04-01,14306,3025,GitHub/rust-num/num-integer,1
2015-04-01,16183,2947,GitHub/rust-lang/cc-rs,2
2015-04-01,16183,2867,GitHub/rust-lang/cc-rs,28
2015-04-01,16183,4126,GitHub/rust-lang/cc-rs,1
2015-04-01,16183,4125,GitHub/rust-lang/cc-rs,4
2015-04-01,16492,2947,GitHub/tokio-rs/bytes,1
2015-04-01,16492,1763,GitHub/tokio-rs/bytes,1
2015-04-01,16492,4530,GitHub/tokio-rs/bytes,4
2015-04-01,16492,3433,GitHub/tokio-rs/bytes,30
2015-04-01,20949,3660,GitHub/Geal/nom,2
2015-04-01,20949,3534,GitHub/Geal/nom,221
2015-04-01,20949,3658,GitHub/Geal/nom,1
2015-04-01,20949,3659,GitHub/Geal/nom,1
2015-04-01,20949,3657,GitHub/Geal/nom,2
2015-04-01,22724,2950,GitHub/rust-lang/log,2
2015-04-01,22724,378,GitHub/rust-lang/log,10
2015-04-01,22724,2979,GitHub/rust-lang/log,1
2015-04-01,22724,2867,GitHub/rust-lang/log,30
2015-04-01,22724,2936,GitHub/rust-lang/log,2
2015-04-01,22724,2945,GitHub/rust-lang/log,14
2015-04-01,22724,4461,GitHub/rust-lang/log,1
2015-04-01,22724,1935,GitHub/rust-lang/log,1
2015-04-01,22724,4462,GitHub/rust-lang/log,1
2015-04-01,22724,4463,GitHub/rust-lang/log,2
2015-04-01,22724,4464,GitHub/rust-lang/log,1
2015-04-01,22724,4465,GitHub/rust-lang/log,1
2015-04-01,22724,3071,GitHub/rust-lang/log,1
2015-04-01,22724,2947,GitHub/rust-lang/log,1
2015-04-01,23287,95,GitHub/rust-itertools/itertools,2
2015-04-01,23287,268,GitHub/rust-itertools/itertools,8
2015-04-01,23287,3137,GitHub/rust-itertools/itertools,5
2015-04-01,23287,3541,GitHub/rust-itertools/itertools,6
2015-04-01,23287,4043,GitHub/rust-itertools/itertools,8
2015-04-01,23287,4044,GitHub/rust-itertools/itertools,1
2015-04-01,24440,496,GitHub/ogham/rust-ansi-term,17
2015-04-01,25976,3544,GitHub/rust-lang/regex,1
2015-04-01,25976,2867,GitHub/rust-lang/regex,33
2015-04-01,25976,3043,GitHub/rust-lang/regex,28
2015-04-01,25976,3660,GitHub/rust-lang/regex,1
2015-04-01,25976,378,GitHub/rust-lang/regex,5
2015-04-01,25976,4544,GitHub/rust-lang/regex,1
2015-04-01,25976,2945,GitHub/rust-lang/regex,1
2015-04-01,25976,4543,GitHub/rust-lang/regex,1
2015-04-01,25976,4542,GitHub/rust-lang/regex,4
2015-04-01,25976,4541,GitHub/rust-lang/regex,1
2015-04-01,25976,2950,GitHub/rust-lang/regex,3
2015-04-01,25976,4540,GitHub/rust-lang/regex,1
2015-04-01,25976,4539,GitHub/rust-lang/regex,1
2015-04-01,25976,2033,GitHub/rust-lang/regex,1
2015-04-01,25976,3543,GitHub/rust-lang/regex,1
2015-04-01,25976,2036,GitHub/rust-lang/regex,1
2015-04-01,25976,4465,GitHub/rust-lang/regex,1
2015-04-01,25976,4464,GitHub/rust-lang/regex,1
2015-04-01,25976,1539,GitHub/rust-lang/regex,1
2015-04-01,25976,2947,GitHub/rust-lang/regex,1
2015-04-01,25976,4459,GitHub/rust-lang/regex,1
2015-04-01,28705,707,GitHub/dguo/strsim-rs,12
2015-04-01,36114,3413,GitHub/SimonSapin/rust-std-candidates,23
2015-04-01,39779,4935,GitHub/time-rs/time,1
2015-04-01,39779,4934,GitHub/time-rs/time,1
2015-04-01,39779,3173,GitHub/time-rs/time,1
2015-04-01,39779,2945,GitHub/time-rs/time,3
2015-04-01,39779,2867,GitHub/time-rs/time,56
2015-04-01,39779,3878,GitHub/time-rs/time,1
2015-04-01,39779,2526,GitHub/time-rs/time,1
2015-04-01,39779,4936,GitHub/time-rs/time,1
2015-04-01,39779,4937,GitHub/time-rs/time,1
2015-04-01,39779,4167,GitHub/time-rs/time,1
2015-04-01,39779,2033,GitHub/time-rs/time,1
2015-04-01,39779,1530,GitHub/time-rs/time,1
2015-04-01,39779,4530,GitHub/time-rs/time,1
2015-04-01,39779,4633,GitHub/time-rs/time,1
2015-04-01,39779,378,GitHub/time-rs/time,3
2015-04-01,39779,264,GitHub/time-rs/time,1
2015-04-01,39779,4672,GitHub/time-rs/time,1
2015-04-01,39779,4933,GitHub/time-rs/time,1
2015-04-01,39779,2947,GitHub/time-rs/time,2
2015-04-01,40937,3543,GitHub/dtolnay/semver,1
2015-04-01,40937,2867,GitHub/dtolnay/semver,22
2015-04-01,40937,3539,GitHub/dtolnay/semver,1
2015-04-01,40937,3538,GitHub/dtolnay/semver,1
2015-04-01,40937,2946,GitHub/dtolnay/semver,2
2015-04-01,40937,3542,GitHub/dtolnay/semver,1
2015-04-01,40937,3541,GitHub/dtolnay/semver,1
2015-04-01,40937,3540,GitHub/dtolnay/semver,1
2015-04-01,40937,245,GitHub/dtolnay/semver,1
2015-04-01,41752,3543,GitHub/servo/rust-url,1
2015-04-01,41752,2951,GitHub/servo/rust-url,1
2015-04-01,41752,4167,GitHub/servo/rust-url,2
2015-04-01,41752,1763,GitHub/servo/rust-url,3
2015-04-01,41752,4464,GitHub/servo/rust-url,1
2015-04-01,41752,4829,GitHub/servo/rust-url,1
2015-04-01,41752,3533,GitHub/servo/rust-url,1
2015-04-01,41752,3413,GitHub/servo/rust-url,42
2015-04-01,41752,2945,GitHub/servo/rust-url,1
2015-04-01,41752,4831,GitHub/servo/rust-url,2
2015-04-01,41752,2867,GitHub/servo/rust-url,5
2015-04-01,41752,3878,GitHub/servo/rust-url,1
2015-04-01,41752,2936,GitHub/servo/rust-url,2
2015-04-01,41752,2428,GitHub/servo/rust-url,1
2015-04-01,41752,4126,GitHub/servo/rust-url,1
2015-04-01,46027,2945,GitHub/alexcrichton/toml-rs,1
2015-04-01,46027,2946,GitHub/alexcrichton/toml-rs,1
2015-04-01,46027,2947,GitHub/alexcrichton/toml-rs,4
2015-04-01,46027,2867,GitHub/alexcrichton/toml-rs,48
2015-04-01,46178,4636,GitHub/rust-lang-nursery/lazy-static.rs,1
2015-04-01,46178,3660,GitHub/rust-lang-nursery/lazy-static.rs,1
2015-04-01,46178,4635,GitHub/rust-lang-nursery/lazy-static.rs,1
2015-04-01,46178,3472,GitHub/rust-lang-nursery/lazy-static.rs,13
2015-04-01,46178,4633,GitHub/rust-lang-nursery/lazy-static.rs,4
2015-04-01,46178,4634,GitHub/rust-lang-nursery/lazy-static.rs,1
2015-04-01,49075,2945,GitHub/rust-lang/pkg-config-rs,1
2015-04-01,49075,2946,GitHub/rust-lang/pkg-config-rs,1
2015-04-01,49075,4464,GitHub/rust-lang/pkg-config-rs,1
2015-04-01,49075,4515,GitHub/rust-lang/pkg-config-rs,1
2015-04-01,49075,2867,GitHub/rust-lang/pkg-config-rs,28
2015-05-01,602,3413,GitHub/unicode-rs/unicode-segmentation,1
2015-05-01,602,4538,GitHub/unicode-rs/unicode-segmentation,15
2015-05-01,3150,4129,GitHub/seanmonstar/num_cpus,1
2015-05-01,3150,4515,GitHub/seanmonstar/num_cpus,1
2015-05-01,3150,4740,GitHub/seanmonstar/num_cpus,2
2015-05-01,3150,3878,GitHub/seanmonstar/num_cpus,12
2015-05-01,3509,3413,GitHub/unicode-rs/unicode-width,1
2015-05-01,3509,4538,GitHub/unicode-rs/unicode-width,12
2015-05-01,3509,2867,GitHub/unicode-rs/unicode-width,3
2015-05-01,4484,3208,GitHub/BurntSushi/byteorder,6
2015-05-01,4484,2945,GitHub/BurntSushi/byteorder,1
2015-05-01,4484,3206,GitHub/BurntSushi/byteorder,1
2015-05-01,4484,3137,GitHub/BurntSushi/byteorder,1
2015-05-01,4484,402,GitHub/BurntSushi/byteorder,1
2015-05-01,4484,3043,GitHub/BurntSushi/byteorder,69
2015-05-01,4484,3209,GitHub/BurntSushi/byteorder,3
2015-05-01,4484,2959,GitHub/BurntSushi/byteorder,1
2015-05-01,4484,3210,GitHub/BurntSushi/byteorder,3
2015-05-01,4484,3211,GitHub/BurntSushi/byteorder,1
2015-05-01,4484,3207,GitHub/BurntSushi/byteorder,1
2015-05-01,4484,3205,GitHub/BurntSushi/byteorder,2
2015-05-01,7322,3413,GitHub/servo/rust-smallvec,12
2015-05-01,12228,3169,GitHub/seanmonstar/httparse,6
2015-05-01,12228,3878,GitHub/seanmonstar/httparse,22
2015-05-01,12228,2262,GitHub/seanmonstar/httparse,1
2015-05-01,12266,264,GitHub/bitflags/bitflags,1
2015-05-01,12266,2867,GitHub/bitflags/bitflags,9
2015-05-01,12266,3089,GitHub/bitflags/bitflags,1
2015-05-01,14306,4669,GitHub/rust-num/num-integer,3
2015-05-01,14306,3427,GitHub/rust-num/num-integer,2
2015-05-01,14306,3230,GitHub/rust-num/num-integer,2
2015-05-01,14306,3025,GitHub/rust-num/num-integer,1
2015-05-01,14306,3205,GitHub/rust-num/num-integer,2
2015-05-01,14306,4048,GitHub/rust-num/num-integer,6
2015-05-01,14306,4042,GitHub/rust-num/num-integer,2
2015-05-01,14306,4015,GitHub/rust-num/num-integer,1
2015-05-01,14306,3987,GitHub/rust-num/num-integer,2
2015-05-01,14306,4670,GitHub/rust-num/num-integer,1
2015-05-01,14306,4672,GitHub/rust-num/num-integer,2
2015-05-01,14306,4667,GitHub/rust-num/num-integer,1
2015-05-01,14306,2942,GitHub/rust-num/num-integer,1
2015-05-01,14306,378,GitHub/rust-num/num-integer,8
2015-05-01,14306,2867,GitHub/rust-num/num-integer,43
2015-05-01,14306,2988,GitHub/rust-num/num-integer,4
2015-05-01,14306,2192,GitHub/rust-num/num-integer,1
2015-05-01,14306,2193,GitHub/rust-num/num-integer,1
2015-05-01,14306,2195,GitHub/rust-num/num-integer,3
2015-05-01,14306,2197,GitHub/rust-num/num-integer,2
2015-05-01,14306,4131,GitHub/rust-num/num-integer,1
2015-05-01,16183,4126,GitHub/rust-lang/cc-rs,1
2015-05-01,16183,4125,GitHub/rust-lang/cc-rs,4
2015-05-01,16183,4124,GitHub/rust-lang/cc-rs,2
2015-05-01,16183,2867,GitHub/rust-lang/cc-rs,35
2015-05-01,16183,2947,GitHub/rust-lang/cc-rs,2
2015-05-01,16492,3170,GitHub/tokio-rs/bytes,1
2015-05-01,16492,2947,GitHub/tokio-rs/bytes,1
2015-05-01,16492,1763,GitHub/tokio-rs/bytes,1
2015-05-01,16492,4530,GitHub/tokio-rs/bytes,7
2015-05-01,16492,2948,GitHub/tokio-rs/bytes,1
2015-05-01,16492,3433,GitHub/tokio-rs/bytes,43
2015-05-01,19184,268,GitHub/bluss/scopeguard,1
2015-05-01,19468,3413,GitHub/servo/rust-fnv,6
2015-05-01,20949,3660,GitHub/Geal/nom,2
2015-05-01,20949,3656,GitHub/Geal/nom,2
2015-05-01,20949,3658,GitHub/Geal/nom,1
2015-05-01,20949,3659,GitHub/Geal/nom,1
2015-05-01,20949,932,GitHub/Geal/nom,1
2015-05-01,20949,3534,GitHub/Geal/nom,254
2015-05-01,20949,3655,GitHub/Geal/nom,2
2015-05-01,20949,3657,GitHub/Geal/nom,2
2015-05-01,22724,2950,GitHub/rust-lang/log,2
2015-05-01,22724,2936,GitHub/rust-lang/log,2
2015-05-01,22724,2947,GitHub/rust-lang/log,1
2015-05-01,22724,2867,GitHub/rust-lang/log,34
2015-05-01,22724,2945,GitHub/rust-lang/log,14
2015-05-01,22724,4461,GitHub/rust-lang/log,1
2015-05-01,22724,4462,GitHub/rust-lang/log,1
2015-05-01,22724,2979,GitHub/rust-lang/log,1
2015-05-01,22724,4463,GitHub/rust-lang/log,2
2015-05-01,22724,4464,GitHub/rust-lang/log,1
2015-05-01,22724,1935,GitHub/rust-lang/log,1
2015-05-01,22724,3071,GitHub/rust-lang/log,1
2015-05-01,22724,4465,GitHub/rust-lang/log,1
2015-05-01,22724,378,GitHub/rust-lang/log,10
2015-05-01,23287,95,GitHub/rust-itertools/itertools,2
2015-05-01,23287,268,GitHub/rust-itertools/itertools,9
2015-05-01,23287,1415,GitHub/rust-itertools/itertools,1
2015-05-01,23287,2942,GitHub/rust-itertools/itertools,2
2015-05-01,23287,3137,GitHub/rust-itertools/itertools,5
2015-05-01,23287,3541,GitHub/rust-itertools/itertools,6
2015-05-01,23287,4043,GitHub/rust-itertools/itertools,8
2015-05-01,23287,4044,GitHub/rust-itertools/itertools,1
2015-05-01,24440,496,GitHub/ogham/rust-ansi-term,19
2015-05-01,24440,3083,GitHub/ogham/rust-ansi-term,1
2015-05-01,25976,2036,GitHub/rust-lang/regex,1
2015-05-01,25976,3413,GitHub/rust-lang/regex,3
2015-05-01,25976,2033,GitHub/rust-lang/regex,1
2015-05-01,25976,2867,GitHub/rust-lang/regex,40
2015-05-01,25976,4537,GitHub/rust-lang/regex,2
2015-05-01,25976,2945,GitHub/rust-lang/regex,1
2015-05-01,25976,1539,GitHub/rust-lang/regex,1
2015-05-01,25976,4465,GitHub/rust-lang/regex,1
2015-05-01,25976,3660,GitHub/rust-lang/regex,1
2015-05-01,25976,2025,GitHub/rust-lang/regex,3
2015-05-01,25976,4464,GitHub/rust-lang/regex,1
2015-05-01,25976,3043,GitHub/rust-lang/regex,37
2015-05-01,25976,4459,GitHub/rust-lang/regex,1
2015-05-01,25976,378,GitHub/rust-lang/regex,5
2015-05-01,25976,4546,GitHub/rust-lang/regex,1
2015-05-01,25976,4544,GitHub/rust-lang/regex,1
2015-05-01,25976,2947,GitHub/rust-lang/regex,1
2015-05-01,25976,4543,GitHub/rust-lang/regex,1
2015-05-01,25976,4542,GitHub/rust-lang/regex,4
2015-05-01,25976,4541,GitHub/rust-lang/regex,1
2015-05-01,25976,4540,GitHub/rust-lang/regex,1
2015-05-01,25976,4539,GitHub/rust-lang/regex,1
2015-05-01,25976,2950,GitHub/rust-lang/regex,3
2015-05-01,25976,3543,GitHub/rust-lang/regex,1
2015-05-01,25976,4538,GitHub/rust-lang/regex,1
2015-05-01,25976,3544,GitHub/rust-lang/regex,1
2015-05-01,28705,707,GitHub/dguo/strsim-rs,17
2015-05-01,28877,4538,GitHub/unicode-rs/unicode-xid,1
2015-05-01,28877,2942,GitHub/unicode-rs/unicode-xid,1
2015-05-01,35574,2867,GitHub/unicode-rs/unicode-normalization,1
2015-05-01,35574,3413,GitHub/unicode-rs/unicode-normalization,7
2015-05-01,35574,4538,GitHub/unicode-rs/unicode-normalization,15
2015-05-01,36114,2873,GitHub/SimonSapin/rust-std-candidates,1
2015-05-01,36114,3413,GitHub/SimonSapin/rust-std-candidates,27
2015-05-01,39779,4167,GitHub/time-rs/time,1
2015-05-01,39779,2947,GitHub/time-rs/time,2
2015-05-01,39779,2945,GitHub/time-rs/time,3
2015-05-01,39779,4935,GitHub/time-rs/time,1
2015-05-01,39779,3878,GitHub/time-rs/time,1
2015-05-01,39779,2867,GitHub/time-rs/time,67
2015-05-01,39779,4936,GitHub/time-rs/time,1
2015-05-01,39779,4937,GitHub/time-rs/time,1
2015-05-01,39779,2526,GitHub/time-rs/time,1
2015-05-01,39779,2521,GitHub/time-rs/time,9
2015-05-01,39779,2033,GitHub/time-rs/time,1
2015-05-01,39779,1530,GitHub/time-rs/time,1
2015-05-01,39779,4530,GitHub/time-rs/time,1
2015-05-01,39779,4633,GitHub/time-rs/time,1
2015-05-01,39779,378,GitHub/time-rs/time,3
2015-05-01,39779,264,GitHub/time-rs/time,1
2015-05-01,39779,4672,GitHub/time-rs/time,1
2015-05-01,39779,4931,GitHub/time-rs/time,1
2015-05-01,39779,4932,GitHub/time-rs/time,7
2015-05-01,39779,4933,GitHub/time-rs/time,1
2015-05-01,39779,4934,GitHub/time-rs/time,1
2015-05-01,39779,3173,GitHub/time-rs/time,1
2015-05-01,40937,3543,GitHub/dtolnay/semver,1
2015-05-01,40937,3542,GitHub/dtolnay/semver,1
2015-05-01,40937,3541,GitHub/dtolnay/semver,1
2015-05-01,40937,3540,GitHub/dtolnay/semver,1
2015-05-01,40937,3539,GitHub/dtolnay/semver,1
2015-05-01,40937,3538,GitHub/dtolnay/semver,1
2015-05-01,40937,2867,GitHub/dtolnay/semver,25
2015-05-01,40937,245,GitHub/dtolnay/semver,1
2015-05-01,40937,2946,GitHub/dtolnay/semver,2
2015-05-01,40937,2945,GitHub/dtolnay/semver,2
2015-05-01,41752,4126,GitHub/servo/rust-url,1
2015-05-01,41752,2936,GitHub/servo/rust-url,5
2015-05-01,41752,1763,GitHub/servo/rust-url,3
2015-05-01,41752,2945,GitHub/servo/rust-url,1
2015-05-01,41752,4828,GitHub/servo/rust-url,1
2015-05-01,41752,3543,GitHub/servo/rust-url,1
2015-05-01,41752,3533,GitHub/servo/rust-url,1
2015-05-01,41752,4829,GitHub/servo/rust-url,1
2015-05-01,41752,4831,GitHub/servo/rust-url,2
2015-05-01,41752,4464,GitHub/servo/rust-url,1
2015-05-01,41752,2428,GitHub/servo/rust-url,2
2015-05-01,41752,2951,GitHub/servo/rust-url,1
2015-05-01,41752,4167,GitHub/servo/rust-url,2
2015-05-01,41752,2867,GitHub/servo/rust-url,6
2015-05-01,41752,3413,GitHub/servo/rust-url,56
2015-05-01,41752,3878,GitHub/servo/rust-url,1
2015-05-01,46027,2947,GitHub/alexcrichton/toml-rs,4
2015-05-01,46027,2945,GitHub/alexcrichton/toml-rs,1
2015-05-01,46027,2946,GitHub/alexcrichton/toml-rs,1
2015-05-01,46027,95,GitHub/alexcrichton/toml-rs,2
2015-05-01,46027,2867,GitHub/alexcrichton/toml-rs,56
2015-05-01,46178,4636,GitHub/rust-lang-nursery/lazy-static.rs,1
2015-05-01,46178,4632,GitHub/rust-lang-nursery/lazy-static.rs,2
2015-05-01,46178,3660,GitHub/rust-lang-nursery/lazy-static.rs,1
2015-05-01,46178,4633,GitHub/rust-lang-nursery/lazy-static.rs,4
2015-05-01,46178,4634,GitHub/rust-lang-nursery/lazy-static.rs,1
2015-05-01,46178,4635,GitHub/rust-lang-nursery/lazy-static.rs,1
2015-05-01,46178,3472,GitHub/rust-lang-nursery/lazy-static.rs,17
2015-05-01,49075,4464,GitHub/rust-lang/pkg-config-rs,1
2015-05-01,49075,2945,GitHub/rust-lang/pkg-config-rs,1
2015-05-01,49075,4515,GitHub/rust-lang/pkg-config-rs,1
2015-05-01,49075,2946,GitHub/rust-lang/pkg-config-rs,1
2015-05-01,49075,2867,GitHub/rust-lang/pkg-config-rs,31
2015-06-01,602,3413,GitHub/unicode-rs/unicode-segmentation,1
2015-06-01,602,4538,GitHub/unicode-rs/unicode-segmentation,15
2015-06-01,3150,3078,GitHub/seanmonstar/num_cpus,1
2015-06-01,3150,3878,GitHub/seanmonstar/num_cpus,18
2015-06-01,3150,4129,GitHub/seanmonstar/num_cpus,1
2015-06-01,3150,4515,GitHub/seanmonstar/num_cpus,1
2015-06-01,3150,4740,GitHub/seanmonstar/num_cpus,2
2015-06-01,3150,4739,GitHub/seanmonstar/num_cpus,1
2015-06-01,3150,1530,GitHub/seanmonstar/num_cpus,1
2015-06-01,3509,2867,GitHub/unicode-rs/unicode-width,3
2015-06-01,3509,4538,GitHub/unicode-rs/unicode-width,12
2015-06-01,3509,3413,GitHub/unicode-rs/unicode-width,1
2015-06-01,4484,3137,GitHub/BurntSushi/byteorder,1
2015-06-01,4484,2945,GitHub/BurntSushi/byteorder,1
2015-06-01,4484,402,GitHub/BurntSushi/byteorder,1
2015-06-01,4484,2959,GitHub/BurntSushi/byteorder,1
2015-06-01,4484,3211,GitHub/BurntSushi/byteorder,1
2015-06-01,4484,3210,GitHub/BurntSushi/byteorder,3
2015-06-01,4484,3209,GitHub/BurntSushi/byteorder,3
2015-06-01,4484,3208,GitHub/BurntSushi/byteorder,6
2015-06-01,4484,3207,GitHub/BurntSushi/byteorder,1
2015-06-01,4484,3043,GitHub/BurntSushi/byteorder,75
2015-06-01,4484,3206,GitHub/BurntSushi/byteorder,1
2015-06-01,4484,3205,GitHub/BurntSushi/byteorder,2
2015-06-01,4484,3204,GitHub/BurntSushi/byteorder,1
2015-06-01,7322,3413,GitHub/servo/rust-smallvec,13
2015-06-01,12228,3878,GitHub/seanmonstar/httparse,26
2015-06-01,12228,3169,GitHub/seanmonstar/httparse,6
2015-06-01,12228,2262,GitHub/seanmonstar/httparse,1
2015-06-01,12266,3085,GitHub/bitflags/bitflags,1
2015-06-01,12266,3089,GitHub/bitflags/bitflags,1
2015-06-01,12266,264,GitHub/bitflags/bitflags,1
2015-06-01,12266,2867,GitHub/bitflags/bitflags,11
2015-06-01,14306,2195,GitHub/rust-num/num-integer,3
2015-06-01,14306,2197,GitHub/rust-num/num-integer,2
2015-06-01,14306,4042,GitHub/rust-num/num-integer,2
2015-06-01,14306,378,GitHub/rust-num/num-integer,8
2015-06-01,14306,3230,GitHub/rust-num/num-integer,2
2015-06-01,14306,4668,GitHub/rust-num/num-integer,1
2015-06-01,14306,3136,GitHub/rust-num/num-integer,2
2015-06-01,14306,3205,GitHub/rust-num/num-integer,2
2015-06-01,14306,4672,GitHub/rust-num/num-integer,2
2015-06-01,14306,2867,GitHub/rust-num/num-integer,55
2015-06-01,14306,4131,GitHub/rust-num/num-integer,1
2015-06-01,14306,4666,GitHub/rust-num/num-integer,1
2015-06-01,14306,4670,GitHub/rust-num/num-integer,1
2015-06-01,14306,3025,GitHub/rust-num/num-integer,1
2015-06-01,14306,3427,GitHub/rust-num/num-integer,2
2015-06-01,14306,4669,GitHub/rust-num/num-integer,3
2015-06-01,14306,4667,GitHub/rust-num/num-integer,2
2015-06-01,14306,2192,GitHub/rust-num/num-integer,1
2015-06-01,14306,2193,GitHub/rust-num/num-integer,1
2015-06-01,14306,2988,GitHub/rust-num/num-integer,4
2015-06-01,14306,2942,GitHub/rust-num/num-integer,1
2015-06-01,14306,4048,GitHub/rust-num/num-integer,6
2015-06-01,14306,3987,GitHub/rust-num/num-integer,2
2015-06-01,14306,4015,GitHub/rust-num/num-integer,1
2015-06-01,16183,4124,GitHub/rust-lang/cc-rs,2
2015-06-01,16183,4126,GitHub/rust-lang/cc-rs,1
2015-06-01,16183,2947,GitHub/rust-lang/cc-rs,2
2015-06-01,16183,2867,GitHub/rust-lang/cc-rs,37
2015-06-01,16183,4125,GitHub/rust-lang/cc-rs,4
2015-06-01,16183,3424,GitHub/rust-lang/cc-rs,1
2015-06-01,16492,2947,GitHub/tokio-rs/bytes,1
2015-06-01,16492,3433,GitHub/tokio-rs/bytes,47
2015-06-01,16492,1763,GitHub/tokio-rs/bytes,1
2015-06-01,16492,4530,GitHub/tokio-rs/bytes,9
2015-06-01,16492,2948,GitHub/tokio-rs/bytes,1
2015-06-01,16492,3170,GitHub/tokio-rs/bytes,1
2015-06-01,18006,3427,GitHub/crossbeam-rs/crossbeam,4
2015-06-01,19184,268,GitHub/bluss/scopeguard,1
2015-06-01,19468,3413,GitHub/servo/rust-fnv,7
2015-06-01,20949,3658,GitHub/Geal/nom,1
2015-06-01,20949,3651,GitHub/Geal/nom,2
2015-06-01,20949,3652,GitHub/Geal/nom,2
2015-06-01,20949,3534,GitHub/Geal/nom,280
2015-06-01,20949,932,GitHub/Geal/nom,1
2015-06-01,20949,3654,GitHub/Geal/nom,1
2015-06-01,20949,3657,GitHub/Geal/nom,2
2015-06-01,20949,3656,GitHub/Geal/nom,2
2015-06-01,20949,3655,GitHub/Geal/nom,3
2015-06-01,20949,3660,GitHub/Geal/nom,2
2015-06-01,20949,3659,GitHub/Geal/nom,1
2015-06-01,21282,268,GitHub/bluss/arrayvec,1
2015-06-01,22724,4464,GitHub/rust-lang/log,1
2015-06-01,22724,2945,GitHub/rust-lang/log,19
2015-06-01,22724,378,GitHub/rust-lang/log,10
2015-06-01,22724,2950,GitHub/rust-lang/log,2
2015-06-01,22724,2979,GitHub/rust-lang/log,1
2015-06-01,22724,2936,GitHub/rust-lang/log,2
2015-06-01,22724,2867,GitHub/rust-lang/log,39
2015-06-01,22724,4461,GitHub/rust-lang/log,1
2015-06-01,22724,3071,GitHub/rust-lang/log,1
2015-06-01,22724,4462,GitHub/rust-lang/log,1
2015-06-01,22724,4463,GitHub/rust-lang/log,2
2015-06-01,22724,2947,GitHub/rust-lang/log,1
2015-06-01,22724,4465,GitHub/rust-lang/log,1
2015-06-01,22724,1935,GitHub/rust-lang/log,1
2015-06-01,23287,4044,GitHub/rust-itertools/itertools,1
2015-06-01,23287,1414,GitHub/rust-itertools/itertools,1
2015-06-01,23287,1413,GitHub/rust-itertools/itertools,2
2015-06-01,23287,3137,GitHub/rust-itertools/itertools,5
2015-06-01,23287,95,GitHub/rust-itertools/itertools,2
2015-06-01,23287,4043,GitHub/rust-itertools/itertools,9
2015-06-01,23287,1415,GitHub/rust-itertools/itertools,1
2015-06-01,23287,268,GitHub/rust-itertools/itertools,11
2015-06-01,23287,3541,GitHub/rust-itertools/itertools,6
2015-06-01,23287,2942,GitHub/rust-itertools/itertools,2
2015-06-01,24440,496,GitHub/ogham/rust-ansi-term,29
2015-06-01,24440,3083,GitHub/ogham/rust-ansi-term,1
2015-06-01,24440,3692,GitHub/ogham/rust-ansi-term,5
2015-06-01,25976,4546,GitHub/rust-lang/regex,1
2015-06-01,25976,378,GitHub/rust-lang/regex,5
2015-06-01,25976,1539,GitHub/rust-lang/regex,1
2015-06-01,25976,2025,GitHub/rust-lang/regex,3
2015-06-01,25976,2033,GitHub/rust-lang/regex,1
2015-06-01,25976,2036,GitHub/rust-lang/regex,1
2015-06-01,25976,2867,GitHub/rust-lang/regex,43
2015-06-01,25976,2945,GitHub/rust-lang/regex,1
2015-06-01,25976,2947,GitHub/rust-lang/regex,1
2015-06-01,25976,2950,GitHub/rust-lang/regex,4
2015-06-01,25976,3043,GitHub/rust-lang/regex,49
2015-06-01,25976,3413,GitHub/rust-lang/regex,3
2015-06-01,25976,3423,GitHub/rust-lang/regex,3
2015-06-01,25976,3543,GitHub/rust-lang/regex,1
2015-06-01,25976,3544,GitHub/rust-lang/regex,1
2015-06-01,25976,3660,GitHub/rust-lang/regex,1
2015-06-01,25976,4459,GitHub/rust-lang/regex,1
2015-06-01,25976,4464,GitHub/rust-lang/regex,1
2015-06-01,25976,4465,GitHub/rust-lang/regex,1
2015-06-01,25976,4537,GitHub/rust-lang/regex,2
2015-06-01,25976,4538,GitHub/rust-lang/regex,1
2015-06-01,25976,4539,GitHub/rust-lang/regex,1
2015-06-01,25976,4540,GitHub/rust-lang/regex,1
2015-06-01,25976,4541,GitHub/rust-lang/regex,1
2015-06-01,25976,4542,GitHub/rust-lang/regex,4
2015-06-01,25976,4543,GitHub/rust-lang/regex,1
2015-06-01,25976,4544,GitHub/rust-lang/regex,1
2015-06-01,28705,707,GitHub/dguo/strsim-rs,17
2015-06-01,28877,4538,GitHub/unicode-rs/unicode-xid,1
2015-06-01,28877,2942,GitHub/unicode-rs/unicode-xid,1
2015-06-01,35574,4538,GitHub/unicode-rs/unicode-normalization,15
2015-06-01,35574,2867,GitHub/unicode-rs/unicode-normalization,1
2015-06-01,35574,3413,GitHub/unicode-rs/unicode-normalization,7
2015-06-01,36114,3413,GitHub/SimonSapin/rust-std-candidates,30
2015-06-01,36114,2873,GitHub/SimonSapin/rust-std-candidates,1
2015-06-01,39779,378,GitHub/time-rs/time,3
2015-06-01,39779,2950,GitHub/time-rs/time,1
2015-06-01,39779,3173,GitHub/time-rs/time,1
2015-06-01,39779,3878,GitHub/time-rs/time,1
2015-06-01,39779,1530,GitHub/time-rs/time,1
2015-06-01,39779,4633,GitHub/time-rs/time,1
2015-06-01,39779,4937,GitHub/time-rs/time,1
2015-06-01,39779,2521,GitHub/time-rs/time,9
2015-06-01,39779,4936,GitHub/time-rs/time,1
2015-06-01,39779,2945,GitHub/time-rs/time,3
2015-06-01,39779,4935,GitHub/time-rs/time,1
2015-06-01,39779,4672,GitHub/time-rs/time,1
2015-06-01,39779,4934,GitHub/time-rs/time,1
2015-06-01,39779,4933,GitHub/time-rs/time,1
2015-06-01,39779,4530,GitHub/time-rs/time,1
2015-06-01,39779,4932,GitHub/time-rs/time,7
2015-06-01,39779,4167,GitHub/time-rs/time,1
2015-06-01,39779,2526,GitHub/time-rs/time,1
2015-06-01,39779,4931,GitHub/time-rs/time,1
2015-06-01,39779,2033,GitHub/time-rs/time,1
2015-06-01,39779,2867,GitHub/time-rs/time,74
2015-06-01,39779,264,GitHub/time-rs/time,1
2015-06-01,39779,2947,GitHub/time-rs/time,2
2015-06-01,40937,2946,GitHub/dtolnay/semver,2
2015-06-01,40937,245,GitHub/dtolnay/semver,1
2015-06-01,40937,2945,GitHub/dtolnay/semver,2
2015-06-01,40937,2867,GitHub/dtolnay/semver,26
2015-06-01,40937,3538,GitHub/dtolnay/semver,1
2015-06-01,40937,3539,GitHub/dtolnay/semver,1
2015-06-01,40937,3540,GitHub/dtolnay/semver,1
2015-06-01,40937,3541,GitHub/dtolnay/semver,1
2015-06-01,40937,3542,GitHub/dtolnay/semver,1
2015-06-01,40937,3543,GitHub/dtolnay/semver,1
2015-06-01,41752,4831,GitHub/servo/rust-url,2
2015-06-01,41752,4828,GitHub/servo/rust-url,1
2015-06-01,41752,2428,GitHub/servo/rust-url,2
2015-06-01,41752,4827,GitHub/servo/rust-url,1
2015-06-01,41752,4167,GitHub/servo/rust-url,2
2015-06-01,41752,2867,GitHub/servo/rust-url,6
2015-06-01,41752,4126,GitHub/servo/rust-url,1
2015-06-01,41752,2936,GitHub/servo/rust-url,6
2015-06-01,41752,2945,GitHub/servo/rust-url,1
2015-06-01,41752,4546,GitHub/servo/rust-url,1
2015-06-01,41752,4581,GitHub/servo/rust-url,5
2015-06-01,41752,1763,GitHub/servo/rust-url,3
2015-06-01,41752,1252,GitHub/servo/rust-url,1
2015-06-01,41752,3878,GitHub/servo/rust-url,1
2015-06-01,41752,3173,GitHub/servo/rust-url,2
2015-06-01,41752,2951,GitHub/servo/rust-url,1
2015-06-01,41752,3413,GitHub/servo/rust-url,68
2015-06-01,41752,3533,GitHub/servo/rust-url,1
2015-06-01,41752,3543,GitHub/servo/rust-url,1
2015-06-01,41752,4829,GitHub/servo/rust-url,1
2015-06-01,41752,4464,GitHub/servo/rust-url,1
2015-06-01,46027,2947,GitHub/alexcrichton/toml-rs,4
2015-06-01,46027,2867,GitHub/alexcrichton/toml-rs,58
2015-06-01,46027,2946,GitHub/alexcrichton/toml-rs,1
2015-06-01,46027,2945,GitHub/alexcrichton/toml-rs,1
2015-06-01,46027,95,GitHub/alexcrichton/toml-rs,2
2015-06-01,46178,4635,GitHub/rust-lang-nursery/lazy-static.rs,1
2015-06-01,46178,4636,GitHub/rust-lang-nursery/lazy-static.rs,1
2015-06-01,46178,3660,GitHub/rust-lang-nursery/lazy-static.rs,1
2015-06-01,46178,3081,GitHub/rust-lang-nursery/lazy-static.rs,1
2015-06-01,46178,4632,GitHub/rust-lang-nursery/lazy-static.rs,2
2015-06-01,46178,4633,GitHub/rust-lang-nursery/lazy-static.rs,4
2015-06-01,46178,3472,GitHub/rust-lang-nursery/lazy-static.rs,19
2015-06-01,46178,4634,GitHub/rust-lang-nursery/lazy-static.rs,1
2015-06-01,49075,2945,GitHub/rust-lang/pkg-config-rs,1
2015-06-01,49075,4515,GitHub/rust-lang/pkg-config-rs,1
2015-06-01,49075,2867,GitHub/rust-lang/pkg-config-rs,37
2015-06-01,49075,4464,GitHub/rust-lang/pkg-config-rs,1
2015-06-01,49075,1999,GitHub/rust-lang/pkg-config-rs,1
2015-06-01,49075,4514,GitHub/rust-lang/pkg-config-rs,1
2015-06-01,49075,2946,GitHub/rust-lang/pkg-config-rs,1
2015-07-01,602,4538,GitHub/unicode-rs/unicode-segmentation,15
2015-07-01,602,3413,GitHub/unicode-rs/unicode-segmentation,1
2015-07-01,3150,4515,GitHub/seanmonstar/num_cpus,1
2015-07-01,3150,3878,GitHub/seanmonstar/num_cpus,18
2015-07-01,3150,3078,GitHub/seanmonstar/num_cpus,1
2015-07-01,3150,4739,GitHub/seanmonstar/num_cpus,1
2015-07-01,3150,4740,GitHub/seanmonstar/num_cpus,2
2015-07-01,3150,4129,GitHub/seanmonstar/num_cpus,1
2015-07-01,3150,1530,GitHub/seanmonstar/num_cpus,1
2015-07-01,3509,2867,GitHub/unicode-rs/unicode-width,3
2015-07-01,3509,3413,GitHub/unicode-rs/unicode-width,1
2015-07-01,3509,4538,GitHub/unicode-rs/unicode-width,12
2015-07-01,4484,3207,GitHub/BurntSushi/byteorder,1
2015-07-01,4484,402,GitHub/BurntSushi/byteorder,1
2015-07-01,4484,3137,GitHub/BurntSushi/byteorder,1
2015-07-01,4484,3205,GitHub/BurntSushi/byteorder,2
2015-07-01,4484,3043,GitHub/BurntSushi/byteorder,75
2015-07-01,4484,3204,GitHub/BurntSushi/byteorder,1
2015-07-01,4484,3210,GitHub/BurntSushi/byteorder,3
2015-07-01,4484,2959,GitHub/BurntSushi/byteorder,1
2015-07-01,4484,3206,GitHub/BurntSushi/byteorder,1
2015-07-01,4484,3209,GitHub/BurntSushi/byteorder,3
2015-07-01,4484,3211,GitHub/BurntSushi/byteorder,1
2015-07-01,4484,3208,GitHub/BurntSushi/byteorder,6
2015-07-01,4484,2945,GitHub/BurntSushi/byteorder,1
2015-07-01,7322,3078,GitHub/servo/rust-smallvec,1
2015-07-01,7322,3436,GitHub/servo/rust-smallvec,1
2015-07-01,7322,3173,GitHub/servo/rust-smallvec,2
2015-07-01,7322,2936,GitHub/servo/rust-smallvec,1
2015-07-01,7322,3413,GitHub/servo/rust-smallvec,21
2015-07-01,7415,3043,GitHub/BurntSushi/aho-corasick,20
2015-07-01,12228,3878,GitHub/seanmonstar/httparse,43
2015-07-01,12228,2262,GitHub/seanmonstar/httparse,1
2015-07-01,12228,3169,GitHub/seanmonstar/httparse,6
2015-07-01,12266,3088,GitHub/bitflags/bitflags,1
2015-07-01,12266,3087,GitHub/bitflags/bitflags,1
2015-07-01,12266,3089,GitHub/bitflags/bitflags,1
2015-07-01,12266,2867,GitHub/bitflags/bitflags,21
2015-07-01,12266,264,GitHub/bitflags/bitflags,1
2015-07-01,12266,3085,GitHub/bitflags/bitflags,1
2015-07-01,12266,3086,GitHub/bitflags/bitflags,2
2015-07-01,12842,3433,GitHub/tokio-rs/slab,3
2015-07-01,14306,4048,GitHub/rust-num/num-integer,6
2015-07-01,14306,3025,GitHub/rust-num/num-integer,1
2015-07-01,14306,4042,GitHub/rust-num/num-integer,2
2015-07-01,14306,4131,GitHub/rust-num/num-integer,1
2015-07-01,14306,2193,GitHub/rust-num/num-integer,1
2015-07-01,14306,2988,GitHub/rust-num/num-integer,4
2015-07-01,14306,2867,GitHub/rust-num/num-integer,57
2015-07-01,14306,4668,GitHub/rust-num/num-integer,1
2015-07-01,14306,3136,GitHub/rust-num/num-integer,2
2015-07-01,14306,4672,GitHub/rust-num/num-integer,2
2015-07-01,14306,4670,GitHub/rust-num/num-integer,1
2015-07-01,14306,4669,GitHub/rust-num/num-integer,3
2015-07-01,14306,3427,GitHub/rust-num/num-integer,2
2015-07-01,14306,2942,GitHub/rust-num/num-integer,1
2015-07-01,14306,378,GitHub/rust-num/num-integer,8
2015-07-01,14306,2192,GitHub/rust-num/num-integer,1
2015-07-01,14306,4015,GitHub/rust-num/num-integer,1
2015-07-01,14306,2197,GitHub/rust-num/num-integer,2
2015-07-01,14306,2195,GitHub/rust-num/num-integer,3
2015-07-01,14306,4667,GitHub/rust-num/num-integer,2
2015-07-01,14306,3205,GitHub/rust-num/num-integer,2
2015-07-01,14306,3230,GitHub/rust-num/num-integer,2
2015-07-01,14306,4666,GitHub/rust-num/num-integer,1
2015-07-01,14306,3987,GitHub/rust-num/num-integer,2
2015-07-01,16183,4125,GitHub/rust-lang/cc-rs,4
2015-07-01,16183,4124,GitHub/rust-lang/cc-rs,2
2015-07-01,16183,4126,GitHub/rust-lang/cc-rs,1
2015-07-01,16183,2867,GitHub/rust-lang/cc-rs,46
2015-07-01,16183,2947,GitHub/rust-lang/cc-rs,2
2015-07-01,16183,3424,GitHub/rust-lang/cc-rs,3
2015-07-01,16492,2948,GitHub/tokio-rs/bytes,1
2015-07-01,16492,3433,GitHub/tokio-rs/bytes,47
2015-07-01,16492,2947,GitHub/tokio-rs/bytes,1
2015-07-01,16492,4965,GitHub/tokio-rs/bytes,1
2015-07-01,16492,4530,GitHub/tokio-rs/bytes,9
2015-07-01,16492,3170,GitHub/tokio-rs/bytes,1
2015-07-01,16492,1763,GitHub/tokio-rs/bytes,1
2015-07-01,18006,3427,GitHub/crossbeam-rs/crossbeam,4
2015-07-01,19184,268,GitHub/bluss/scopeguard,1
2015-07-01,19468,3413,GitHub/servo/rust-fnv,8
2015-07-01,19468,2936,GitHub/servo/rust-fnv,1
2015-07-01,20949,3085,GitHub/Geal/nom,1
2015-07-01,20949,3534,GitHub/Geal/nom,309
2015-07-01,20949,3656,GitHub/Geal/nom,2
2015-07-01,20949,3657,GitHub/Geal/nom,2
2015-07-01,20949,3659,GitHub/Geal/nom,1
2015-07-01,20949,3655,GitHub/Geal/nom,3
2015-07-01,20949,3652,GitHub/Geal/nom,2
2015-07-01,20949,3658,GitHub/Geal/nom,1
2015-07-01,20949,932,GitHub/Geal/nom,1
2015-07-01,20949,3660,GitHub/Geal/nom,2
2015-07-01,20949,3174,GitHub/Geal/nom,2
2015-07-01,20949,3651,GitHub/Geal/nom,4
2015-07-01,20949,3654,GitHub/Geal/nom,1
2015-07-01,21282,268,GitHub/bluss/arrayvec,1
2015-07-01,22724,2945,GitHub/rust-lang/log,21
2015-07-01,22724,4463,GitHub/rust-lang/log,2
2015-07-01,22724,1935,GitHub/rust-lang/log,1
2015-07-01,22724,3071,GitHub/rust-lang/log,1
2015-07-01,22724,2979,GitHub/rust-lang/log,1
2015-07-01,22724,378,GitHub/rust-lang/log,11
2015-07-01,22724,2936,GitHub/rust-lang/log,2
2015-07-01,22724,2950,GitHub/rust-lang/log,2
2015-07-01,22724,4465,GitHub/rust-lang/log,1
2015-07-01,22724,4464,GitHub/rust-lang/log,1
2015-07-01,22724,4461,GitHub/rust-lang/log,1
2015-07-01,22724,4460,GitHub/rust-lang/log,1
2015-07-01,22724,2947,GitHub/rust-lang/log,1
2015-07-01,22724,4462,GitHub/rust-lang/log,1
2015-07-01,22724,2867,GitHub/rust-lang/log,40
2015-07-01,23287,1414,GitHub/rust-itertools/itertools,1
2015-07-01,23287,1415,GitHub/rust-itertools/itertools,1
2015-07-01,23287,4044,GitHub/rust-itertools/itertools,1
2015-07-01,23287,3137,GitHub/rust-itertools/itertools,5
2015-07-01,23287,2942,GitHub/rust-itertools/itertools,2
2015-07-01,23287,95,GitHub/rust-itertools/itertools,2
2015-07-01,23287,268,GitHub/rust-itertools/itertools,18
2015-07-01,23287,3541,GitHub/rust-itertools/itertools,6
2015-07-01,23287,4043,GitHub/rust-itertools/itertools,9
2015-07-01,23287,3791,GitHub/rust-itertools/itertools,2
2015-07-01,23287,3147,GitHub/rust-itertools/itertools,1
2015-07-01,23287,1413,GitHub/rust-itertools/itertools,2
2015-07-01,23287,3714,GitHub/rust-itertools/itertools,1
2015-07-01,24440,3692,GitHub/ogham/rust-ansi-term,5
2015-07-01,24440,3083,GitHub/ogham/rust-ansi-term,1
2015-07-01,24440,3997,GitHub/ogham/rust-ansi-term,1
2015-07-01,24440,496,GitHub/ogham/rust-ansi-term,32
2015-07-01,25976,3544,GitHub/rust-lang/regex,1
2015-07-01,25976,4542,GitHub/rust-lang/regex,4
2015-07-01,25976,2945,GitHub/rust-lang/regex,1
2015-07-01,25976,2036,GitHub/rust-lang/regex,1
2015-07-01,25976,4465,GitHub/rust-lang/regex,1
2015-07-01,25976,4546,GitHub/rust-lang/regex,1
2015-07-01,25976,4541,GitHub/rust-lang/regex,1
2015-07-01,25976,4538,GitHub/rust-lang/regex,1
2015-07-01,25976,2950,GitHub/rust-lang/regex,4
2015-07-01,25976,4543,GitHub/rust-lang/regex,1
2015-07-01,25976,3071,GitHub/rust-lang/regex,1
2015-07-01,25976,4544,GitHub/rust-lang/regex,1
2015-07-01,25976,3543,GitHub/rust-lang/regex,1
2015-07-01,25976,378,GitHub/rust-lang/regex,5
2015-07-01,25976,3423,GitHub/rust-lang/regex,3
2015-07-01,25976,2993,GitHub/rust-lang/regex,1
2015-07-01,25976,4539,GitHub/rust-lang/regex,1
2015-07-01,25976,3413,GitHub/rust-lang/regex,3
2015-07-01,25976,1539,GitHub/rust-lang/regex,1
2015-07-01,25976,2947,GitHub/rust-lang/regex,1
2015-07-01,25976,2867,GitHub/rust-lang/regex,46
2015-07-01,25976,4540,GitHub/rust-lang/regex,1
2015-07-01,25976,4459,GitHub/rust-lang/regex,1
2015-07-01,25976,4537,GitHub/rust-lang/regex,2
2015-07-01,25976,2025,GitHub/rust-lang/regex,3
2015-07-01,25976,3043,GitHub/rust-lang/regex,70
2015-07-01,25976,4464,GitHub/rust-lang/regex,1
2015-07-01,25976,3660,GitHub/rust-lang/regex,1
2015-07-01,25976,2033,GitHub/rust-lang/regex,1
2015-07-01,28705,3467,GitHub/dguo/strsim-rs,1
2015-07-01,28705,707,GitHub/dguo/strsim-rs,21
2015-07-01,28877,2942,GitHub/unicode-rs/unicode-xid,1
2015-07-01,28877,4538,GitHub/unicode-rs/unicode-xid,1
2015-07-01,32560,3043,GitHub/BurntSushi/memchr,7
2015-07-01,35574,2867,GitHub/unicode-rs/unicode-normalization,1
2015-07-01,35574,4538,GitHub/unicode-rs/unicode-normalization,15
2015-07-01,35574,3413,GitHub/unicode-rs/unicode-normalization,7
2015-07-01,36114,3413,GitHub/SimonSapin/rust-std-candidates,32
2015-07-01,36114,2873,GitHub/SimonSapin/rust-std-candidates,1
2015-07-01,39779,3173,GitHub/time-rs/time,1
2015-07-01,39779,2526,GitHub/time-rs/time,1
2015-07-01,39779,264,GitHub/time-rs/time,1
2015-07-01,39779,2950,GitHub/time-rs/time,1
2015-07-01,39779,2947,GitHub/time-rs/time,2
2015-07-01,39779,2867,GitHub/time-rs/time,95
2015-07-01,39779,4931,GitHub/time-rs/time,1
2015-07-01,39779,4932,GitHub/time-rs/time,7
2015-07-01,39779,4633,GitHub/time-rs/time,1
2015-07-01,39779,4928,GitHub/time-rs/time,1
2015-07-01,39779,4167,GitHub/time-rs/time,1
2015-07-01,39779,3878,GitHub/time-rs/time,3
2015-07-01,39779,4929,GitHub/time-rs/time,1
2015-07-01,39779,2033,GitHub/time-rs/time,1
2015-07-01,39779,4933,GitHub/time-rs/time,1
2015-07-01,39779,4936,GitHub/time-rs/time,1
2015-07-01,39779,4937,GitHub/time-rs/time,1
2015-07-01,39779,1530,GitHub/time-rs/time,1
2015-07-01,39779,2521,GitHub/time-rs/time,9
2015-07-01,39779,4672,GitHub/time-rs/time,1
2015-07-01,39779,2945,GitHub/time-rs/time,3
2015-07-01,39779,4934,GitHub/time-rs/time,1
2015-07-01,39779,4930,GitHub/time-rs/time,1
2015-07-01,39779,4935,GitHub/time-rs/time,1
2015-07-01,39779,378,GitHub/time-rs/time,3
2015-07-01,39779,4530,GitHub/time-rs/time,1
2015-07-01,40494,3413,GitHub/servo/unicode-bidi,2
2015-07-01,40494,2988,GitHub/servo/unicode-bidi,22
2015-07-01,40937,3541,GitHub/dtolnay/semver,1
2015-07-01,40937,2945,GitHub/dtolnay/semver,2
2015-07-01,40937,3539,GitHub/dtolnay/semver,1
2015-07-01,40937,2946,GitHub/dtolnay/semver,2
2015-07-01,40937,3542,GitHub/dtolnay/semver,1
2015-07-01,40937,3538,GitHub/dtolnay/semver,1
2015-07-01,40937,2867,GitHub/dtolnay/semver,29
2015-07-01,40937,3537,GitHub/dtolnay/semver,4
2015-07-01,40937,3540,GitHub/dtolnay/semver,1
2015-07-01,40937,245,GitHub/dtolnay/semver,1
2015-07-01,40937,3543,GitHub/dtolnay/semver,1
2015-07-01,41752,4126,GitHub/servo/rust-url,1
2015-07-01,41752,4829,GitHub/servo/rust-url,1
2015-07-01,41752,4828,GitHub/servo/rust-url,1
2015-07-01,41752,4827,GitHub/servo/rust-url,1
2015-07-01,41752,3533,GitHub/servo/rust-url,1
2015-07-01,41752,4831,GitHub/servo/rust-url,2
2015-07-01,41752,2428,GitHub/servo/rust-url,2
2015-07-01,41752,2936,GitHub/servo/rust-url,6
2015-07-01,41752,4581,GitHub/servo/rust-url,5
2015-07-01,41752,3878,GitHub/servo/rust-url,1
2015-07-01,41752,2867,GitHub/servo/rust-url,6
2015-07-01,41752,2945,GitHub/servo/rust-url,1
2015-07-01,41752,3173,GitHub/servo/rust-url,2
2015-07-01,41752,3413,GitHub/servo/rust-url,72
2015-07-01,41752,2951,GitHub/servo/rust-url,1
2015-07-01,41752,3543,GitHub/servo/rust-url,1
2015-07-01,41752,4167,GitHub/servo/rust-url,2
2015-07-01,41752,1763,GitHub/servo/rust-url,3
2015-07-01,41752,1252,GitHub/servo/rust-url,1
2015-07-01,41752,4546,GitHub/servo/rust-url,1
2015-07-01,41752,4464,GitHub/servo/rust-url,1
2015-07-01,46027,2867,GitHub/alexcrichton/toml-rs,66
2015-07-01,46027,2944,GitHub/alexcrichton/toml-rs,2
2015-07-01,46027,2946,GitHub/alexcrichton/toml-rs,1
2015-07-01,46027,2947,GitHub/alexcrichton/toml-rs,4
2015-07-01,46027,95,GitHub/alexcrichton/toml-rs,2
2015-07-01,46027,2945,GitHub/alexcrichton/toml-rs,1
2015-07-01,46178,3660,GitHub/rust-lang-nursery/lazy-static.rs,1
2015-07-01,46178,3472,GitHub/rust-lang-nursery/lazy-static.rs,19
2015-07-01,46178,4633,GitHub/rust-lang-nursery/lazy-static.rs,4
2015-07-01,46178,4634,GitHub/rust-lang-nursery/lazy-static.rs,1
2015-07-01,46178,4636,GitHub/rust-lang-nursery/lazy-static.rs,1
2015-07-01,46178,4632,GitHub/rust-lang-nursery/lazy-static.rs,2
2015-07-01,46178,3081,GitHub/rust-lang-nursery/lazy-static.rs,1
2015-07-01,46178,4635,GitHub/rust-lang-nursery/lazy-static.rs,1
2015-07-01,49075,4464,GitHub/rust-lang/pkg-config-rs,1
2015-07-01,49075,2945,GitHub/rust-lang/pkg-config-rs,1
2015-07-01,49075,4513,GitHub/rust-lang/pkg-config-rs,4
2015-07-01,49075,4514,GitHub/rust-lang/pkg-config-rs,1
2015-07-01,49075,2946,GitHub/rust-lang/pkg-config-rs,1
2015-07-01,49075,1999,GitHub/rust-lang/pkg-config-rs,1
2015-07-01,49075,4515,GitHub/rust-lang/pkg-config-rs,1
2015-07-01,49075,2867,GitHub/rust-lang/pkg-config-rs,40
2015-08-01,602,3413,GitHub/unicode-rs/unicode-segmentation,1
2015-08-01,602,4538,GitHub/unicode-rs/unicode-segmentation,16
2015-08-01,3150,4515,GitHub/seanmonstar/num_cpus,1
2015-08-01,3150,4739,GitHub/seanmonstar/num_cpus,1
2015-08-01,3150,4740,GitHub/seanmonstar/num_cpus,2
2015-08-01,3150,4129,GitHub/seanmonstar/num_cpus,1
2015-08-01,3150,3078,GitHub/seanmonstar/num_cpus,1
2015-08-01,3150,1530,GitHub/seanmonstar/num_cpus,1
2015-08-01,3150,3878,GitHub/seanmonstar/num_cpus,18
2015-08-01,3509,2867,GitHub/unicode-rs/unicode-width,3
2015-08-01,3509,3413,GitHub/unicode-rs/unicode-width,1
2015-08-01,3509,4538,GitHub/unicode-rs/unicode-width,15
2015-08-01,4484,402,GitHub/BurntSushi/byteorder,1
2015-08-01,4484,3205,GitHub/BurntSushi/byteorder,2
2015-08-01,4484,3208,GitHub/BurntSushi/byteorder,6
2015-08-01,4484,3204,GitHub/BurntSushi/byteorder,1
2015-08-01,4484,3043,GitHub/BurntSushi/byteorder,77
2015-08-01,4484,3210,GitHub/BurntSushi/byteorder,3
2015-08-01,4484,3207,GitHub/BurntSushi/byteorder,1
2015-08-01,4484,3206,GitHub/BurntSushi/byteorder,1
2015-08-01,4484,3209,GitHub/BurntSushi/byteorder,3
2015-08-01,4484,2959,GitHub/BurntSushi/byteorder,1
2015-08-01,4484,2945,GitHub/BurntSushi/byteorder,1
2015-08-01,4484,3137,GitHub/BurntSushi/byteorder,1
2015-08-01,4484,3211,GitHub/BurntSushi/byteorder,1
2015-08-01,4484,3203,GitHub/BurntSushi/byteorder,1
2015-08-01,4486,3193,GitHub/contain-rs/vec-map,8
2015-08-01,4486,2993,GitHub/contain-rs/vec-map,5
2015-08-01,4486,586,GitHub/contain-rs/vec-map,4
2015-08-01,7322,3173,GitHub/servo/rust-smallvec,2
2015-08-01,7322,2352,GitHub/servo/rust-smallvec,2
2015-08-01,7322,3078,GitHub/servo/rust-smallvec,1
2015-08-01,7322,4797,GitHub/servo/rust-smallvec,1
2015-08-01,7322,2936,GitHub/servo/rust-smallvec,1
2015-08-01,7322,3413,GitHub/servo/rust-smallvec,21
2015-08-01,7322,3436,GitHub/servo/rust-smallvec,1
2015-08-01,7322,4798,GitHub/servo/rust-smallvec,1
2015-08-01,7415,3043,GitHub/BurntSushi/aho-corasick,24
2015-08-01,7415,3174,GitHub/BurntSushi/aho-corasick,6
2015-08-01,12228,3169,GitHub/seanmonstar/httparse,6
2015-08-01,12228,2262,GitHub/seanmonstar/httparse,1
2015-08-01,12228,3878,GitHub/seanmonstar/httparse,45
2015-08-01,12266,3085,GitHub/bitflags/bitflags,2
2015-08-01,12266,3086,GitHub/bitflags/bitflags,2
2015-08-01,12266,264,GitHub/bitflags/bitflags,1
2015-08-01,12266,2867,GitHub/bitflags/bitflags,24
2015-08-01,12266,3087,GitHub/bitflags/bitflags,1
2015-08-01,12266,3089,GitHub/bitflags/bitflags,1
2015-08-01,12266,3088,GitHub/bitflags/bitflags,1
2015-08-01,12842,3433,GitHub/tokio-rs/slab,6
2015-08-01,12842,3613,GitHub/tokio-rs/slab,1
2015-08-01,12842,4978,GitHub/tokio-rs/slab,4
2015-08-01,14306,3987,GitHub/rust-num/num-integer,2
2015-08-01,14306,3025,GitHub/rust-num/num-integer,1
2015-08-01,14306,4042,GitHub/rust-num/num-integer,2
2015-08-01,14306,2195,GitHub/rust-num/num-integer,3
2015-08-01,14306,3136,GitHub/rust-num/num-integer,2
2015-08-01,14306,4670,GitHub/rust-num/num-integer,1
2015-08-01,14306,3427,GitHub/rust-num/num-integer,2
2015-08-01,14306,378,GitHub/rust-num/num-integer,8
2015-08-01,14306,2942,GitHub/rust-num/num-integer,1
2015-08-01,14306,4666,GitHub/rust-num/num-integer,1
2015-08-01,14306,2192,GitHub/rust-num/num-integer,1
2015-08-01,14306,4667,GitHub/rust-num/num-integer,2
2015-08-01,14306,3205,GitHub/rust-num/num-integer,2
2015-08-01,14306,2193,GitHub/rust-num/num-integer,1
2015-08-01,14306,2197,GitHub/rust-num/num-integer,2
2015-08-01,14306,2867,GitHub/rust-num/num-integer,57
2015-08-01,14306,4015,GitHub/rust-num/num-integer,1
2015-08-01,14306,4669,GitHub/rust-num/num-integer,3
2015-08-01,14306,4131,GitHub/rust-num/num-integer,1
2015-08-01,14306,3230,GitHub/rust-num/num-integer,2
2015-08-01,14306,4668,GitHub/rust-num/num-integer,1
2015-08-01,14306,2988,GitHub/rust-num/num-integer,4
2015-08-01,14306,4672,GitHub/rust-num/num-integer,2
2015-08-01,14306,4048,GitHub/rust-num/num-integer,6
2015-08-01,16183,4125,GitHub/rust-lang/cc-rs,4
2015-08-01,16183,3424,GitHub/rust-lang/cc-rs,3
2015-08-01,16183,2947,GitHub/rust-lang/cc-rs,2
2015-08-01,16183,4126,GitHub/rust-lang/cc-rs,1
2015-08-01,16183,4122,GitHub/rust-lang/cc-rs,1
2015-08-01,16183,2867,GitHub/rust-lang/cc-rs,72
2015-08-01,16183,4124,GitHub/rust-lang/cc-rs,2
2015-08-01,16492,3433,GitHub/tokio-rs/bytes,51
2015-08-01,16492,2562,GitHub/tokio-rs/bytes,1
2015-08-01,16492,2948,GitHub/tokio-rs/bytes,1
2015-08-01,16492,4530,GitHub/tokio-rs/bytes,9
2015-08-01,16492,3170,GitHub/tokio-rs/bytes,1
2015-08-01,16492,2561,GitHub/tokio-rs/bytes,1
2015-08-01,16492,2947,GitHub/tokio-rs/bytes,1
2015-08-01,16492,1763,GitHub/tokio-rs/bytes,1
2015-08-01,16492,4964,GitHub/tokio-rs/bytes,1
2015-08-01,16492,4965,GitHub/tokio-rs/bytes,1
2015-08-01,18006,3427,GitHub/crossbeam-rs/crossbeam,4
2015-08-01,19184,268,GitHub/bluss/scopeguard,1
2015-08-01,19468,2936,GitHub/servo/rust-fnv,1
2015-08-01,19468,3413,GitHub/servo/rust-fnv,8
2015-08-01,20949,3660,GitHub/Geal/nom,2
2015-08-01,20949,3657,GitHub/Geal/nom,2
2015-08-01,20949,3659,GitHub/Geal/nom,1
2015-08-01,20949,3652,GitHub/Geal/nom,2
2015-08-01,20949,3534,GitHub/Geal/nom,347
2015-08-01,20949,3085,GitHub/Geal/nom,1
2015-08-01,20949,3174,GitHub/Geal/nom,2
2015-08-01,20949,3656,GitHub/Geal/nom,2
2015-08-01,20949,3654,GitHub/Geal/nom,1
2015-08-01,20949,3112,GitHub/Geal/nom,1
2015-08-01,20949,3658,GitHub/Geal/nom,1
2015-08-01,20949,3651,GitHub/Geal/nom,4
2015-08-01,20949,3655,GitHub/Geal/nom,3
2015-08-01,20949,3649,GitHub/Geal/nom,2
2015-08-01,20949,932,GitHub/Geal/nom,1
2015-08-01,21282,268,GitHub/bluss/arrayvec,2
2015-08-01,22724,2979,GitHub/rust-lang/log,1
2015-08-01,22724,2867,GitHub/rust-lang/log,43
2015-08-01,22724,4462,GitHub/rust-lang/log,1
2015-08-01,22724,3071,GitHub/rust-lang/log,1
2015-08-01,22724,2993,GitHub/rust-lang/log,1
2015-08-01,22724,4464,GitHub/rust-lang/log,1
2015-08-01,22724,1935,GitHub/rust-lang/log,1
2015-08-01,22724,4463,GitHub/rust-lang/log,2
2015-08-01,22724,2936,GitHub/rust-lang/log,2
2015-08-01,22724,4461,GitHub/rust-lang/log,1
2015-08-01,22724,2945,GitHub/rust-lang/log,22
2015-08-01,22724,378,GitHub/rust-lang/log,11
2015-08-01,22724,2950,GitHub/rust-lang/log,2
2015-08-01,22724,4465,GitHub/rust-lang/log,1
2015-08-01,22724,2947,GitHub/rust-lang/log,1
2015-08-01,22724,4460,GitHub/rust-lang/log,1
2015-08-01,22804,2867,GitHub/alexcrichton/cfg-if,3
2015-08-01,23287,95,GitHub/rust-itertools/itertools,2
2015-08-01,23287,3137,GitHub/rust-itertools/itertools,5
2015-08-01,23287,3541,GitHub/rust-itertools/itertools,6
2015-08-01,23287,1415,GitHub/rust-itertools/itertools,1
2015-08-01,23287,3714,GitHub/rust-itertools/itertools,1
2015-08-01,23287,268,GitHub/rust-itertools/itertools,43
2015-08-01,23287,1413,GitHub/rust-itertools/itertools,2
2015-08-01,23287,4043,GitHub/rust-itertools/itertools,9
2015-08-01,23287,4044,GitHub/rust-itertools/itertools,1
2015-08-01,23287,3147,GitHub/rust-itertools/itertools,1
2015-08-01,23287,1414,GitHub/rust-itertools/itertools,1
2015-08-01,23287,3791,GitHub/rust-itertools/itertools,2
2015-08-01,23287,2942,GitHub/rust-itertools/itertools,2
2015-08-01,24440,3692,GitHub/ogham/rust-ansi-term,5
2015-08-01,24440,496,GitHub/ogham/rust-ansi-term,32
2015-08-01,24440,3997,GitHub/ogham/rust-ansi-term,1
2015-08-01,24440,3083,GitHub/ogham/rust-ansi-term,1
2015-08-01,25976,4538,GitHub/rust-lang/regex,1
2015-08-01,25976,3660,GitHub/rust-lang/regex,1
2015-08-01,25976,4535,GitHub/rust-lang/regex,1
2015-08-01,25976,4464,GitHub/rust-lang/regex,1
2015-08-01,25976,2025,GitHub/rust-lang/regex,3
2015-08-01,25976,4537,GitHub/rust-lang/regex,2
2015-08-01,25976,4536,GitHub/rust-lang/regex,2
2015-08-01,25976,4540,GitHub/rust-lang/regex,1
2015-08-01,25976,2867,GitHub/rust-lang/regex,50
2015-08-01,25976,1539,GitHub/rust-lang/regex,1
2015-08-01,25976,4539,GitHub/rust-lang/regex,1
2015-08-01,25976,2993,GitHub/rust-lang/regex,1
2015-08-01,25976,3423,GitHub/rust-lang/regex,3
2015-08-01,25976,3543,GitHub/rust-lang/regex,1
2015-08-01,25976,4544,GitHub/rust-lang/regex,1
2015-08-01,25976,4543,GitHub/rust-lang/regex,1
2015-08-01,25976,4541,GitHub/rust-lang/regex,1
2015-08-01,25976,4546,GitHub/rust-lang/regex,1
2015-08-01,25976,4465,GitHub/rust-lang/regex,1
2015-08-01,25976,2945,GitHub/rust-lang/regex,1
2015-08-01,25976,4542,GitHub/rust-lang/regex,4
2015-08-01,25976,2033,GitHub/rust-lang/regex,1
2015-08-01,25976,3544,GitHub/rust-lang/regex,1
2015-08-01,25976,2036,GitHub/rust-lang/regex,1
2015-08-01,25976,268,GitHub/rust-lang/regex,1
2015-08-01,25976,3071,GitHub/rust-lang/regex,1
2015-08-01,25976,378,GitHub/rust-lang/regex,5
2015-08-01,25976,3413,GitHub/rust-lang/regex,3
2015-08-01,25976,2947,GitHub/rust-lang/regex,1
2015-08-01,25976,4459,GitHub/rust-lang/regex,1
2015-08-01,25976,3043,GitHub/rust-lang/regex,87
2015-08-01,25976,2950,GitHub/rust-lang/regex,4
2015-08-01,28705,707,GitHub/dguo/strsim-rs,21
2015-08-01,28705,3467,GitHub/dguo/strsim-rs,1
2015-08-01,28877,2942,GitHub/unicode-rs/unicode-xid,1
2015-08-01,28877,4538,GitHub/unicode-rs/unicode-xid,2
2015-08-01,32560,3043,GitHub/BurntSushi/memchr,7
2015-08-01,35574,4982,GitHub/unicode-rs/unicode-normalization,1
2015-08-01,35574,4538,GitHub/unicode-rs/unicode-normalization,17
2015-08-01,35574,2867,GitHub/unicode-rs/unicode-normalization,1
2015-08-01,35574,3413,GitHub/unicode-rs/unicode-normalization,7
2015-08-01,36114,3413,GitHub/SimonSapin/rust-std-candidates,32
2015-08-01,36114,2873,GitHub/SimonSapin/rust-std-candidates,1
2015-08-01,37844,4270,GitHub/softprops/atty,7
2015-08-01,39779,2867,GitHub/time-rs/time,103
2015-08-01,39779,4932,GitHub/time-rs/time,7
2015-08-01,39779,4928,GitHub/time-rs/time,1
2015-08-01,39779,4167,GitHub/time-rs/time,1
2015-08-01,39779,3878,GitHub/time-rs/time,3
2015-08-01,39779,1530,GitHub/time-rs/time,1
2015-08-01,39779,4931,GitHub/time-rs/time,1
2015-08-01,39779,4934,GitHub/time-rs/time,1
2015-08-01,39779,4937,GitHub/time-rs/time,1
2015-08-01,39779,4530,GitHub/time-rs/time,1
2015-08-01,39779,3173,GitHub/time-rs/time,1
2015-08-01,39779,4927,GitHub/time-rs/time,2
2015-08-01,39779,4672,GitHub/time-rs/time,1
2015-08-01,39779,2950,GitHub/time-rs/time,1
2015-08-01,39779,4929,GitHub/time-rs/time,1
2015-08-01,39779,4633,GitHub/time-rs/time,1
2015-08-01,39779,4933,GitHub/time-rs/time,1
2015-08-01,39779,2521,GitHub/time-rs/time,9
2015-08-01,39779,2945,GitHub/time-rs/time,3
2015-08-01,39779,264,GitHub/time-rs/time,1
2015-08-01,39779,2947,GitHub/time-rs/time,2
2015-08-01,39779,4930,GitHub/time-rs/time,1
2015-08-01,39779,4935,GitHub/time-rs/time,1
2015-08-01,39779,2033,GitHub/time-rs/time,1
2015-08-01,39779,2526,GitHub/time-rs/time,1
2015-08-01,39779,4926,GitHub/time-rs/time,1
2015-08-01,39779,378,GitHub/time-rs/time,4
2015-08-01,39779,4936,GitHub/time-rs/time,1
2015-08-01,40494,2988,GitHub/servo/unicode-bidi,37
2015-08-01,40494,2352,GitHub/servo/unicode-bidi,4
2015-08-01,40494,3413,GitHub/servo/unicode-bidi,2
2015-08-01,40937,2946,GitHub/dtolnay/semver,2
2015-08-01,40937,3542,GitHub/dtolnay/semver,1
2015-08-01,40937,3540,GitHub/dtolnay/semver,1
2015-08-01,40937,800,GitHub/dtolnay/semver,2
2015-08-01,40937,2945,GitHub/dtolnay/semver,2
2015-08-01,40937,3543,GitHub/dtolnay/semver,1
2015-08-01,40937,3541,GitHub/dtolnay/semver,1
2015-08-01,40937,3539,GitHub/dtolnay/semver,1
2015-08-01,40937,2867,GitHub/dtolnay/semver,30
2015-08-01,40937,3537,GitHub/dtolnay/semver,4
2015-08-01,40937,245,GitHub/dtolnay/semver,1
2015-08-01,40937,3538,GitHub/dtolnay/semver,1
2015-08-01,41752,2951,GitHub/servo/rust-url,1
2015-08-01,41752,3552,GitHub/servo/rust-url,1
2015-08-01,41752,4126,GitHub/servo/rust-url,1
2015-08-01,41752,4829,GitHub/servo/rust-url,1
2015-08-01,41752,2428,GitHub/servo/rust-url,2
2015-08-01,41752,4827,GitHub/servo/rust-url,1
2015-08-01,41752,4167,GitHub/servo/rust-url,2
2015-08-01,41752,4831,GitHub/servo/rust-url,2
2015-08-01,41752,1763,GitHub/servo/rust-url,3
2015-08-01,41752,3413,GitHub/servo/rust-url,78
2015-08-01,41752,2936,GitHub/servo/rust-url,6
2015-08-01,41752,4546,GitHub/servo/rust-url,1
2015-08-01,41752,3878,GitHub/servo/rust-url,1
2015-08-01,41752,4581,GitHub/servo/rust-url,5
2015-08-01,41752,2945,GitHub/servo/rust-url,1
2015-08-01,41752,3173,GitHub/servo/rust-url,2
2015-08-01,41752,3543,GitHub/servo/rust-url,1
2015-08-01,41752,4828,GitHub/servo/rust-url,1
2015-08-01,41752,3533,GitHub/servo/rust-url,1
2015-08-01,41752,4464,GitHub/servo/rust-url,1
2015-08-01,41752,2867,GitHub/servo/rust-url,6
2015-08-01,41752,1252,GitHub/servo/rust-url,1
2015-08-01,46027,2947,GitHub/alexcrichton/toml-rs,4
2015-08-01,46027,2946,GitHub/alexcrichton/toml-rs,1
2015-08-01,46027,95,GitHub/alexcrichton/toml-rs,2
2015-08-01,46027,2944,GitHub/alexcrichton/toml-rs,2
2015-08-01,46027,2945,GitHub/alexcrichton/toml-rs,1
2015-08-01,46027,2867,GitHub/alexcrichton/toml-rs,69
2015-08-01,46178,4633,GitHub/rust-lang-nursery/lazy-static.rs,4
2015-08-01,46178,4636,GitHub/rust-lang-nursery/lazy-static.rs,1
2015-08-01,46178,4634,GitHub/rust-lang-nursery/lazy-static.rs,1
2015-08-01,46178,3472,GitHub/rust-lang-nursery/lazy-static.rs,21
2015-08-01,46178,3660,GitHub/rust-lang-nursery/lazy-static.rs,1
2015-08-01,46178,3293,GitHub/rust-lang-nursery/lazy-static.rs,1
2015-08-01,46178,3081,GitHub/rust-lang-nursery/lazy-static.rs,1
2015-08-01,46178,4635,GitHub/rust-lang-nursery/lazy-static.rs,1
2015-08-01,46178,4632,GitHub/rust-lang-nursery/lazy-static.rs,2
2015-08-01,49075,4513,GitHub/rust-lang/pkg-config-rs,4
2015-08-01,49075,4464,GitHub/rust-lang/pkg-config-rs,1
2015-08-01,49075,1999,GitHub/rust-lang/pkg-config-rs,1
2015-08-01,49075,2945,GitHub/rust-lang/pkg-config-rs,1
2015-08-01,49075,4515,GitHub/rust-lang/pkg-config-rs,1
2015-08-01,49075,4514,GitHub/rust-lang/pkg-config-rs,1
2015-08-01,49075,2867,GitHub/rust-lang/pkg-config-rs,40
2015-08-01,49075,2946,GitHub/rust-lang/pkg-config-rs,1
2015-09-01,602,4989,GitHub/unicode-rs/unicode-segmentation,1
2015-09-01,602,4538,GitHub/unicode-rs/unicode-segmentation,19
2015-09-01,602,3413,GitHub/unicode-rs/unicode-segmentation,1
2015-09-01,3150,3878,GitHub/seanmonstar/num_cpus,18
2015-09-01,3150,4515,GitHub/seanmonstar/num_cpus,1
2015-09-01,3150,4740,GitHub/seanmonstar/num_cpus,2
2015-09-01,3150,1530,GitHub/seanmonstar/num_cpus,1
2015-09-01,3150,4739,GitHub/seanmonstar/num_cpus,1
2015-09-01,3150,4129,GitHub/seanmonstar/num_cpus,1
2015-09-01,3150,3078,GitHub/seanmonstar/num_cpus,1
2015-09-01,3509,3413,GitHub/unicode-rs/unicode-width,1
2015-09-01,3509,2867,GitHub/unicode-rs/unicode-width,3
2015-09-01,3509,4538,GitHub/unicode-rs/unicode-width,17
2015-09-01,4484,3208,GitHub/BurntSushi/byteorder,6
2015-09-01,4484,3210,GitHub/BurntSushi/byteorder,3
2015-09-01,4484,3206,GitHub/BurntSushi/byteorder,1
2015-09-01,4484,3043,GitHub/BurntSushi/byteorder,82
2015-09-01,4484,3204,GitHub/BurntSushi/byteorder,1
2015-09-01,4484,402,GitHub/BurntSushi/byteorder,1
2015-09-01,4484,3137,GitHub/BurntSushi/byteorder,1
2015-09-01,4484,3207,GitHub/BurntSushi/byteorder,1
2015-09-01,4484,3211,GitHub/BurntSushi/byteorder,1
2015-09-01,4484,3205,GitHub/BurntSushi/byteorder,2
2015-09-01,4484,2959,GitHub/BurntSushi/byteorder,1
2015-09-01,4484,3209,GitHub/BurntSushi/byteorder,3
2015-09-01,4484,3203,GitHub/BurntSushi/byteorder,1
2015-09-01,4484,2945,GitHub/BurntSushi/byteorder,1
2015-09-01,4484,3202,GitHub/BurntSushi/byteorder,1
2015-09-01,4486,3193,GitHub/contain-rs/vec-map,9
2015-09-01,4486,586,GitHub/contain-rs/vec-map,5
2015-09-01,4486,2993,GitHub/contain-rs/vec-map,6
2015-09-01,6681,3472,GitHub/djc/rustc-version-rs,19
2015-09-01,7322,2936,GitHub/servo/rust-smallvec,1
2015-09-01,7322,268,GitHub/servo/rust-smallvec,2
2015-09-01,7322,3173,GitHub/servo/rust-smallvec,2
2015-09-01,7322,3436,GitHub/servo/rust-smallvec,1
2015-09-01,7322,3413,GitHub/servo/rust-smallvec,21
2015-09-01,7322,3078,GitHub/servo/rust-smallvec,1
2015-09-01,7322,4798,GitHub/servo/rust-smallvec,1
2015-09-01,7322,4797,GitHub/servo/rust-smallvec,1
2015-09-01,7322,2352,GitHub/servo/rust-smallvec,3
2015-09-01,7415,3174,GitHub/BurntSushi/aho-corasick,6
2015-09-01,7415,3043,GitHub/BurntSushi/aho-corasick,28
2015-09-01,12228,3169,GitHub/seanmonstar/httparse,6
2015-09-01,12228,3878,GitHub/seanmonstar/httparse,46
2015-09-01,12228,2262,GitHub/seanmonstar/httparse,1
2015-09-01,12228,4724,GitHub/seanmonstar/httparse,1
2015-09-01,12266,3088,GitHub/bitflags/bitflags,1
2015-09-01,12266,3087,GitHub/bitflags/bitflags,1
2015-09-01,12266,264,GitHub/bitflags/bitflags,1
2015-09-01,12266,2867,GitHub/bitflags/bitflags,24
2015-09-01,12266,3089,GitHub/bitflags/bitflags,1
2015-09-01,12266,3085,GitHub/bitflags/bitflags,2
2015-09-01,12266,3086,GitHub/bitflags/bitflags,2
2015-09-01,12842,3613,GitHub/tokio-rs/slab,1
2015-09-01,12842,4978,GitHub/tokio-rs/slab,4
2015-09-01,12842,3433,GitHub/tokio-rs/slab,6
2015-09-01,14306,2942,GitHub/rust-num/num-integer,1
2015-09-01,14306,4131,GitHub/rust-num/num-integer,1
2015-09-01,14306,4669,GitHub/rust-num/num-integer,3
2015-09-01,14306,2195,GitHub/rust-num/num-integer,3
2015-09-01,14306,2988,GitHub/rust-num/num-integer,4
2015-09-01,14306,3136,GitHub/rust-num/num-integer,2
2015-09-01,14306,4670,GitHub/rust-num/num-integer,1
2015-09-01,14306,2193,GitHub/rust-num/num-integer,1
2015-09-01,14306,2867,GitHub/rust-num/num-integer,59
2015-09-01,14306,3427,GitHub/rust-num/num-integer,2
2015-09-01,14306,4668,GitHub/rust-num/num-integer,1
2015-09-01,14306,4672,GitHub/rust-num/num-integer,2
2015-09-01,14306,2192,GitHub/rust-num/num-integer,1
2015-09-01,14306,4664,GitHub/rust-num/num-integer,1
2015-09-01,14306,378,GitHub/rust-num/num-integer,10
2015-09-01,14306,2197,GitHub/rust-num/num-integer,2
2015-09-01,14306,3230,GitHub/rust-num/num-integer,2
2015-09-01,14306,4048,GitHub/rust-num/num-integer,6
2015-09-01,14306,4667,GitHub/rust-num/num-integer,2
2015-09-01,14306,3205,GitHub/rust-num/num-integer,2
2015-09-01,14306,4666,GitHub/rust-num/num-integer,1
2015-09-01,14306,4042,GitHub/rust-num/num-integer,2
2015-09-01,14306,3025,GitHub/rust-num/num-integer,1
2015-09-01,14306,3987,GitHub/rust-num/num-integer,2
2015-09-01,14306,4015,GitHub/rust-num/num-integer,1
2015-09-01,16183,4125,GitHub/rust-lang/cc-rs,4
2015-09-01,16183,4121,GitHub/rust-lang/cc-rs,1
2015-09-01,16183,3424,GitHub/rust-lang/cc-rs,3
2015-09-01,16183,2867,GitHub/rust-lang/cc-rs,76
2015-09-01,16183,4124,GitHub/rust-lang/cc-rs,2
2015-09-01,16183,4122,GitHub/rust-lang/cc-rs,1
2015-09-01,16183,2947,GitHub/rust-lang/cc-rs,2
2015-09-01,16183,4126,GitHub/rust-lang/cc-rs,1
2015-09-01,16492,2948,GitHub/tokio-rs/bytes,1
2015-09-01,16492,3433,GitHub/tokio-rs/bytes,52
2015-09-01,16492,4965,GitHub/tokio-rs/bytes,1
2015-09-01,16492,4812,GitHub/tokio-rs/bytes,1
2015-09-01,16492,4964,GitHub/tokio-rs/bytes,1
2015-09-01,16492,4530,GitHub/tokio-rs/bytes,9
2015-09-01,16492,2947,GitHub/tokio-rs/bytes,1
2015-09-01,16492,3170,GitHub/tokio-rs/bytes,1
2015-09-01,16492,2561,GitHub/tokio-rs/bytes,1
2015-09-01,16492,1763,GitHub/tokio-rs/bytes,1
2015-09-01,16492,2562,GitHub/tokio-rs/bytes,1
2015-09-01,18006,3427,GitHub/crossbeam-rs/crossbeam,44
2015-09-01,18006,3443,GitHub/crossbeam-rs/crossbeam,1
2015-09-01,19184,268,GitHub/bluss/scopeguard,1
2015-09-01,19468,3413,GitHub/servo/rust-fnv,8
2015-09-01,19468,2936,GitHub/servo/rust-fnv,1
2015-09-01,20949,3655,GitHub/Geal/nom,3
2015-09-01,20949,3646,GitHub/Geal/nom,2
2015-09-01,20949,3654,GitHub/Geal/nom,1
2015-09-01,20949,3652,GitHub/Geal/nom,2
2015-09-01,20949,3650,GitHub/Geal/nom,4
2015-09-01,20949,3659,GitHub/Geal/nom,1
2015-09-01,20949,3657,GitHub/Geal/nom,2
2015-09-01,20949,3112,GitHub/Geal/nom,1
2015-09-01,20949,3085,GitHub/Geal/nom,1
2015-09-01,20949,3651,GitHub/Geal/nom,4
2015-09-01,20949,3534,GitHub/Geal/nom,369
2015-09-01,20949,3649,GitHub/Geal/nom,2
2015-09-01,20949,3656,GitHub/Geal/nom,2
2015-09-01,20949,3174,GitHub/Geal/nom,2
2015-09-01,20949,2936,GitHub/Geal/nom,1
2015-09-01,20949,932,GitHub/Geal/nom,1
2015-09-01,20949,3660,GitHub/Geal/nom,2
2015-09-01,20949,3658,GitHub/Geal/nom,1
2015-09-01,21282,268,GitHub/bluss/arrayvec,13
2015-09-01,22724,4460,GitHub/rust-lang/log,1
2015-09-01,22724,4461,GitHub/rust-lang/log,1
2015-09-01,22724,2950,GitHub/rust-lang/log,2
2015-09-01,22724,4463,GitHub/rust-lang/log,2
2015-09-01,22724,4462,GitHub/rust-lang/log,1
2015-09-01,22724,2947,GitHub/rust-lang/log,1
2015-09-01,22724,2867,GitHub/rust-lang/log,43
2015-09-01,22724,2945,GitHub/rust-lang/log,22
2015-09-01,22724,1935,GitHub/rust-lang/log,1
2015-09-01,22724,3071,GitHub/rust-lang/log,1
2015-09-01,22724,2979,GitHub/rust-lang/log,1
2015-09-01,22724,378,GitHub/rust-lang/log,11
2015-09-01,22724,2936,GitHub/rust-lang/log,2
2015-09-01,22724,4465,GitHub/rust-lang/log,1
2015-09-01,22724,4464,GitHub/rust-lang/log,1
2015-09-01,22724,2993,GitHub/rust-lang/log,1
2015-09-01,22804,2867,GitHub/alexcrichton/cfg-if,3
2015-09-01,23287,3714,GitHub/rust-itertools/itertools,1
2015-09-01,23287,2942,GitHub/rust-itertools/itertools,2
2015-09-01,23287,1413,GitHub/rust-itertools/itertools,2
2015-09-01,23287,3541,GitHub/rust-itertools/itertools,6
2015-09-01,23287,268,GitHub/rust-itertools/itertools,67
2015-09-01,23287,3137,GitHub/rust-itertools/itertools,5
2015-09-01,23287,95,GitHub/rust-itertools/itertools,2
2015-09-01,23287,1415,GitHub/rust-itertools/itertools,1
2015-09-01,23287,3147,GitHub/rust-itertools/itertools,1
2015-09-01,23287,4044,GitHub/rust-itertools/itertools,1
2015-09-01,23287,1414,GitHub/rust-itertools/itertools,1
2015-09-01,23287,4043,GitHub/rust-itertools/itertools,9
2015-09-01,23287,3791,GitHub/rust-itertools/itertools,2
2015-09-01,24440,3997,GitHub/ogham/rust-ansi-term,1
2015-09-01,24440,3083,GitHub/ogham/rust-ansi-term,1
2015-09-01,24440,496,GitHub/ogham/rust-ansi-term,33
2015-09-01,24440,3692,GitHub/ogham/rust-ansi-term,5
2015-09-01,24455,2942,GitHub/serde-rs/json,19
2015-09-01,24455,4648,GitHub/serde-rs/json,1
2015-09-01,25976,2036,GitHub/rust-lang/regex,1
2015-09-01,25976,2947,GitHub/rust-lang/regex,1
2015-09-01,25976,4526,GitHub/rust-lang/regex,3
2015-09-01,25976,4537,GitHub/rust-lang/regex,2
2015-09-01,25976,4459,GitHub/rust-lang/regex,1
2015-09-01,25976,2025,GitHub/rust-lang/regex,3
2015-09-01,25976,4542,GitHub/rust-lang/regex,4
2015-09-01,25976,4465,GitHub/rust-lang/regex,1
2015-09-01,25976,2022,GitHub/rust-lang/regex,2
2015-09-01,25976,4546,GitHub/rust-lang/regex,1
2015-09-01,25976,268,GitHub/rust-lang/regex,2
2015-09-01,25976,4543,GitHub/rust-lang/regex,1
2015-09-01,25976,3660,GitHub/rust-lang/regex,1
2015-09-01,25976,4544,GitHub/rust-lang/regex,1
2015-09-01,25976,4538,GitHub/rust-lang/regex,1
2015-09-01,25976,3543,GitHub/rust-lang/regex,1
2015-09-01,25976,3043,GitHub/rust-lang/regex,91
2015-09-01,25976,3423,GitHub/rust-lang/regex,3
2015-09-01,25976,2993,GitHub/rust-lang/regex,1
2015-09-01,25976,3071,GitHub/rust-lang/regex,1
2015-09-01,25976,4539,GitHub/rust-lang/regex,1
2015-09-01,25976,2033,GitHub/rust-lang/regex,1
2015-09-01,25976,4535,GitHub/rust-lang/regex,1
2015-09-01,25976,1539,GitHub/rust-lang/regex,1
2015-09-01,25976,378,GitHub/rust-lang/regex,5
2015-09-01,25976,2945,GitHub/rust-lang/regex,1
2015-09-01,25976,2950,GitHub/rust-lang/regex,4
2015-09-01,25976,2867,GitHub/rust-lang/regex,52
2015-09-01,25976,4540,GitHub/rust-lang/regex,1
2015-09-01,25976,3544,GitHub/rust-lang/regex,1
2015-09-01,25976,3413,GitHub/rust-lang/regex,3
2015-09-01,25976,4536,GitHub/rust-lang/regex,2
2015-09-01,25976,4464,GitHub/rust-lang/regex,1
2015-09-01,25976,4541,GitHub/rust-lang/regex,1
2015-09-01,28705,3467,GitHub/dguo/strsim-rs,1
2015-09-01,28705,707,GitHub/dguo/strsim-rs,21
2015-09-01,28877,4538,GitHub/unicode-rs/unicode-xid,4
2015-09-01,28877,2942,GitHub/unicode-rs/unicode-xid,1
2015-09-01,32560,3216,GitHub/BurntSushi/memchr,3
2015-09-01,32560,268,GitHub/BurntSushi/memchr,7
2015-09-01,32560,3043,GitHub/BurntSushi/memchr,16
2015-09-01,35574,3413,GitHub/unicode-rs/unicode-normalization,7
2015-09-01,35574,4982,GitHub/unicode-rs/unicode-normalization,1
2015-09-01,35574,2867,GitHub/unicode-rs/unicode-normalization,1
2015-09-01,35574,4538,GitHub/unicode-rs/unicode-normalization,18
2015-09-01,36114,3413,GitHub/SimonSapin/rust-std-candidates,32
2015-09-01,36114,2873,GitHub/SimonSapin/rust-std-candidates,1
2015-09-01,37844,4270,GitHub/softprops/atty,7
2015-09-01,39779,4929,GitHub/time-rs/time,1
2015-09-01,39779,3633,GitHub/time-rs/time,2
2015-09-01,39779,2867,GitHub/time-rs/time,107
2015-09-01,39779,4933,GitHub/time-rs/time,1
2015-09-01,39779,4167,GitHub/time-rs/time,1
2015-09-01,39779,4672,GitHub/time-rs/time,1
2015-09-01,39779,4931,GitHub/time-rs/time,1
2015-09-01,39779,2526,GitHub/time-rs/time,1
2015-09-01,39779,4930,GitHub/time-rs/time,1
2015-09-01,39779,3173,GitHub/time-rs/time,1
2015-09-01,39779,4129,GitHub/time-rs/time,1
2015-09-01,39779,1530,GitHub/time-rs/time,1
2015-09-01,39779,2947,GitHub/time-rs/time,2
2015-09-01,39779,4935,GitHub/time-rs/time,1
2015-09-01,39779,4934,GitHub/time-rs/time,1
2015-09-01,39779,4927,GitHub/time-rs/time,2
2015-09-01,39779,4937,GitHub/time-rs/time,1
2015-09-01,39779,2950,GitHub/time-rs/time,1
2015-09-01,39779,2521,GitHub/time-rs/time,9
2015-09-01,39779,3905,GitHub/time-rs/time,1
2015-09-01,39779,4633,GitHub/time-rs/time,1
2015-09-01,39779,264,GitHub/time-rs/time,1
2015-09-01,39779,4928,GitHub/time-rs/time,1
2015-09-01,39779,4530,GitHub/time-rs/time,1
2015-09-01,39779,2033,GitHub/time-rs/time,1
2015-09-01,39779,4926,GitHub/time-rs/time,1
2015-09-01,39779,3878,GitHub/time-rs/time,3
2015-09-01,39779,378,GitHub/time-rs/time,4
2015-09-01,39779,4932,GitHub/time-rs/time,7
2015-09-01,39779,4936,GitHub/time-rs/time,1
2015-09-01,39779,2945,GitHub/time-rs/time,3
2015-09-01,39779,2514,GitHub/time-rs/time,1
2015-09-01,40494,2988,GitHub/servo/unicode-bidi,39
2015-09-01,40494,3413,GitHub/servo/unicode-bidi,2
2015-09-01,40494,2352,GitHub/servo/unicode-bidi,6
2015-09-01,40937,3538,GitHub/dtolnay/semver,1
2015-09-01,40937,3541,GitHub/dtolnay/semver,1
2015-09-01,40937,2945,GitHub/dtolnay/semver,2
2015-09-01,40937,800,GitHub/dtolnay/semver,2
2015-09-01,40937,3540,GitHub/dtolnay/semver,1
2015-09-01,40937,2946,GitHub/dtolnay/semver,2
2015-09-01,40937,3539,GitHub/dtolnay/semver,1
2015-09-01,40937,3537,GitHub/dtolnay/semver,5
2015-09-01,40937,245,GitHub/dtolnay/semver,1
2015-09-01,40937,3543,GitHub/dtolnay/semver,1
2015-09-01,40937,2867,GitHub/dtolnay/semver,31
2015-09-01,40937,3542,GitHub/dtolnay/semver,1
2015-09-01,41752,3543,GitHub/servo/rust-url,1
2015-09-01,41752,4167,GitHub/servo/rust-url,2
2015-09-01,41752,4546,GitHub/servo/rust-url,1
2015-09-01,41752,1763,GitHub/servo/rust-url,3
2015-09-01,41752,4126,GitHub/servo/rust-url,1
2015-09-01,41752,3413,GitHub/servo/rust-url,84
2015-09-01,41752,2951,GitHub/servo/rust-url,1
2015-09-01,41752,1252,GitHub/servo/rust-url,1
2015-09-01,41752,3552,GitHub/servo/rust-url,1
2015-09-01,41752,4829,GitHub/servo/rust-url,1
2015-09-01,41752,4581,GitHub/servo/rust-url,5
2015-09-01,41752,4831,GitHub/servo/rust-url,2
2015-09-01,41752,2936,GitHub/servo/rust-url,6
2015-09-01,41752,2945,GitHub/servo/rust-url,1
2015-09-01,41752,3173,GitHub/servo/rust-url,2
2015-09-01,41752,3878,GitHub/servo/rust-url,1
2015-09-01,41752,2428,GitHub/servo/rust-url,2
2015-09-01,41752,4464,GitHub/servo/rust-url,1
2015-09-01,41752,2867,GitHub/servo/rust-url,6
2015-09-01,41752,4797,GitHub/servo/rust-url,1
2015-09-01,41752,4828,GitHub/servo/rust-url,1
2015-09-01,41752,3533,GitHub/servo/rust-url,1
2015-09-01,41752,4452,GitHub/servo/rust-url,4
2015-09-01,41752,4827,GitHub/servo/rust-url,1
2015-09-01,41752,2352,GitHub/servo/rust-url,4
2015-09-01,46027,2941,GitHub/alexcrichton/toml-rs,2
2015-09-01,46027,2946,GitHub/alexcrichton/toml-rs,1
2015-09-01,46027,2944,GitHub/alexcrichton/toml-rs,2
2015-09-01,46027,2867,GitHub/alexcrichton/toml-rs,76
2015-09-01,46027,2942,GitHub/alexcrichton/toml-rs,6
2015-09-01,46027,2947,GitHub/alexcrichton/toml-rs,4
2015-09-01,46027,95,GitHub/alexcrichton/toml-rs,2
2015-09-01,46027,2943,GitHub/alexcrichton/toml-rs,2
2015-09-01,46027,2945,GitHub/alexcrichton/toml-rs,1
2015-09-01,46027,90,GitHub/alexcrichton/toml-rs,1
2015-09-01,46178,3660,GitHub/rust-lang-nursery/lazy-static.rs,1
2015-09-01,46178,4632,GitHub/rust-lang-nursery/lazy-static.rs,2
2015-09-01,46178,3472,GitHub/rust-lang-nursery/lazy-static.rs,26
2015-09-01,46178,4633,GitHub/rust-lang-nursery/lazy-static.rs,4
2015-09-01,46178,4635,GitHub/rust-lang-nursery/lazy-static.rs,1
2015-09-01,46178,3293,GitHub/rust-lang-nursery/lazy-static.rs,1
2015-09-01,46178,4636,GitHub/rust-lang-nursery/lazy-static.rs,1
2015-09-01,46178,3081,GitHub/rust-lang-nursery/lazy-static.rs,1
2015-09-01,46178,4634,GitHub/rust-lang-nursery/lazy-static.rs,1
2015-09-01,46178,3413,GitHub/rust-lang-nursery/lazy-static.rs,3
2015-09-01,49075,2945,GitHub/rust-lang/pkg-config-rs,1
2015-09-01,49075,1999,GitHub/rust-lang/pkg-config-rs,1
2015-09-01,49075,4514,GitHub/rust-lang/pkg-config-rs,1
2015-09-01,49075,4513,GitHub/rust-lang/pkg-config-rs,4
2015-09-01,49075,2867,GitHub/rust-lang/pkg-config-rs,40
2015-09-01,49075,2946,GitHub/rust-lang/pkg-config-rs,1
2015-09-01,49075,4515,GitHub/rust-lang/pkg-config-rs,1
2015-09-01,49075,4464,GitHub/rust-lang/pkg-config-rs,1
2015-10-01,602,3413,GitHub/unicode-rs/unicode-segmentation,1
2015-10-01,602,4538,GitHub/unicode-rs/unicode-segmentation,19
2015-10-01,602,4989,GitHub/unicode-rs/unicode-segmentation,1
2015-10-01,3150,3078,GitHub/seanmonstar/num_cpus,1
2015-10-01,3150,4515,GitHub/seanmonstar/num_cpus,1
2015-10-01,3150,1530,GitHub/seanmonstar/num_cpus,1
2015-10-01,3150,3878,GitHub/seanmonstar/num_cpus,18
2015-10-01,3150,4740,GitHub/seanmonstar/num_cpus,2
2015-10-01,3150,4129,GitHub/seanmonstar/num_cpus,1
2015-10-01,3150,4739,GitHub/seanmonstar/num_cpus,1
2015-10-01,3509,4538,GitHub/unicode-rs/unicode-width,17
2015-10-01,3509,3413,GitHub/unicode-rs/unicode-width,1
2015-10-01,3509,2867,GitHub/unicode-rs/unicode-width,3
2015-10-01,4484,402,GitHub/BurntSushi/byteorder,1
2015-10-01,4484,3205,GitHub/BurntSushi/byteorder,2
2015-10-01,4484,3207,GitHub/BurntSushi/byteorder,1
2015-10-01,4484,3137,GitHub/BurntSushi/byteorder,1
2015-10-01,4484,2945,GitHub/BurntSushi/byteorder,1
2015-10-01,4484,3209,GitHub/BurntSushi/byteorder,3
2015-10-01,4484,3208,GitHub/BurntSushi/byteorder,6
2015-10-01,4484,3203,GitHub/BurntSushi/byteorder,1
2015-10-01,4484,3210,GitHub/BurntSushi/byteorder,3
2015-10-01,4484,3211,GitHub/BurntSushi/byteorder,1
2015-10-01,4484,3206,GitHub/BurntSushi/byteorder,1
2015-10-01,4484,2959,GitHub/BurntSushi/byteorder,1
2015-10-01,4484,3202,GitHub/BurntSushi/byteorder,1
2015-10-01,4484,3043,GitHub/BurntSushi/byteorder,83
2015-10-01,4484,3204,GitHub/BurntSushi/byteorder,1
2015-10-01,4486,586,GitHub/contain-rs/vec-map,5
2015-10-01,4486,2993,GitHub/contain-rs/vec-map,6
2015-10-01,4486,3193,GitHub/contain-rs/vec-map,9
2015-10-01,6681,3472,GitHub/djc/rustc-version-rs,23
2015-10-01,7322,3173,GitHub/servo/rust-smallvec,2
2015-10-01,7322,3078,GitHub/servo/rust-smallvec,1
2015-10-01,7322,4798,GitHub/servo/rust-smallvec,1
2015-10-01,7322,2352,GitHub/servo/rust-smallvec,3
2015-10-01,7322,268,GitHub/servo/rust-smallvec,2
2015-10-01,7322,3436,GitHub/servo/rust-smallvec,1
2015-10-01,7322,4797,GitHub/servo/rust-smallvec,1
2015-10-01,7322,2936,GitHub/servo/rust-smallvec,1
2015-10-01,7322,3413,GitHub/servo/rust-smallvec,21
2015-10-01,7415,3043,GitHub/BurntSushi/aho-corasick,28
2015-10-01,7415,3174,GitHub/BurntSushi/aho-corasick,6
2015-10-01,12228,3878,GitHub/seanmonstar/httparse,47
2015-10-01,12228,4724,GitHub/seanmonstar/httparse,1
2015-10-01,12228,3169,GitHub/seanmonstar/httparse,6
2015-10-01,12228,2262,GitHub/seanmonstar/httparse,1
2015-10-01,12266,3088,GitHub/bitflags/bitflags,1
2015-10-01,12266,3086,GitHub/bitflags/bitflags,2
2015-10-01,12266,3087,GitHub/bitflags/bitflags,1
2015-10-01,12266,3089,GitHub/bitflags/bitflags,1
2015-10-01,12266,3085,GitHub/bitflags/bitflags,2
2015-10-01,12266,264,GitHub/bitflags/bitflags,1
2015-10-01,12266,2867,GitHub/bitflags/bitflags,26
2015-10-01,12842,4978,GitHub/tokio-rs/slab,4
2015-10-01,12842,3613,GitHub/tokio-rs/slab,1
2015-10-01,12842,4724,GitHub/tokio-rs/slab,1
2015-10-01,12842,3433,GitHub/tokio-rs/slab,6
2015-10-01,14306,4131,GitHub/rust-num/num-integer,1
2015-10-01,14306,378,GitHub/rust-num/num-integer,10
2015-10-01,14306,3427,GitHub/rust-num/num-integer,2
2015-10-01,14306,4670,GitHub/rust-num/num-integer,1
2015-10-01,14306,4672,GitHub/rust-num/num-integer,2
2015-10-01,14306,3136,GitHub/rust-num/num-integer,2
2015-10-01,14306,4133,GitHub/rust-num/num-integer,1
2015-10-01,14306,3230,GitHub/rust-num/num-integer,2
2015-10-01,14306,3205,GitHub/rust-num/num-integer,2
2015-10-01,14306,4070,GitHub/rust-num/num-integer,4
2015-10-01,14306,2192,GitHub/rust-num/num-integer,1
2015-10-01,14306,2195,GitHub/rust-num/num-integer,3
2015-10-01,14306,2867,GitHub/rust-num/num-integer,61
2015-10-01,14306,4042,GitHub/rust-num/num-integer,2
2015-10-01,14306,2197,GitHub/rust-num/num-integer,2
2015-10-01,14306,3987,GitHub/rust-num/num-integer,2
2015-10-01,14306,2988,GitHub/rust-num/num-integer,4
2015-10-01,14306,3025,GitHub/rust-num/num-integer,1
2015-10-01,14306,2186,GitHub/rust-num/num-integer,5
2015-10-01,14306,4667,GitHub/rust-num/num-integer,2
2015-10-01,14306,4664,GitHub/rust-num/num-integer,1
2015-10-01,14306,4015,GitHub/rust-num/num-integer,1
2015-10-01,14306,2193,GitHub/rust-num/num-integer,1
2015-10-01,14306,4666,GitHub/rust-num/num-integer,1
2015-10-01,14306,4048,GitHub/rust-num/num-integer,6
2015-10-01,14306,2942,GitHub/rust-num/num-integer,1
2015-10-01,14306,4669,GitHub/rust-num/num-integer,3
2015-10-01,14306,4668,GitHub/rust-num/num-integer,1
2015-10-01,16183,4125,GitHub/rust-lang/cc-rs,4
2015-10-01,16183,4126,GitHub/rust-lang/cc-rs,1
2015-10-01,16183,3650,GitHub/rust-lang/cc-rs,4
2015-10-01,16183,4121,GitHub/rust-lang/cc-rs,1
2015-10-01,16183,1510,GitHub/rust-lang/cc-rs,3
2015-10-01,16183,1511,GitHub/rust-lang/cc-rs,1
2015-10-01,16183,2867,GitHub/rust-lang/cc-rs,94
2015-10-01,16183,3424,GitHub/rust-lang/cc-rs,3
2015-10-01,16183,2947,GitHub/rust-lang/cc-rs,2
2015-10-01,16183,4122,GitHub/rust-lang/cc-rs,1
2015-10-01,16183,4124,GitHub/rust-lang/cc-rs,2
2015-10-01,16492,4724,GitHub/tokio-rs/bytes,1
2015-10-01,16492,2948,GitHub/tokio-rs/bytes,1
2015-10-01,16492,2947,GitHub/tokio-rs/bytes,1
2015-10-01,16492,1763,GitHub/tokio-rs/bytes,1
2015-10-01,16492,2562,GitHub/tokio-rs/bytes,1
2015-10-01,16492,4812,GitHub/tokio-rs/bytes,1
2015-10-01,16492,3170,GitHub/tokio-rs/bytes,1
2015-10-01,16492,4964,GitHub/tokio-rs/bytes,1
2015-10-01,16492,4530,GitHub/tokio-rs/bytes,10
2015-10-01,16492,3433,GitHub/tokio-rs/bytes,57
2015-10-01,16492,2561,GitHub/tokio-rs/bytes,1
2015-10-01,16492,4965,GitHub/tokio-rs/bytes,1
2015-10-01,17630,3137,GitHub/bluss/either,1
2015-10-01,17630,3136,GitHub/bluss/either,5
2015-10-01,17630,268,GitHub/bluss/either,16
2015-10-01,18006,378,GitHub/crossbeam-rs/crossbeam,1
2015-10-01,18006,3096,GitHub/crossbeam-rs/crossbeam,1
2015-10-01,18006,3443,GitHub/crossbeam-rs/crossbeam,1
2015-10-01,18006,150,GitHub/crossbeam-rs/crossbeam,1
2015-10-01,18006,3427,GitHub/crossbeam-rs/crossbeam,61
2015-10-01,18006,2867,GitHub/crossbeam-rs/crossbeam,6
2015-10-01,18006,2950,GitHub/crossbeam-rs/crossbeam,3
2015-10-01,19184,268,GitHub/bluss/scopeguard,4
2015-10-01,19468,3413,GitHub/servo/rust-fnv,8
2015-10-01,19468,2936,GitHub/servo/rust-fnv,1
2015-10-01,20949,3174,GitHub/Geal/nom,2
2015-10-01,20949,3655,GitHub/Geal/nom,3
2015-10-01,20949,3652,GitHub/Geal/nom,2
2015-10-01,20949,3650,GitHub/Geal/nom,4
2015-10-01,20949,3099,GitHub/Geal/nom,4
2015-10-01,20949,3647,GitHub/Geal/nom,4
2015-10-01,20949,932,GitHub/Geal/nom,1
2015-10-01,20949,1252,GitHub/Geal/nom,1
2015-10-01,20949,268,GitHub/Geal/nom,1
2015-10-01,20949,3649,GitHub/Geal/nom,2
2015-10-01,20949,3660,GitHub/Geal/nom,2
2015-10-01,20949,3085,GitHub/Geal/nom,1
2015-10-01,20949,3654,GitHub/Geal/nom,1
2015-10-01,20949,3534,GitHub/Geal/nom,410
2015-10-01,20949,3646,GitHub/Geal/nom,2
2015-10-01,20949,3656,GitHub/Geal/nom,2
2015-10-01,20949,3112,GitHub/Geal/nom,1
2015-10-01,20949,3651,GitHub/Geal/nom,4
2015-10-01,20949,3648,GitHub/Geal/nom,2
2015-10-01,20949,3658,GitHub/Geal/nom,1
2015-10-01,20949,3657,GitHub/Geal/nom,2
2015-10-01,20949,2936,GitHub/Geal/nom,1
2015-10-01,20949,3659,GitHub/Geal/nom,1
2015-10-01,21282,268,GitHub/bluss/arrayvec,34
2015-10-01,21282,3092,GitHub/bluss/arrayvec,6
2015-10-01,22724,2979,GitHub/rust-lang/log,1
2015-10-01,22724,2867,GitHub/rust-lang/log,46
2015-10-01,22724,1935,GitHub/rust-lang/log,1
2015-10-01,22724,2947,GitHub/rust-lang/log,1
2015-10-01,22724,2945,GitHub/rust-lang/log,22
2015-10-01,22724,3071,GitHub/rust-lang/log,1
2015-10-01,22724,2993,GitHub/rust-lang/log,1
2015-10-01,22724,4459,GitHub/rust-lang/log,3
2015-10-01,22724,4465,GitHub/rust-lang/log,1
2015-10-01,22724,378,GitHub/rust-lang/log,11
2015-10-01,22724,4462,GitHub/rust-lang/log,1
2015-10-01,22724,4464,GitHub/rust-lang/log,1
2015-10-01,22724,4463,GitHub/rust-lang/log,2
2015-10-01,22724,4460,GitHub/rust-lang/log,1
2015-10-01,22724,2950,GitHub/rust-lang/log,2
2015-10-01,22724,2936,GitHub/rust-lang/log,2
2015-10-01,22724,4461,GitHub/rust-lang/log,1
2015-10-01,22804,2867,GitHub/alexcrichton/cfg-if,3
2015-10-01,23287,3137,GitHub/rust-itertools/itertools,5
2015-10-01,23287,3791,GitHub/rust-itertools/itertools,2
2015-10-01,23287,1415,GitHub/rust-itertools/itertools,1
2015-10-01,23287,2942,GitHub/rust-itertools/itertools,2
2015-10-01,23287,268,GitHub/rust-itertools/itertools,80
2015-10-01,23287,1413,GitHub/rust-itertools/itertools,2
2015-10-01,23287,3714,GitHub/rust-itertools/itertools,1
2015-10-01,23287,4043,GitHub/rust-itertools/itertools,9
2015-10-01,23287,95,GitHub/rust-itertools/itertools,2
2015-10-01,23287,3541,GitHub/rust-itertools/itertools,6
2015-10-01,23287,1414,GitHub/rust-itertools/itertools,1
2015-10-01,23287,4044,GitHub/rust-itertools/itertools,1
2015-10-01,23287,3147,GitHub/rust-itertools/itertools,1
2015-10-01,24440,496,GitHub/ogham/rust-ansi-term,33
2015-10-01,24440,3997,GitHub/ogham/rust-ansi-term,1
2015-10-01,24440,3692,GitHub/ogham/rust-ansi-term,5
2015-10-01,24440,3083,GitHub/ogham/rust-ansi-term,1
2015-10-01,24455,4648,GitHub/serde-rs/json,1
2015-10-01,24455,3080,GitHub/serde-rs/json,1
2015-10-01,24455,4789,GitHub/serde-rs/json,1
2015-10-01,24455,2942,GitHub/serde-rs/json,23
2015-10-01,24455,4790,GitHub/serde-rs/json,1
2015-10-01,24455,2961,GitHub/serde-rs/json,1
2015-10-01,25976,4538,GitHub/rust-lang/regex,1
2015-10-01,25976,3660,GitHub/rust-lang/regex,1
2015-10-01,25976,4535,GitHub/rust-lang/regex,1
2015-10-01,25976,4464,GitHub/rust-lang/regex,1
2015-10-01,25976,2025,GitHub/rust-lang/regex,3
2015-10-01,25976,4537,GitHub/rust-lang/regex,2
2015-10-01,25976,4534,GitHub/rust-lang/regex,1
2015-10-01,25976,4536,GitHub/rust-lang/regex,2
2015-10-01,25976,4540,GitHub/rust-lang/regex,1
2015-10-01,25976,2867,GitHub/rust-lang/regex,55
2015-10-01,25976,1539,GitHub/rust-lang/regex,1
2015-10-01,25976,4539,GitHub/rust-lang/regex,1
2015-10-01,25976,2993,GitHub/rust-lang/regex,1
2015-10-01,25976,3423,GitHub/rust-lang/regex,3
2015-10-01,25976,3543,GitHub/rust-lang/regex,1
2015-10-01,25976,4544,GitHub/rust-lang/regex,1
2015-10-01,25976,4543,GitHub/rust-lang/regex,1
2015-10-01,25976,4541,GitHub/rust-lang/regex,1
2015-10-01,25976,4546,GitHub/rust-lang/regex,1
2015-10-01,25976,4465,GitHub/rust-lang/regex,1
2015-10-01,25976,2022,GitHub/rust-lang/regex,2
2015-10-01,25976,2945,GitHub/rust-lang/regex,1
2015-10-01,25976,4542,GitHub/rust-lang/regex,4
2015-10-01,25976,2033,GitHub/rust-lang/regex,1
2015-10-01,25976,3544,GitHub/rust-lang/regex,1
2015-10-01,25976,2036,GitHub/rust-lang/regex,1
2015-10-01,25976,268,GitHub/rust-lang/regex,2
2015-10-01,25976,3440,GitHub/rust-lang/regex,1
2015-10-01,25976,3071,GitHub/rust-lang/regex,1
2015-10-01,25976,378,GitHub/rust-lang/regex,5
2015-10-01,25976,3413,GitHub/rust-lang/regex,3
2015-10-01,25976,2947,GitHub/rust-lang/regex,1
2015-10-01,25976,4459,GitHub/rust-lang/regex,1
2015-10-01,25976,4526,GitHub/rust-lang/regex,3
2015-10-01,25976,3043,GitHub/rust-lang/regex,100
2015-10-01,25976,2950,GitHub/rust-lang/regex,4
2015-10-01,26074,3614,GitHub/paholg/typenum,13
2015-10-01,26074,3042,GitHub/paholg/typenum,7
2015-10-01,28705,3467,GitHub/dguo/strsim-rs,1
2015-10-01,28705,707,GitHub/dguo/strsim-rs,21
2015-10-01,28877,2942,GitHub/unicode-rs/unicode-xid,1
2015-10-01,28877,4538,GitHub/unicode-rs/unicode-xid,4
2015-10-01,32560,3216,GitHub/BurntSushi/memchr,3
2015-10-01,32560,268,GitHub/BurntSushi/memchr,7
2015-10-01,32560,3043,GitHub/BurntSushi/memchr,17
2015-10-01,35574,3413,GitHub/unicode-rs/unicode-normalization,7
2015-10-01,35574,4538,GitHub/unicode-rs/unicode-normalization,18
2015-10-01,35574,2867,GitHub/unicode-rs/unicode-normalization,1
2015-10-01,35574,4982,GitHub/unicode-rs/unicode-normalization,1
2015-10-01,36114,3413,GitHub/SimonSapin/rust-std-candidates,32
2015-10-01,36114,2873,GitHub/SimonSapin/rust-std-candidates,1
2015-10-01,37844,4270,GitHub/softprops/atty,7
2015-10-01,39779,2521,GitHub/time-rs/time,9
2015-10-01,39779,4925,GitHub/time-rs/time,1
2015-10-01,39779,4672,GitHub/time-rs/time,1
2015-10-01,39779,2526,GitHub/time-rs/time,1
2015-10-01,39779,4929,GitHub/time-rs/time,1
2015-10-01,39779,4633,GitHub/time-rs/time,1
2015-10-01,39779,4927,GitHub/time-rs/time,2
2015-10-01,39779,2950,GitHub/time-rs/time,1
2015-10-01,39779,4129,GitHub/time-rs/time,1
2015-10-01,39779,2867,GitHub/time-rs/time,111
2015-10-01,39779,4928,GitHub/time-rs/time,1
2015-10-01,39779,4167,GitHub/time-rs/time,1
2015-10-01,39779,4933,GitHub/time-rs/time,1
2015-10-01,39779,4662,GitHub/time-rs/time,1
2015-10-01,39779,3633,GitHub/time-rs/time,2
2015-10-01,39779,2945,GitHub/time-rs/time,3
2015-10-01,39779,264,GitHub/time-rs/time,1
2015-10-01,39779,4935,GitHub/time-rs/time,1
2015-10-01,39779,4926,GitHub/time-rs/time,1
2015-10-01,39779,378,GitHub/time-rs/time,4
2015-10-01,39779,4936,GitHub/time-rs/time,1
2015-10-01,39779,4931,GitHub/time-rs/time,1
2015-10-01,39779,4934,GitHub/time-rs/time,1
2015-10-01,39779,3905,GitHub/time-rs/time,1
2015-10-01,39779,4530,GitHub/time-rs/time,1
2015-10-01,39779,4937,GitHub/time-rs/time,1
2015-10-01,39779,1530,GitHub/time-rs/time,1
2015-10-01,39779,2033,GitHub/time-rs/time,1
2015-10-01,39779,2514,GitHub/time-rs/time,1
2015-10-01,39779,3173,GitHub/time-rs/time,1
2015-10-01,39779,2947,GitHub/time-rs/time,2
2015-10-01,39779,4930,GitHub/time-rs/time,1
2015-10-01,39779,4932,GitHub/time-rs/time,7
2015-10-01,39779,3878,GitHub/time-rs/time,3
2015-10-01,40494,2988,GitHub/servo/unicode-bidi,40
2015-10-01,40494,2352,GitHub/servo/unicode-bidi,8
2015-10-01,40494,4887,GitHub/servo/unicode-bidi,1
2015-10-01,40494,3413,GitHub/servo/unicode-bidi,2
2015-10-01,40937,3537,GitHub/dtolnay/semver,5
2015-10-01,40937,3540,GitHub/dtolnay/semver,1
2015-10-01,40937,2867,GitHub/dtolnay/semver,33
2015-10-01,40937,3543,GitHub/dtolnay/semver,1
2015-10-01,40937,800,GitHub/dtolnay/semver,2
2015-10-01,40937,2945,GitHub/dtolnay/semver,2
2015-10-01,40937,245,GitHub/dtolnay/semver,1
2015-10-01,40937,3538,GitHub/dtolnay/semver,1
2015-10-01,40937,2946,GitHub/dtolnay/semver,2
2015-10-01,40937,3539,GitHub/dtolnay/semver,1
2015-10-01,40937,3542,GitHub/dtolnay/semver,1
2015-10-01,40937,3541,GitHub/dtolnay/semver,1
2015-10-01,41752,3533,GitHub/servo/rust-url,1
2015-10-01,41752,3793,GitHub/servo/rust-url,1
2015-10-01,41752,4126,GitHub/servo/rust-url,1
2015-10-01,41752,4829,GitHub/servo/rust-url,1
2015-10-01,41752,3878,GitHub/servo/rust-url,1
2015-10-01,41752,2428,GitHub/servo/rust-url,2
2015-10-01,41752,2867,GitHub/servo/rust-url,6
2015-10-01,41752,4581,GitHub/servo/rust-url,5
2015-10-01,41752,4452,GitHub/servo/rust-url,4
2015-10-01,41752,4546,GitHub/servo/rust-url,1
2015-10-01,41752,2945,GitHub/servo/rust-url,1
2015-10-01,41752,1252,GitHub/servo/rust-url,1
2015-10-01,41752,3173,GitHub/servo/rust-url,2
2015-10-01,41752,4534,GitHub/servo/rust-url,2
2015-10-01,41752,3543,GitHub/servo/rust-url,1
2015-10-01,41752,4797,GitHub/servo/rust-url,1
2015-10-01,41752,4827,GitHub/servo/rust-url,1
2015-10-01,41752,2352,GitHub/servo/rust-url,8
2015-10-01,41752,4464,GitHub/servo/rust-url,1
2015-10-01,41752,4167,GitHub/servo/rust-url,2
2015-10-01,41752,2951,GitHub/servo/rust-url,1
2015-10-01,41752,3552,GitHub/servo/rust-url,1
2015-10-01,41752,4831,GitHub/servo/rust-url,2
2015-10-01,41752,4828,GitHub/servo/rust-url,1
2015-10-01,41752,1763,GitHub/servo/rust-url,3
2015-10-01,41752,3413,GitHub/servo/rust-url,84
2015-10-01,41752,2936,GitHub/servo/rust-url,6
2015-10-01,46027,2867,GitHub/alexcrichton/toml-rs,80
2015-10-01,46027,2940,GitHub/alexcrichton/toml-rs,2
2015-10-01,46027,2947,GitHub/alexcrichton/toml-rs,4
2015-10-01,46027,95,GitHub/alexcrichton/toml-rs,2
2015-10-01,46027,2945,GitHub/alexcrichton/toml-rs,1
2015-10-01,46027,2873,GitHub/alexcrichton/toml-rs,1
2015-10-01,46027,2946,GitHub/alexcrichton/toml-rs,1
2015-10-01,46027,2943,GitHub/alexcrichton/toml-rs,2
2015-10-01,46027,2941,GitHub/alexcrichton/toml-rs,2
2015-10-01,46027,2944,GitHub/alexcrichton/toml-rs,2
2015-10-01,46027,90,GitHub/alexcrichton/toml-rs,1
2015-10-01,46027,2942,GitHub/alexcrichton/toml-rs,6
2015-10-01,46178,3660,GitHub/rust-lang-nursery/lazy-static.rs,1
2015-10-01,46178,4635,GitHub/rust-lang-nursery/lazy-static.rs,1
2015-10-01,46178,3081,GitHub/rust-lang-nursery/lazy-static.rs,1
2015-10-01,46178,3472,GitHub/rust-lang-nursery/lazy-static.rs,26
2015-10-01,46178,4632,GitHub/rust-lang-nursery/lazy-static.rs,2
2015-10-01,46178,4633,GitHub/rust-lang-nursery/lazy-static.rs,4
2015-10-01,46178,4634,GitHub/rust-lang-nursery/lazy-static.rs,1
2015-10-01,46178,3293,GitHub/rust-lang-nursery/lazy-static.rs,1
2015-10-01,46178,4636,GitHub/rust-lang-nursery/lazy-static.rs,1
2015-10-01,46178,3413,GitHub/rust-lang-nursery/lazy-static.rs,3
2015-10-01,49075,4515,GitHub/rust-lang/pkg-config-rs,1
2015-10-01,49075,4464,GitHub/rust-lang/pkg-config-rs,1
2015-10-01,49075,2945,GitHub/rust-lang/pkg-config-rs,1
2015-10-01,49075,2946,GitHub/rust-lang/pkg-config-rs,1
2015-10-01,49075,1999,GitHub/rust-lang/pkg-config-rs,1
2015-10-01,49075,4514,GitHub/rust-lang/pkg-config-rs,1
2015-10-01,49075,4513,GitHub/rust-lang/pkg-config-rs,4
2015-10-01,49075,2867,GitHub/rust-lang/pkg-config-rs,40
2015-10-01,52465,3606,GitHub/fizyk20/generic-array,16
2015-10-01,52465,3093,GitHub/fizyk20/generic-array,5
2015-11-01,602,4989,GitHub/unicode-rs/unicode-segmentation,1
2015-11-01,602,4538,GitHub/unicode-rs/unicode-segmentation,19
2015-11-01,602,3413,GitHub/unicode-rs/unicode-segmentation,1
2015-11-01,3150,4129,GitHub/seanmonstar/num_cpus,1
2015-11-01,3150,4739,GitHub/seanmonstar/num_cpus,1
2015-11-01,3150,1530,GitHub/seanmonstar/num_cpus,1
2015-11-01,3150,4515,GitHub/seanmonstar/num_cpus,1
2015-11-01,3150,3078,GitHub/seanmonstar/num_cpus,1
2015-11-01,3150,3878,GitHub/seanmonstar/num_cpus,20
2015-11-01,3150,4740,GitHub/seanmonstar/num_cpus,2
2015-11-01,3150,2950,GitHub/seanmonstar/num_cpus,1
2015-11-01,3509,4538,GitHub/unicode-rs/unicode-width,17
2015-11-01,3509,2867,GitHub/unicode-rs/unicode-width,3
2015-11-01,3509,3413,GitHub/unicode-rs/unicode-width,1
2015-11-01,4484,3211,GitHub/BurntSushi/byteorder,1
2015-11-01,4484,3137,GitHub/BurntSushi/byteorder,1
2015-11-01,4484,402,GitHub/BurntSushi/byteorder,1
2015-11-01,4484,3205,GitHub/BurntSushi/byteorder,2
2015-11-01,4484,3204,GitHub/BurntSushi/byteorder,1
2015-11-01,4484,3209,GitHub/BurntSushi/byteorder,3
2015-11-01,4484,2945,GitHub/BurntSushi/byteorder,1
2015-11-01,4484,2959,GitHub/BurntSushi/byteorder,1
2015-11-01,4484,3206,GitHub/BurntSushi/byteorder,1
2015-11-01,4484,3202,GitHub/BurntSushi/byteorder,1
2015-11-01,4484,3207,GitHub/BurntSushi/byteorder,1
2015-11-01,4484,3043,GitHub/BurntSushi/byteorder,83
2015-11-01,4484,3203,GitHub/BurntSushi/byteorder,1
2015-11-01,4484,3210,GitHub/BurntSushi/byteorder,3
2015-11-01,4484,3208,GitHub/BurntSushi/byteorder,6
2015-11-01,4486,3193,GitHub/contain-rs/vec-map,9
2015-11-01,4486,586,GitHub/contain-rs/vec-map,5
2015-11-01,4486,2993,GitHub/contain-rs/vec-map,6
2015-11-01,6681,3472,GitHub/djc/rustc-version-rs,23
2015-11-01,7322,3436,GitHub/servo/rust-smallvec,1
2015-11-01,7322,268,GitHub/servo/rust-smallvec,2
2015-11-01,7322,4797,GitHub/servo/rust-smallvec,1
2015-11-01,7322,3078,GitHub/servo/rust-smallvec,1
2015-11-01,7322,4798,GitHub/servo/rust-smallvec,1
2015-11-01,7322,2936,GitHub/servo/rust-smallvec,1
2015-11-01,7322,3413,GitHub/servo/rust-smallvec,21
2015-11-01,7322,2352,GitHub/servo/rust-smallvec,3
2015-11-01,7322,3173,GitHub/servo/rust-smallvec,2
2015-11-01,7415,3175,GitHub/BurntSushi/aho-corasick,3
2015-11-01,7415,3043,GitHub/BurntSushi/aho-corasick,33
2015-11-01,7415,3174,GitHub/BurntSushi/aho-corasick,6
2015-11-01,12228,3878,GitHub/seanmonstar/httparse,50
2015-11-01,12228,3169,GitHub/seanmonstar/httparse,6
2015-11-01,12228,4724,GitHub/seanmonstar/httparse,1
2015-11-01,12228,2262,GitHub/seanmonstar/httparse,1
2015-11-01,12266,2867,GitHub/bitflags/bitflags,26
2015-11-01,12266,3086,GitHub/bitflags/bitflags,2
2015-11-01,12266,264,GitHub/bitflags/bitflags,1
2015-11-01,12266,3088,GitHub/bitflags/bitflags,1
2015-11-01,12266,3085,GitHub/bitflags/bitflags,2
2015-11-01,12266,3087,GitHub/bitflags/bitflags,1
2015-11-01,12266,3089,GitHub/bitflags/bitflags,1
2015-11-01,12842,3433,GitHub/tokio-rs/slab,6
2015-11-01,12842,3613,GitHub/tokio-rs/slab,1
2015-11-01,12842,4724,GitHub/tokio-rs/slab,1
2015-11-01,12842,4978,GitHub/tokio-rs/slab,4
2015-11-01,14306,4648,GitHub/rust-num/num-integer,1
2015-11-01,14306,4070,GitHub/rust-num/num-integer,4
2015-11-01,14306,2184,GitHub/rust-num/num-integer,1
2015-11-01,14306,2197,GitHub/rust-num/num-integer,2
2015-11-01,14306,4131,GitHub/rust-num/num-integer,1
2015-11-01,14306,4669,GitHub/rust-num/num-integer,3
2015-11-01,14306,4015,GitHub/rust-num/num-integer,1
2015-11-01,14306,2193,GitHub/rust-num/num-integer,1
2015-11-01,14306,4048,GitHub/rust-num/num-integer,6
2015-11-01,14306,4672,GitHub/rust-num/num-integer,2
2015-11-01,14306,3136,GitHub/rust-num/num-integer,2
2015-11-01,14306,4670,GitHub/rust-num/num-integer,1
2015-11-01,14306,4666,GitHub/rust-num/num-integer,1
2015-11-01,14306,3427,GitHub/rust-num/num-integer,2
2015-11-01,14306,4664,GitHub/rust-num/num-integer,1
2015-11-01,14306,2195,GitHub/rust-num/num-integer,3
2015-11-01,14306,378,GitHub/rust-num/num-integer,10
2015-11-01,14306,2942,GitHub/rust-num/num-integer,1
2015-11-01,14306,4668,GitHub/rust-num/num-integer,1
2015-11-01,14306,4133,GitHub/rust-num/num-integer,1
2015-11-01,14306,3230,GitHub/rust-num/num-integer,2
2015-11-01,14306,4663,GitHub/rust-num/num-integer,2
2015-11-01,14306,2988,GitHub/rust-num/num-integer,4
2015-11-01,14306,4513,GitHub/rust-num/num-integer,1
2015-11-01,14306,2192,GitHub/rust-num/num-integer,1
2015-11-01,14306,2867,GitHub/rust-num/num-integer,61
2015-11-01,14306,3025,GitHub/rust-num/num-integer,7
2015-11-01,14306,4667,GitHub/rust-num/num-integer,2
2015-11-01,14306,3205,GitHub/rust-num/num-integer,2
2015-11-01,14306,3727,GitHub/rust-num/num-integer,1
2015-11-01,14306,3201,GitHub/rust-num/num-integer,2
2015-11-01,14306,4042,GitHub/rust-num/num-integer,2
2015-11-01,14306,2186,GitHub/rust-num/num-integer,6
2015-11-01,14306,3987,GitHub/rust-num/num-integer,2
2015-11-01,16183,4124,GitHub/rust-lang/cc-rs,2
2015-11-01,16183,4126,GitHub/rust-lang/cc-rs,1
2015-11-01,16183,4122,GitHub/rust-lang/cc-rs,1
2015-11-01,16183,1509,GitHub/rust-lang/cc-rs,1
2015-11-01,16183,2947,GitHub/rust-lang/cc-rs,2
2015-11-01,16183,3424,GitHub/rust-lang/cc-rs,3
2015-11-01,16183,4121,GitHub/rust-lang/cc-rs,1
2015-11-01,16183,4125,GitHub/rust-lang/cc-rs,4
2015-11-01,16183,1510,GitHub/rust-lang/cc-rs,3
2015-11-01,16183,1511,GitHub/rust-lang/cc-rs,1
2015-11-01,16183,3650,GitHub/rust-lang/cc-rs,4
2015-11-01,16183,2867,GitHub/rust-lang/cc-rs,107
2015-11-01,16492,2562,GitHub/tokio-rs/bytes,1
2015-11-01,16492,4964,GitHub/tokio-rs/bytes,1
2015-11-01,16492,3170,GitHub/tokio-rs/bytes,1
2015-11-01,16492,1763,GitHub/tokio-rs/bytes,1
2015-11-01,16492,3433,GitHub/tokio-rs/bytes,57
2015-11-01,16492,2948,GitHub/tokio-rs/bytes,1
2015-11-01,16492,4530,GitHub/tokio-rs/bytes,10
2015-11-01,16492,4812,GitHub/tokio-rs/bytes,1
2015-11-01,16492,4724,GitHub/tokio-rs/bytes,1
2015-11-01,16492,2947,GitHub/tokio-rs/bytes,1
2015-11-01,16492,2561,GitHub/tokio-rs/bytes,1
2015-11-01,16492,4965,GitHub/tokio-rs/bytes,1
2015-11-01,17630,3136,GitHub/bluss/either,5
2015-11-01,17630,3137,GitHub/bluss/either,1
2015-11-01,17630,268,GitHub/bluss/either,16
2015-11-01,18006,2988,GitHub/crossbeam-rs/crossbeam,1
2015-11-01,18006,3427,GitHub/crossbeam-rs/crossbeam,62
2015-11-01,18006,3441,GitHub/crossbeam-rs/crossbeam,1
2015-11-01,18006,378,GitHub/crossbeam-rs/crossbeam,1
2015-11-01,18006,3443,GitHub/crossbeam-rs/crossbeam,1
2015-11-01,18006,3096,GitHub/crossbeam-rs/crossbeam,1
2015-11-01,18006,2867,GitHub/crossbeam-rs/crossbeam,6
2015-11-01,18006,3442,GitHub/crossbeam-rs/crossbeam,1
2015-11-01,18006,2950,GitHub/crossbeam-rs/crossbeam,3
2015-11-01,18006,150,GitHub/crossbeam-rs/crossbeam,1
2015-11-01,19184,268,GitHub/bluss/scopeguard,4
2015-11-01,19468,2936,GitHub/servo/rust-fnv,1
2015-11-01,19468,3413,GitHub/servo/rust-fnv,8
2015-11-01,20949,3651,GitHub/Geal/nom,4
2015-11-01,20949,3112,GitHub/Geal/nom,1
2015-11-01,20949,3660,GitHub/Geal/nom,2
2015-11-01,20949,3646,GitHub/Geal/nom,3
2015-11-01,20949,3085,GitHub/Geal/nom,1
2015-11-01,20949,268,GitHub/Geal/nom,1
2015-11-01,20949,3645,GitHub/Geal/nom,1
2015-11-01,20949,1252,GitHub/Geal/nom,1
2015-11-01,20949,3647,GitHub/Geal/nom,4
2015-11-01,20949,3099,GitHub/Geal/nom,4
2015-11-01,20949,3655,GitHub/Geal/nom,3
2015-11-01,20949,2936,GitHub/Geal/nom,1
2015-11-01,20949,3663,GitHub/Geal/nom,1
2015-11-01,20949,3657,GitHub/Geal/nom,2
2015-11-01,20949,3652,GitHub/Geal/nom,2
2015-11-01,20949,3650,GitHub/Geal/nom,4
2015-11-01,20949,3659,GitHub/Geal/nom,1
2015-11-01,20949,3174,GitHub/Geal/nom,2
2015-11-01,20949,3649,GitHub/Geal/nom,2
2015-11-01,20949,3654,GitHub/Geal/nom,1
2015-11-01,20949,942,GitHub/Geal/nom,1
2015-11-01,20949,3534,GitHub/Geal/nom,469
2015-11-01,20949,3656,GitHub/Geal/nom,2
2015-11-01,20949,3648,GitHub/Geal/nom,2
2015-11-01,20949,3658,GitHub/Geal/nom,1
2015-11-01,20949,932,GitHub/Geal/nom,1
2015-11-01,21282,268,GitHub/bluss/arrayvec,34
2015-11-01,21282,3092,GitHub/bluss/arrayvec,6
2015-11-01,22724,4460,GitHub/rust-lang/log,1
2015-11-01,22724,4462,GitHub/rust-lang/log,1
2015-11-01,22724,2867,GitHub/rust-lang/log,48
2015-11-01,22724,2993,GitHub/rust-lang/log,1
2015-11-01,22724,3071,GitHub/rust-lang/log,1
2015-11-01,22724,4463,GitHub/rust-lang/log,2
2015-11-01,22724,1935,GitHub/rust-lang/log,1
2015-11-01,22724,378,GitHub/rust-lang/log,11
2015-11-01,22724,4459,GitHub/rust-lang/log,3
2015-11-01,22724,4461,GitHub/rust-lang/log,1
2015-11-01,22724,2988,GitHub/rust-lang/log,3
2015-11-01,22724,2947,GitHub/rust-lang/log,1
2015-11-01,22724,2945,GitHub/rust-lang/log,25
2015-11-01,22724,2936,GitHub/rust-lang/log,2
2015-11-01,22724,4465,GitHub/rust-lang/log,1
2015-11-01,22724,2950,GitHub/rust-lang/log,2
2015-11-01,22724,2979,GitHub/rust-lang/log,1
2015-11-01,22724,4464,GitHub/rust-lang/log,1
2015-11-01,22804,2867,GitHub/alexcrichton/cfg-if,3
2015-11-01,23287,3791,GitHub/rust-itertools/itertools,2
2015-11-01,23287,4043,GitHub/rust-itertools/itertools,9
2015-11-01,23287,1414,GitHub/rust-itertools/itertools,1
2015-11-01,23287,268,GitHub/rust-itertools/itertools,89
2015-11-01,23287,2942,GitHub/rust-itertools/itertools,2
2015-11-01,23287,3137,GitHub/rust-itertools/itertools,5
2015-11-01,23287,3147,GitHub/rust-itertools/itertools,1
2015-11-01,23287,4044,GitHub/rust-itertools/itertools,1
2015-11-01,23287,95,GitHub/rust-itertools/itertools,2
2015-11-01,23287,1415,GitHub/rust-itertools/itertools,1
2015-11-01,23287,3541,GitHub/rust-itertools/itertools,6
2015-11-01,23287,1413,GitHub/rust-itertools/itertools,2
2015-11-01,23287,4052,GitHub/rust-itertools/itertools,1
2015-11-01,23287,3714,GitHub/rust-itertools/itertools,1
2015-11-01,24440,3083,GitHub/ogham/rust-ansi-term,1
2015-11-01,24440,3997,GitHub/ogham/rust-ansi-term,1
2015-11-01,24440,496,GitHub/ogham/rust-ansi-term,33
2015-11-01,24440,3692,GitHub/ogham/rust-ansi-term,5
2015-11-01,24455,4648,GitHub/serde-rs/json,1
2015-11-01,24455,4787,GitHub/serde-rs/json,1
2015-11-01,24455,3080,GitHub/serde-rs/json,1
2015-11-01,24455,4790,GitHub/serde-rs/json,1
2015-11-01,24455,1091,GitHub/serde-rs/json,1
2015-11-01,24455,2942,GitHub/serde-rs/json,24
2015-11-01,24455,2961,GitHub/serde-rs/json,1
2015-11-01,24455,4789,GitHub/serde-rs/json,1
2015-11-01,25976,4538,GitHub/rust-lang/regex,1
2015-11-01,25976,3660,GitHub/rust-lang/regex,1
2015-11-01,25976,4535,GitHub/rust-lang/regex,1
2015-11-01,25976,4464,GitHub/rust-lang/regex,1
2015-11-01,25976,2025,GitHub/rust-lang/regex,3
2015-11-01,25976,4537,GitHub/rust-lang/regex,2
2015-11-01,25976,4534,GitHub/rust-lang/regex,1
2015-11-01,25976,4536,GitHub/rust-lang/regex,2
2015-11-01,25976,4540,GitHub/rust-lang/regex,1
2015-11-01,25976,2867,GitHub/rust-lang/regex,55
2015-11-01,25976,1539,GitHub/rust-lang/regex,1
2015-11-01,25976,4539,GitHub/rust-lang/regex,1
2015-11-01,25976,2993,GitHub/rust-lang/regex,1
2015-11-01,25976,3423,GitHub/rust-lang/regex,3
2015-11-01,25976,3543,GitHub/rust-lang/regex,1
2015-11-01,25976,4544,GitHub/rust-lang/regex,1
2015-11-01,25976,3913,GitHub/rust-lang/regex,1
2015-11-01,25976,4543,GitHub/rust-lang/regex,1
2015-11-01,25976,4541,GitHub/rust-lang/regex,1
2015-11-01,25976,4546,GitHub/rust-lang/regex,1
2015-11-01,25976,4465,GitHub/rust-lang/regex,1
2015-11-01,25976,2022,GitHub/rust-lang/regex,2
2015-11-01,25976,2945,GitHub/rust-lang/regex,1
2015-11-01,25976,4542,GitHub/rust-lang/regex,4
2015-11-01,25976,2033,GitHub/rust-lang/regex,1
2015-11-01,25976,3544,GitHub/rust-lang/regex,1
2015-11-01,25976,2036,GitHub/rust-lang/regex,1
2015-11-01,25976,268,GitHub/rust-lang/regex,2
2015-11-01,25976,3440,GitHub/rust-lang/regex,1
2015-11-01,25976,3071,GitHub/rust-lang/regex,1
2015-11-01,25976,378,GitHub/rust-lang/regex,5
2015-11-01,25976,3413,GitHub/rust-lang/regex,3
2015-11-01,25976,2947,GitHub/rust-lang/regex,1
2015-11-01,25976,4459,GitHub/rust-lang/regex,1
2015-11-01,25976,4526,GitHub/rust-lang/regex,3
2015-11-01,25976,3043,GitHub/rust-lang/regex,102
2015-11-01,25976,2950,GitHub/rust-lang/regex,4
2015-11-01,26074,3042,GitHub/paholg/typenum,28
2015-11-01,26074,3614,GitHub/paholg/typenum,139
2015-11-01,28705,707,GitHub/dguo/strsim-rs,24
2015-11-01,28705,3467,GitHub/dguo/strsim-rs,1
2015-11-01,28877,2942,GitHub/unicode-rs/unicode-xid,1
2015-11-01,28877,4538,GitHub/unicode-rs/unicode-xid,4
2015-11-01,32560,3216,GitHub/BurntSushi/memchr,3
2015-11-01,32560,3043,GitHub/BurntSushi/memchr,17
2015-11-01,32560,268,GitHub/BurntSushi/memchr,7
2015-11-01,35574,4538,GitHub/unicode-rs/unicode-normalization,18
2015-11-01,35574,3413,GitHub/unicode-rs/unicode-normalization,7
2015-11-01,35574,2867,GitHub/unicode-rs/unicode-normalization,1
2015-11-01,35574,4982,GitHub/unicode-rs/unicode-normalization,1
2015-11-01,36114,3413,GitHub/SimonSapin/rust-std-candidates,37
2015-11-01,36114,2873,GitHub/SimonSapin/rust-std-candidates,1
2015-11-01,37844,4270,GitHub/softprops/atty,7
2015-11-01,39779,4129,GitHub/time-rs/time,1
2015-11-01,39779,4925,GitHub/time-rs/time,1
2015-11-01,39779,4933,GitHub/time-rs/time,1
2015-11-01,39779,4928,GitHub/time-rs/time,1
2015-11-01,39779,4672,GitHub/time-rs/time,1
2015-11-01,39779,4530,GitHub/time-rs/time,1
2015-11-01,39779,4931,GitHub/time-rs/time,1
2015-11-01,39779,3905,GitHub/time-rs/time,1
2015-11-01,39779,4934,GitHub/time-rs/time,1
2015-11-01,39779,4937,GitHub/time-rs/time,1
2015-11-01,39779,4930,GitHub/time-rs/time,1
2015-11-01,39779,4927,GitHub/time-rs/time,2
2015-11-01,39779,2521,GitHub/time-rs/time,9
2015-11-01,39779,2950,GitHub/time-rs/time,2
2015-11-01,39779,2526,GitHub/time-rs/time,1
2015-11-01,39779,4932,GitHub/time-rs/time,7
2015-11-01,39779,2867,GitHub/time-rs/time,113
2015-11-01,39779,3173,GitHub/time-rs/time,1
2015-11-01,39779,4929,GitHub/time-rs/time,1
2015-11-01,39779,4633,GitHub/time-rs/time,1
2015-11-01,39779,4167,GitHub/time-rs/time,1
2015-11-01,39779,2945,GitHub/time-rs/time,3
2015-11-01,39779,4662,GitHub/time-rs/time,1
2015-11-01,39779,2947,GitHub/time-rs/time,2
2015-11-01,39779,2033,GitHub/time-rs/time,1
2015-11-01,39779,3878,GitHub/time-rs/time,3
2015-11-01,39779,4935,GitHub/time-rs/time,1
2015-11-01,39779,3633,GitHub/time-rs/time,2
2015-11-01,39779,4936,GitHub/time-rs/time,1
2015-11-01,39779,2514,GitHub/time-rs/time,1
2015-11-01,39779,264,GitHub/time-rs/time,1
2015-11-01,39779,1530,GitHub/time-rs/time,1
2015-11-01,39779,4926,GitHub/time-rs/time,1
2015-11-01,39779,378,GitHub/time-rs/time,4
2015-11-01,40494,4887,GitHub/servo/unicode-bidi,1
2015-11-01,40494,2988,GitHub/servo/unicode-bidi,40
2015-11-01,40494,2352,GitHub/servo/unicode-bidi,8
2015-11-01,40494,3413,GitHub/servo/unicode-bidi,2
2015-11-01,40937,3112,GitHub/dtolnay/semver,1
2015-11-01,40937,3539,GitHub/dtolnay/semver,1
2015-11-01,40937,2950,GitHub/dtolnay/semver,8
2015-11-01,40937,3542,GitHub/dtolnay/semver,1
2015-11-01,40937,3543,GitHub/dtolnay/semver,1
2015-11-01,40937,3540,GitHub/dtolnay/semver,1
2015-11-01,40937,245,GitHub/dtolnay/semver,1
2015-11-01,40937,3538,GitHub/dtolnay/semver,1
2015-11-01,40937,2946,GitHub/dtolnay/semver,4
2015-11-01,40937,3541,GitHub/dtolnay/semver,1
2015-11-01,40937,3537,GitHub/dtolnay/semver,5
2015-11-01,40937,800,GitHub/dtolnay/semver,2
2015-11-01,40937,2945,GitHub/dtolnay/semver,2
2015-11-01,40937,2867,GitHub/dtolnay/semver,33
2015-11-01,40937,2988,GitHub/dtolnay/semver,1
2015-11-01,41752,3793,GitHub/servo/rust-url,1
2015-11-01,41752,2951,GitHub/servo/rust-url,1
2015-11-01,41752,3552,GitHub/servo/rust-url,1
2015-11-01,41752,4126,GitHub/servo/rust-url,1
2015-11-01,41752,4829,GitHub/servo/rust-url,1
2015-11-01,41752,2428,GitHub/servo/rust-url,2
2015-11-01,41752,4827,GitHub/servo/rust-url,1
2015-11-01,41752,2352,GitHub/servo/rust-url,8
2015-11-01,41752,4831,GitHub/servo/rust-url,2
2015-11-01,41752,4167,GitHub/servo/rust-url,2
2015-11-01,41752,2936,GitHub/servo/rust-url,6
2015-11-01,41752,1763,GitHub/servo/rust-url,3
2015-11-01,41752,3413,GitHub/servo/rust-url,84
2015-11-01,41752,3878,GitHub/servo/rust-url,1
2015-11-01,41752,4581,GitHub/servo/rust-url,5
2015-11-01,41752,2945,GitHub/servo/rust-url,1
2015-11-01,41752,3173,GitHub/servo/rust-url,2
2015-11-01,41752,4534,GitHub/servo/rust-url,2
2015-11-01,41752,4797,GitHub/servo/rust-url,1
2015-11-01,41752,3543,GitHub/servo/rust-url,1
2015-11-01,41752,4828,GitHub/servo/rust-url,1
2015-11-01,41752,4464,GitHub/servo/rust-url,1
2015-11-01,41752,3533,GitHub/servo/rust-url,1
2015-11-01,41752,2867,GitHub/servo/rust-url,6
2015-11-01,41752,4452,GitHub/servo/rust-url,4
2015-11-01,41752,4546,GitHub/servo/rust-url,1
2015-11-01,41752,1252,GitHub/servo/rust-url,1
2015-11-01,46027,90,GitHub/alexcrichton/toml-rs,1
2015-11-01,46027,2945,GitHub/alexcrichton/toml-rs,1
2015-11-01,46027,2947,GitHub/alexcrichton/toml-rs,4
2015-11-01,46027,2940,GitHub/alexcrichton/toml-rs,2
2015-11-01,46027,2867,GitHub/alexcrichton/toml-rs,83
2015-11-01,46027,2873,GitHub/alexcrichton/toml-rs,1
2015-11-01,46027,2944,GitHub/alexcrichton/toml-rs,2
2015-11-01,46027,95,GitHub/alexcrichton/toml-rs,2
2015-11-01,46027,2941,GitHub/alexcrichton/toml-rs,2
2015-11-01,46027,2942,GitHub/alexcrichton/toml-rs,6
2015-11-01,46027,2946,GitHub/alexcrichton/toml-rs,1
2015-11-01,46027,2939,GitHub/alexcrichton/toml-rs,1
2015-11-01,46027,2943,GitHub/alexcrichton/toml-rs,2
2015-11-01,46178,4635,GitHub/rust-lang-nursery/lazy-static.rs,1
2015-11-01,46178,3660,GitHub/rust-lang-nursery/lazy-static.rs,1
2015-11-01,46178,4632,GitHub/rust-lang-nursery/lazy-static.rs,2
2015-11-01,46178,4636,GitHub/rust-lang-nursery/lazy-static.rs,1
2015-11-01,46178,3293,GitHub/rust-lang-nursery/lazy-static.rs,1
2015-11-01,46178,3112,GitHub/rust-lang-nursery/lazy-static.rs,1
2015-11-01,46178,3472,GitHub/rust-lang-nursery/lazy-static.rs,30
2015-11-01,46178,4634,GitHub/rust-lang-nursery/lazy-static.rs,1
2015-11-01,46178,3081,GitHub/rust-lang-nursery/lazy-static.rs,1
2015-11-01,46178,2936,GitHub/rust-lang-nursery/lazy-static.rs,1
2015-11-01,46178,3413,GitHub/rust-lang-nursery/lazy-static.rs,3
2015-11-01,46178,4633,GitHub/rust-lang-nursery/lazy-static.rs,4
2015-11-01,49075,4513,GitHub/rust-lang/pkg-config-rs,4
2015-11-01,49075,4464,GitHub/rust-lang/pkg-config-rs,1
2015-11-01,49075,1999,GitHub/rust-lang/pkg-config-rs,1
2015-11-01,49075,2867,GitHub/rust-lang/pkg-config-rs,42
2015-11-01,49075,4515,GitHub/rust-lang/pkg-config-rs,1
2015-11-01,49075,2945,GitHub/rust-lang/pkg-config-rs,1
2015-11-01,49075,2946,GitHub/rust-lang/pkg-config-rs,1
2015-11-01,49075,4514,GitHub/rust-lang/pkg-config-rs,1
2015-11-01,52465,3093,GitHub/fizyk20/generic-array,5
2015-11-01,52465,3606,GitHub/fizyk20/generic-array,21
2015-11-01,52465,3042,GitHub/fizyk20/generic-array,2
2015-12-01,602,4538,GitHub/unicode-rs/unicode-segmentation,19
2015-12-01,602,3413,GitHub/unicode-rs/unicode-segmentation,1
2015-12-01,602,4989,GitHub/unicode-rs/unicode-segmentation,1
2015-12-01,3150,1530,GitHub/seanmonstar/num_cpus,1
2015-12-01,3150,2950,GitHub/seanmonstar/num_cpus,1
2015-12-01,3150,4738,GitHub/seanmonstar/num_cpus,1
2015-12-01,3150,3878,GitHub/seanmonstar/num_cpus,26
2015-12-01,3150,4515,GitHub/seanmonstar/num_cpus,1
2015-12-01,3150,4129,GitHub/seanmonstar/num_cpus,1
2015-12-01,3150,2282,GitHub/seanmonstar/num_cpus,1
2015-12-01,3150,4740,GitHub/seanmonstar/num_cpus,2
2015-12-01,3150,3078,GitHub/seanmonstar/num_cpus,1
2015-12-01,3150,2988,GitHub/seanmonstar/num_cpus,1
2015-12-01,3150,4739,GitHub/seanmonstar/num_cpus,1
2015-12-01,3509,2867,GitHub/unicode-rs/unicode-width,3
2015-12-01,3509,3413,GitHub/unicode-rs/unicode-width,1
2015-12-01,3509,4538,GitHub/unicode-rs/unicode-width,17
2015-12-01,4484,3202,GitHub/BurntSushi/byteorder,1
2015-12-01,4484,3211,GitHub/BurntSushi/byteorder,1
2015-12-01,4484,3203,GitHub/BurntSushi/byteorder,1
2015-12-01,4484,3209,GitHub/BurntSushi/byteorder,3
2015-12-01,4484,3205,GitHub/BurntSushi/byteorder,2
2015-12-01,4484,402,GitHub/BurntSushi/byteorder,1
2015-12-01,4484,2945,GitHub/BurntSushi/byteorder,1
2015-12-01,4484,3204,GitHub/BurntSushi/byteorder,1
2015-12-01,4484,3210,GitHub/BurntSushi/byteorder,3
2015-12-01,4484,2959,GitHub/BurntSushi/byteorder,1
2015-12-01,4484,3207,GitHub/BurntSushi/byteorder,1
2015-12-01,4484,3206,GitHub/BurntSushi/byteorder,1
2015-12-01,4484,3043,GitHub/BurntSushi/byteorder,92
2015-12-01,4484,3201,GitHub/BurntSushi/byteorder,1
2015-12-01,4484,3137,GitHub/BurntSushi/byteorder,1
2015-12-01,4484,3208,GitHub/BurntSushi/byteorder,6
2015-12-01,4486,3193,GitHub/contain-rs/vec-map,10
2015-12-01,4486,3365,GitHub/contain-rs/vec-map,1
2015-12-01,4486,593,GitHub/contain-rs/vec-map,2
2015-12-01,4486,2993,GitHub/contain-rs/vec-map,9
2015-12-01,4486,586,GitHub/contain-rs/vec-map,8
2015-12-01,6681,3472,GitHub/djc/rustc-version-rs,23
2015-12-01,7322,3078,GitHub/servo/rust-smallvec,1
2015-12-01,7322,4798,GitHub/servo/rust-smallvec,1
2015-12-01,7322,2352,GitHub/servo/rust-smallvec,3
2015-12-01,7322,4797,GitHub/servo/rust-smallvec,1
2015-12-01,7322,3173,GitHub/servo/rust-smallvec,2
2015-12-01,7322,3436,GitHub/servo/rust-smallvec,1
2015-12-01,7322,268,GitHub/servo/rust-smallvec,2
2015-12-01,7322,2936,GitHub/servo/rust-smallvec,1
2015-12-01,7322,3413,GitHub/servo/rust-smallvec,21
2015-12-01,7415,3174,GitHub/BurntSushi/aho-corasick,6
2015-12-01,7415,3043,GitHub/BurntSushi/aho-corasick,33
2015-12-01,7415,3175,GitHub/BurntSushi/aho-corasick,3
2015-12-01,12228,3169,GitHub/seanmonstar/httparse,6
2015-12-01,12228,2262,GitHub/seanmonstar/httparse,1
2015-12-01,12228,3878,GitHub/seanmonstar/httparse,50
2015-12-01,12228,4724,GitHub/seanmonstar/httparse,1
2015-12-01,12266,3078,GitHub/bitflags/bitflags,1
2015-12-01,12266,264,GitHub/bitflags/bitflags,1
2015-12-01,12266,3089,GitHub/bitflags/bitflags,1
2015-12-01,12266,3085,GitHub/bitflags/bitflags,2
2015-12-01,12266,2867,GitHub/bitflags/bitflags,28
2015-12-01,12266,3087,GitHub/bitflags/bitflags,1
2015-12-01,12266,3088,GitHub/bitflags/bitflags,1
2015-12-01,12266,3086,GitHub/bitflags/bitflags,2
2015-12-01,12842,4812,GitHub/tokio-rs/slab,5
2015-12-01,12842,3613,GitHub/tokio-rs/slab,1
2015-12-01,12842,3714,GitHub/tokio-rs/slab,2
2015-12-01,12842,3433,GitHub/tokio-rs/slab,6
2015-12-01,12842,4724,GitHub/tokio-rs/slab,1
2015-12-01,12842,4978,GitHub/tokio-rs/slab,4
2015-12-01,14306,4666,GitHub/rust-num/num-integer,1
2015-12-01,14306,3230,GitHub/rust-num/num-integer,2
2015-12-01,14306,4669,GitHub/rust-num/num-integer,3
2015-12-01,14306,2193,GitHub/rust-num/num-integer,1
2015-12-01,14306,4048,GitHub/rust-num/num-integer,6
2015-12-01,14306,3136,GitHub/rust-num/num-integer,2
2015-12-01,14306,4668,GitHub/rust-num/num-integer,1
2015-12-01,14306,4670,GitHub/rust-num/num-integer,1
2015-12-01,14306,3987,GitHub/rust-num/num-integer,2
2015-12-01,14306,4131,GitHub/rust-num/num-integer,1
2015-12-01,14306,4015,GitHub/rust-num/num-integer,1
2015-12-01,14306,2186,GitHub/rust-num/num-integer,6
2015-12-01,14306,4672,GitHub/rust-num/num-integer,2
2015-12-01,14306,3025,GitHub/rust-num/num-integer,21
2015-12-01,14306,3727,GitHub/rust-num/num-integer,3
2015-12-01,14306,4663,GitHub/rust-num/num-integer,2
2015-12-01,14306,378,GitHub/rust-num/num-integer,10
2015-12-01,14306,4648,GitHub/rust-num/num-integer,4
2015-12-01,14306,3201,GitHub/rust-num/num-integer,2
2015-12-01,14306,3427,GitHub/rust-num/num-integer,2
2015-12-01,14306,2988,GitHub/rust-num/num-integer,4
2015-12-01,14306,2942,GitHub/rust-num/num-integer,1
2015-12-01,14306,2195,GitHub/rust-num/num-integer,3
2015-12-01,14306,4667,GitHub/rust-num/num-integer,2
2015-12-01,14306,2192,GitHub/rust-num/num-integer,1
2015-12-01,14306,3205,GitHub/rust-num/num-integer,2
2015-12-01,14306,4042,GitHub/rust-num/num-integer,2
2015-12-01,14306,2197,GitHub/rust-num/num-integer,2
2015-12-01,14306,4513,GitHub/rust-num/num-integer,1
2015-12-01,14306,4664,GitHub/rust-num/num-integer,1
2015-12-01,14306,4133,GitHub/rust-num/num-integer,1
2015-12-01,14306,4070,GitHub/rust-num/num-integer,4
2015-12-01,14306,2184,GitHub/rust-num/num-integer,2
2015-12-01,14306,2867,GitHub/rust-num/num-integer,61
2015-12-01,16183,1510,GitHub/rust-lang/cc-rs,3
2015-12-01,16183,1511,GitHub/rust-lang/cc-rs,1
2015-12-01,16183,2947,GitHub/rust-lang/cc-rs,2
2015-12-01,16183,4126,GitHub/rust-lang/cc-rs,1
2015-12-01,16183,3424,GitHub/rust-lang/cc-rs,3
2015-12-01,16183,4121,GitHub/rust-lang/cc-rs,1
2015-12-01,16183,4122,GitHub/rust-lang/cc-rs,1
2015-12-01,16183,1509,GitHub/rust-lang/cc-rs,1
2015-12-01,16183,4125,GitHub/rust-lang/cc-rs,4
2015-12-01,16183,2867,GitHub/rust-lang/cc-rs,109
2015-12-01,16183,3650,GitHub/rust-lang/cc-rs,4
2015-12-01,16183,4124,GitHub/rust-lang/cc-rs,2
2015-12-01,16492,4812,GitHub/tokio-rs/bytes,1
2015-12-01,16492,2948,GitHub/tokio-rs/bytes,1
2015-12-01,16492,4965,GitHub/tokio-rs/bytes,1
2015-12-01,16492,2562,GitHub/tokio-rs/bytes,1
2015-12-01,16492,2947,GitHub/tokio-rs/bytes,1
2015-12-01,16492,4964,GitHub/tokio-rs/bytes,1
2015-12-01,16492,2561,GitHub/tokio-rs/bytes,1
2015-12-01,16492,4724,GitHub/tokio-rs/bytes,1
2015-12-01,16492,1763,GitHub/tokio-rs/bytes,1
2015-12-01,16492,3433,GitHub/tokio-rs/bytes,57
2015-12-01,16492,4530,GitHub/tokio-rs/bytes,10
2015-12-01,16492,3170,GitHub/tokio-rs/bytes,1
2015-12-01,17630,3136,GitHub/bluss/either,5
2015-12-01,17630,268,GitHub/bluss/either,16
2015-12-01,17630,3137,GitHub/bluss/either,1
2015-12-01,18006,3441,GitHub/crossbeam-rs/crossbeam,1
2015-12-01,18006,3442,GitHub/crossbeam-rs/crossbeam,1
2015-12-01,18006,150,GitHub/crossbeam-rs/crossbeam,1
2015-12-01,18006,2927,GitHub/crossbeam-rs/crossbeam,1
2015-12-01,18006,3443,GitHub/crossbeam-rs/crossbeam,1
2015-12-01,18006,2988,GitHub/crossbeam-rs/crossbeam,1
2015-12-01,18006,2950,GitHub/crossbeam-rs/crossbeam,3
2015-12-01,18006,3427,GitHub/crossbeam-rs/crossbeam,66
2015-12-01,18006,2867,GitHub/crossbeam-rs/crossbeam,6
2015-12-01,18006,3096,GitHub/crossbeam-rs/crossbeam,1
2015-12-01,18006,378,GitHub/crossbeam-rs/crossbeam,1
2015-12-01,19184,268,GitHub/bluss/scopeguard,4
2015-12-01,19468,3413,GitHub/servo/rust-fnv,8
2015-12-01,19468,2936,GitHub/servo/rust-fnv,1
2015-12-01,20949,3652,GitHub/Geal/nom,3
2015-12-01,20949,1252,GitHub/Geal/nom,1
2015-12-01,20949,3645,GitHub/Geal/nom,1
2015-12-01,20949,3657,GitHub/Geal/nom,2
2015-12-01,20949,3659,GitHub/Geal/nom,1
2015-12-01,20949,3647,GitHub/Geal/nom,7
2015-12-01,20949,3099,GitHub/Geal/nom,4
2015-12-01,20949,3655,GitHub/Geal/nom,3
2015-12-01,20949,2936,GitHub/Geal/nom,1
2015-12-01,20949,3112,GitHub/Geal/nom,3
2015-12-01,20949,940,GitHub/Geal/nom,1
2015-12-01,20949,3085,GitHub/Geal/nom,1
2015-12-01,20949,3662,GitHub/Geal/nom,4
2015-12-01,20949,3643,GitHub/Geal/nom,1
2015-12-01,20949,3650,GitHub/Geal/nom,4
2015-12-01,20949,3651,GitHub/Geal/nom,4
2015-12-01,20949,3534,GitHub/Geal/nom,521
2015-12-01,20949,3174,GitHub/Geal/nom,2
2015-12-01,20949,3649,GitHub/Geal/nom,2
2015-12-01,20949,2950,GitHub/Geal/nom,2
2015-12-01,20949,3658,GitHub/Geal/nom,1
2015-12-01,20949,932,GitHub/Geal/nom,1
2015-12-01,20949,593,GitHub/Geal/nom,5
2015-12-01,20949,3654,GitHub/Geal/nom,1
2015-12-01,20949,3663,GitHub/Geal/nom,1
2015-12-01,20949,3660,GitHub/Geal/nom,2
2015-12-01,20949,942,GitHub/Geal/nom,1
2015-12-01,20949,3646,GitHub/Geal/nom,3
2015-12-01,20949,3656,GitHub/Geal/nom,2
2015-12-01,20949,3648,GitHub/Geal/nom,2
2015-12-01,20949,268,GitHub/Geal/nom,2
2015-12-01,21282,3092,GitHub/bluss/arrayvec,6
2015-12-01,21282,268,GitHub/bluss/arrayvec,35
2015-12-01,22724,1935,GitHub/rust-lang/log,1
2015-12-01,22724,2945,GitHub/rust-lang/log,25
2015-12-01,22724,4459,GitHub/rust-lang/log,3
2015-12-01,22724,2867,GitHub/rust-lang/log,54
2015-12-01,22724,2993,GitHub/rust-lang/log,1
2015-12-01,22724,2936,GitHub/rust-lang/log,2
2015-12-01,22724,4462,GitHub/rust-lang/log,1
2015-12-01,22724,4460,GitHub/rust-lang/log,1
2015-12-01,22724,3071,GitHub/rust-lang/log,1
2015-12-01,22724,4464,GitHub/rust-lang/log,1
2015-12-01,22724,4465,GitHub/rust-lang/log,1
2015-12-01,22724,4461,GitHub/rust-lang/log,1
2015-12-01,22724,4458,GitHub/rust-lang/log,1
2015-12-01,22724,2950,GitHub/rust-lang/log,2
2015-12-01,22724,2979,GitHub/rust-lang/log,1
2015-12-01,22724,2988,GitHub/rust-lang/log,3
2015-12-01,22724,1932,GitHub/rust-lang/log,1
2015-12-01,22724,2947,GitHub/rust-lang/log,1
2015-12-01,22724,4463,GitHub/rust-lang/log,2
2015-12-01,22724,378,GitHub/rust-lang/log,11
2015-12-01,22804,2867,GitHub/alexcrichton/cfg-if,3
2015-12-01,23287,3147,GitHub/rust-itertools/itertools,1
2015-12-01,23287,3137,GitHub/rust-itertools/itertools,5
2015-12-01,23287,3791,GitHub/rust-itertools/itertools,2
2015-12-01,23287,1414,GitHub/rust-itertools/itertools,1
2015-12-01,23287,1413,GitHub/rust-itertools/itertools,2
2015-12-01,23287,2942,GitHub/rust-itertools/itertools,2
2015-12-01,23287,95,GitHub/rust-itertools/itertools,2
2015-12-01,23287,268,GitHub/rust-itertools/itertools,90
2015-12-01,23287,4052,GitHub/rust-itertools/itertools,1
2015-12-01,23287,4043,GitHub/rust-itertools/itertools,12
2015-12-01,23287,4044,GitHub/rust-itertools/itertools,1
2015-12-01,23287,1415,GitHub/rust-itertools/itertools,1
2015-12-01,23287,3714,GitHub/rust-itertools/itertools,1
2015-12-01,23287,3541,GitHub/rust-itertools/itertools,6
2015-12-01,24440,3997,GitHub/ogham/rust-ansi-term,1
2015-12-01,24440,3083,GitHub/ogham/rust-ansi-term,1
2015-12-01,24440,496,GitHub/ogham/rust-ansi-term,42
2015-12-01,24440,3692,GitHub/ogham/rust-ansi-term,5
2015-12-01,24455,1091,GitHub/serde-rs/json,1
2015-12-01,24455,4648,GitHub/serde-rs/json,1
2015-12-01,24455,2339,GitHub/serde-rs/json,1
2015-12-01,24455,4787,GitHub/serde-rs/json,4
2015-12-01,24455,2961,GitHub/serde-rs/json,1
2015-12-01,24455,4789,GitHub/serde-rs/json,1
2015-12-01,24455,3080,GitHub/serde-rs/json,1
2015-12-01,24455,4790,GitHub/serde-rs/json,1
2015-12-01,24455,4788,GitHub/serde-rs/json,1
2015-12-01,24455,2942,GitHub/serde-rs/json,30
2015-12-01,25976,4532,GitHub/rust-lang/regex,2
2015-12-01,25976,268,GitHub/rust-lang/regex,2
2015-12-01,25976,4526,GitHub/rust-lang/regex,3
2015-12-01,25976,1539,GitHub/rust-lang/regex,1
2015-12-01,25976,2947,GitHub/rust-lang/regex,1
2015-12-01,25976,3173,GitHub/rust-lang/regex,1
2015-12-01,25976,4459,GitHub/rust-lang/regex,1
2015-12-01,25976,4531,GitHub/rust-lang/regex,2
2015-12-01,25976,2867,GitHub/rust-lang/regex,55
2015-12-01,25976,4540,GitHub/rust-lang/regex,1
2015-12-01,25976,4544,GitHub/rust-lang/regex,1
2015-12-01,25976,3913,GitHub/rust-lang/regex,1
2015-12-01,25976,4543,GitHub/rust-lang/regex,1
2015-12-01,25976,4541,GitHub/rust-lang/regex,1
2015-12-01,25976,2950,GitHub/rust-lang/regex,4
2015-12-01,25976,378,GitHub/rust-lang/regex,5
2015-12-01,25976,4465,GitHub/rust-lang/regex,1
2015-12-01,25976,4464,GitHub/rust-lang/regex,1
2015-12-01,25976,4546,GitHub/rust-lang/regex,1
2015-12-01,25976,4534,GitHub/rust-lang/regex,1
2015-12-01,25976,2025,GitHub/rust-lang/regex,3
2015-12-01,25976,2036,GitHub/rust-lang/regex,1
2015-12-01,25976,3071,GitHub/rust-lang/regex,1
2015-12-01,25976,3043,GitHub/rust-lang/regex,113
2015-12-01,25976,3660,GitHub/rust-lang/regex,1
2015-12-01,25976,4539,GitHub/rust-lang/regex,1
2015-12-01,25976,4536,GitHub/rust-lang/regex,2
2015-12-01,25976,3544,GitHub/rust-lang/regex,1
2015-12-01,25976,2993,GitHub/rust-lang/regex,1
2015-12-01,25976,3423,GitHub/rust-lang/regex,3
2015-12-01,25976,4535,GitHub/rust-lang/regex,1
2015-12-01,25976,2033,GitHub/rust-lang/regex,1
2015-12-01,25976,3413,GitHub/rust-lang/regex,3
2015-12-01,25976,4537,GitHub/rust-lang/regex,2
2015-12-01,25976,4538,GitHub/rust-lang/regex,1
2015-12-01,25976,4530,GitHub/rust-lang/regex,1
2015-12-01,25976,3440,GitHub/rust-lang/regex,1
2015-12-01,25976,4542,GitHub/rust-lang/regex,4
2015-12-01,25976,2945,GitHub/rust-lang/regex,1
2015-12-01,25976,3543,GitHub/rust-lang/regex,1
2015-12-01,25976,2022,GitHub/rust-lang/regex,2
2015-12-01,26074,3093,GitHub/paholg/typenum,2
2015-12-01,26074,3614,GitHub/paholg/typenum,142
2015-12-01,26074,3042,GitHub/paholg/typenum,29
2015-12-01,28705,707,GitHub/dguo/strsim-rs,24
2015-12-01,28705,3467,GitHub/dguo/strsim-rs,1
2015-12-01,28877,4538,GitHub/unicode-rs/unicode-xid,4
2015-12-01,28877,2942,GitHub/unicode-rs/unicode-xid,1
2015-12-01,32560,3216,GitHub/BurntSushi/memchr,3
2015-12-01,32560,3043,GitHub/BurntSushi/memchr,20
2015-12-01,32560,268,GitHub/BurntSushi/memchr,7
2015-12-01,35574,3413,GitHub/unicode-rs/unicode-normalization,7
2015-12-01,35574,4982,GitHub/unicode-rs/unicode-normalization,1
2015-12-01,35574,4538,GitHub/unicode-rs/unicode-normalization,18
2015-12-01,35574,2867,GitHub/unicode-rs/unicode-normalization,1
2015-12-01,36114,2873,GitHub/SimonSapin/rust-std-candidates,1
2015-12-01,36114,3413,GitHub/SimonSapin/rust-std-candidates,39
2015-12-01,37844,4270,GitHub/softprops/atty,9
2015-12-01,39779,2950,GitHub/time-rs/time,2
2015-12-01,39779,2033,GitHub/time-rs/time,1
2015-12-01,39779,2945,GitHub/time-rs/time,3
2015-12-01,39779,4936,GitHub/time-rs/time,1
2015-12-01,39779,4672,GitHub/time-rs/time,1
2015-12-01,39779,2521,GitHub/time-rs/time,9
2015-12-01,39779,4925,GitHub/time-rs/time,1
2015-12-01,39779,3905,GitHub/time-rs/time,1
2015-12-01,39779,3173,GitHub/time-rs/time,1
2015-12-01,39779,4129,GitHub/time-rs/time,1
2015-12-01,39779,4935,GitHub/time-rs/time,1
2015-12-01,39779,4633,GitHub/time-rs/time,1
2015-12-01,39779,4929,GitHub/time-rs/time,1
2015-12-01,39779,2526,GitHub/time-rs/time,1
2015-12-01,39779,4931,GitHub/time-rs/time,1
2015-12-01,39779,4933,GitHub/time-rs/time,1
2015-12-01,39779,2514,GitHub/time-rs/time,1
2015-12-01,39779,1530,GitHub/time-rs/time,1
2015-12-01,39779,4937,GitHub/time-rs/time,1
2015-12-01,39779,4934,GitHub/time-rs/time,1
2015-12-01,39779,3878,GitHub/time-rs/time,3
2015-12-01,39779,4530,GitHub/time-rs/time,1
2015-12-01,39779,3633,GitHub/time-rs/time,2
2015-12-01,39779,4924,GitHub/time-rs/time,1
2015-12-01,39779,4927,GitHub/time-rs/time,2
2015-12-01,39779,2867,GitHub/time-rs/time,118
2015-12-01,39779,4932,GitHub/time-rs/time,7
2015-12-01,39779,4662,GitHub/time-rs/time,1
2015-12-01,39779,264,GitHub/time-rs/time,1
2015-12-01,39779,4930,GitHub/time-rs/time,1
2015-12-01,39779,4167,GitHub/time-rs/time,1
2015-12-01,39779,4928,GitHub/time-rs/time,1
2015-12-01,39779,2947,GitHub/time-rs/time,2
2015-12-01,39779,4926,GitHub/time-rs/time,1
2015-12-01,39779,378,GitHub/time-rs/time,4
2015-12-01,40494,4887,GitHub/servo/unicode-bidi,1
2015-12-01,40494,4888,GitHub/servo/unicode-bidi,1
2015-12-01,40494,3413,GitHub/servo/unicode-bidi,2
2015-12-01,40494,2988,GitHub/servo/unicode-bidi,41
2015-12-01,40494,2352,GitHub/servo/unicode-bidi,8
2015-12-01,40937,3539,GitHub/dtolnay/semver,1
2015-12-01,40937,3112,GitHub/dtolnay/semver,1
2015-12-01,40937,245,GitHub/dtolnay/semver,1
2015-12-01,40937,3540,GitHub/dtolnay/semver,1
2015-12-01,40937,2867,GitHub/dtolnay/semver,33
2015-12-01,40937,3541,GitHub/dtolnay/semver,1
2015-12-01,40937,2988,GitHub/dtolnay/semver,1
2015-12-01,40937,2950,GitHub/dtolnay/semver,41
2015-12-01,40937,3542,GitHub/dtolnay/semver,1
2015-12-01,40937,3537,GitHub/dtolnay/semver,5
2015-12-01,40937,2945,GitHub/dtolnay/semver,2
2015-12-01,40937,2946,GitHub/dtolnay/semver,4
2015-12-01,40937,3538,GitHub/dtolnay/semver,1
2015-12-01,40937,3535,GitHub/dtolnay/semver,4
2015-12-01,40937,800,GitHub/dtolnay/semver,2
2015-12-01,40937,3543,GitHub/dtolnay/semver,1
2015-12-01,41752,4828,GitHub/servo/rust-url,1
2015-12-01,41752,4126,GitHub/servo/rust-url,1
2015-12-01,41752,1252,GitHub/servo/rust-url,1
2015-12-01,41752,2428,GitHub/servo/rust-url,2
2015-12-01,41752,3793,GitHub/servo/rust-url,1
2015-12-01,41752,4827,GitHub/servo/rust-url,1
2015-12-01,41752,3552,GitHub/servo/rust-url,1
2015-12-01,41752,2352,GitHub/servo/rust-url,8
2015-12-01,41752,4167,GitHub/servo/rust-url,2
2015-12-01,41752,4829,GitHub/servo/rust-url,1
2015-12-01,41752,1763,GitHub/servo/rust-url,3
2015-12-01,41752,3413,GitHub/servo/rust-url,88
2015-12-01,41752,4831,GitHub/servo/rust-url,2
2015-12-01,41752,2936,GitHub/servo/rust-url,6
2015-12-01,41752,3940,GitHub/servo/rust-url,3
2015-12-01,41752,4581,GitHub/servo/rust-url,6
2015-12-01,41752,3878,GitHub/servo/rust-url,1
2015-12-01,41752,2945,GitHub/servo/rust-url,1
2015-12-01,41752,3173,GitHub/servo/rust-url,2
2015-12-01,41752,2880,GitHub/servo/rust-url,5
2015-12-01,41752,4534,GitHub/servo/rust-url,2
2015-12-01,41752,3543,GitHub/servo/rust-url,1
2015-12-01,41752,4797,GitHub/servo/rust-url,1
2015-12-01,41752,4464,GitHub/servo/rust-url,1
2015-12-01,41752,3533,GitHub/servo/rust-url,1
2015-12-01,41752,2867,GitHub/servo/rust-url,6
2015-12-01,41752,4452,GitHub/servo/rust-url,4
2015-12-01,41752,4546,GitHub/servo/rust-url,1
2015-12-01,41752,2951,GitHub/servo/rust-url,3
2015-12-01,46027,2940,GitHub/alexcrichton/toml-rs,2
2015-12-01,46027,2867,GitHub/alexcrichton/toml-rs,85
2015-12-01,46027,2944,GitHub/alexcrichton/toml-rs,2
2015-12-01,46027,2946,GitHub/alexcrichton/toml-rs,1
2015-12-01,46027,95,GitHub/alexcrichton/toml-rs,2
2015-12-01,46027,2873,GitHub/alexcrichton/toml-rs,1
2015-12-01,46027,2939,GitHub/alexcrichton/toml-rs,1
2015-12-01,46027,2945,GitHub/alexcrichton/toml-rs,1
2015-12-01,46027,2942,GitHub/alexcrichton/toml-rs,6
2015-12-01,46027,2941,GitHub/alexcrichton/toml-rs,2
2015-12-01,46027,2947,GitHub/alexcrichton/toml-rs,4
2015-12-01,46027,90,GitHub/alexcrichton/toml-rs,1
2015-12-01,46027,2943,GitHub/alexcrichton/toml-rs,2
2015-12-01,46178,2936,GitHub/rust-lang-nursery/lazy-static.rs,1
2015-12-01,46178,3660,GitHub/rust-lang-nursery/lazy-static.rs,1
2015-12-01,46178,4633,GitHub/rust-lang-nursery/lazy-static.rs,4
2015-12-01,46178,4636,GitHub/rust-lang-nursery/lazy-static.rs,1
2015-12-01,46178,3293,GitHub/rust-lang-nursery/lazy-static.rs,1
2015-12-01,46178,4634,GitHub/rust-lang-nursery/lazy-static.rs,1
2015-12-01,46178,3413,GitHub/rust-lang-nursery/lazy-static.rs,3
2015-12-01,46178,3112,GitHub/rust-lang-nursery/lazy-static.rs,1
2015-12-01,46178,3472,GitHub/rust-lang-nursery/lazy-static.rs,30
2015-12-01,46178,3081,GitHub/rust-lang-nursery/lazy-static.rs,1
2015-12-01,46178,4632,GitHub/rust-lang-nursery/lazy-static.rs,2
2015-12-01,46178,4635,GitHub/rust-lang-nursery/lazy-static.rs,1
2015-12-01,49075,4515,GitHub/rust-lang/pkg-config-rs,1
2015-12-01,49075,4514,GitHub/rust-lang/pkg-config-rs,1
2015-12-01,49075,2945,GitHub/rust-lang/pkg-config-rs,1
2015-12-01,49075,4513,GitHub/rust-lang/pkg-config-rs,4
2015-12-01,49075,2946,GitHub/rust-lang/pkg-config-rs,1
2015-12-01,49075,1999,GitHub/rust-lang/pkg-config-rs,1
2015-12-01,49075,4464,GitHub/rust-lang/pkg-config-rs,1
2015-12-01,49075,2867,GitHub/rust-lang/pkg-config-rs,42
2015-12-01,52465,3606,GitHub/fizyk20/generic-array,25
2015-12-01,52465,3042,GitHub/fizyk20/generic-array,2
2015-12-01,52465,3093,GitHub/fizyk20/generic-array,5
2016-02-01,6681,3472,GitHub/djc/rustc-version-rs,3
2016-02-01,7415,3043,GitHub/BurntSushi/aho-corasick,5
2016-02-01,12228,3878,GitHub/seanmonstar/httparse,1
2016-02-01,12266,3084,GitHub/bitflags/bitflags,4
2016-02-01,12266,3079,GitHub/bitflags/bitflags,1
2016-02-01,12266,2867,GitHub/bitflags/bitflags,7
2016-02-01,12266,2968,GitHub/bitflags/bitflags,2
2016-02-01,12842,3613,GitHub/tokio-rs/slab,2
2016-02-01,12842,3433,GitHub/tokio-rs/slab,1
2016-02-01,14306,3293,GitHub/rust-num/num-integer,1
2016-02-01,14306,4661,GitHub/rust-num/num-integer,1
2016-02-01,14306,4660,GitHub/rust-num/num-integer,5
2016-02-01,14306,4657,GitHub/rust-num/num-integer,2
2016-02-01,14306,4648,GitHub/rust-num/num-integer,6
2016-02-01,14306,4662,GitHub/rust-num/num-integer,1
2016-02-01,14306,3025,GitHub/rust-num/num-integer,8
2016-02-01,16183,2867,GitHub/rust-lang/cc-rs,3
2016-02-01,18006,378,GitHub/crossbeam-rs/crossbeam,1
2016-02-01,18006,3439,GitHub/crossbeam-rs/crossbeam,1
2016-02-01,18006,3427,GitHub/crossbeam-rs/crossbeam,11
2016-02-01,18006,682,GitHub/crossbeam-rs/crossbeam,1
2016-02-01,18006,3432,GitHub/crossbeam-rs/crossbeam,3
2016-02-01,18006,684,GitHub/crossbeam-rs/crossbeam,3
2016-02-01,19468,496,GitHub/servo/rust-fnv,1
2016-02-01,19468,3413,GitHub/servo/rust-fnv,3
2016-02-01,19468,2936,GitHub/servo/rust-fnv,7
2016-02-01,20949,1106,GitHub/Geal/nom,1
2016-02-01,20949,3798,GitHub/Geal/nom,6
2016-02-01,20949,3795,GitHub/Geal/nom,16
2016-02-01,20949,2873,GitHub/Geal/nom,1
2016-02-01,20949,3794,GitHub/Geal/nom,12
2016-02-01,20949,3535,GitHub/Geal/nom,2
2016-02-01,20949,3799,GitHub/Geal/nom,1
2016-02-01,20949,3534,GitHub/Geal/nom,34
2016-02-01,20949,3215,GitHub/Geal/nom,1
2016-02-01,21282,268,GitHub/bluss/arrayvec,8
2016-02-01,22724,1930,GitHub/rust-lang/log,2
2016-02-01,22724,2867,GitHub/rust-lang/log,4
2016-02-01,22724,2945,GitHub/rust-lang/log,5
2016-02-01,22724,2968,GitHub/rust-lang/log,1
2016-02-01,22724,3427,GitHub/rust-lang/log,1
2016-02-01,22804,2867,GitHub/alexcrichton/cfg-if,1
2016-02-01,23287,268,GitHub/rust-itertools/itertools,12
2016-02-01,23287,4048,GitHub/rust-itertools/itertools,14
2016-02-01,23287,4050,GitHub/rust-itertools/itertools,1
2016-02-01,23287,4049,GitHub/rust-itertools/itertools,1
2016-02-01,24455,4785,GitHub/serde-rs/json,3
2016-02-01,24455,2942,GitHub/serde-rs/json,2
2016-02-01,24455,2337,GitHub/serde-rs/json,1
2016-02-01,24455,4786,GitHub/serde-rs/json,1
2016-02-01,25976,4529,GitHub/rust-lang/regex,3
2016-02-01,25976,2867,GitHub/rust-lang/regex,1
2016-02-01,25976,3043,GitHub/rust-lang/regex,18
2016-02-01,25976,3476,GitHub/rust-lang/regex,1
2016-02-01,26074,3614,GitHub/paholg/typenum,7
2016-02-01,26074,3093,GitHub/paholg/typenum,1
2016-02-01,28705,707,GitHub/dguo/strsim-rs,1
2016-02-01,35574,3413,GitHub/unicode-rs/unicode-normalization,2
2016-02-01,39779,2867,GitHub/time-rs/time,1
2016-02-01,41752,3413,GitHub/servo/rust-url,3
2016-02-01,41752,3031,GitHub/servo/rust-url,1
2016-02-01,41752,2428,GitHub/servo/rust-url,1
2016-02-01,46027,2867,GitHub/alexcrichton/toml-rs,7
2016-02-01,46027,2927,GitHub/alexcrichton/toml-rs,1
2016-02-01,46027,2936,GitHub/alexcrichton/toml-rs,1
2016-02-01,49075,2867,GitHub/rust-lang/pkg-config-rs,1
2016-02-01,52465,3606,GitHub/fizyk20/generic-array,3
2016-03-01,3150,2867,GitHub/seanmonstar/num_cpus,3
2016-03-01,3150,3878,GitHub/seanmonstar/num_cpus,2
2016-03-01,4486,3169,GitHub/contain-rs/vec-map,1
2016-03-01,4486,3364,GitHub/contain-rs/vec-map,1
2016-03-01,4486,586,GitHub/contain-rs/vec-map,3
2016-03-01,4486,2993,GitHub/contain-rs/vec-map,8
2016-03-01,6681,3080,GitHub/djc/rustc-version-rs,5
2016-03-01,6681,3472,GitHub/djc/rustc-version-rs,5
2016-03-01,7322,3293,GitHub/servo/rust-smallvec,1
2016-03-01,7322,4133,GitHub/servo/rust-smallvec,1
2016-03-01,7322,2936,GitHub/servo/rust-smallvec,1
2016-03-01,7415,3043,GitHub/BurntSushi/aho-corasick,10
2016-03-01,7415,2936,GitHub/BurntSushi/aho-corasick,1
2016-03-01,12228,3878,GitHub/seanmonstar/httparse,1
2016-03-01,12266,2968,GitHub/bitflags/bitflags,2
2016-03-01,12266,3079,GitHub/bitflags/bitflags,1
2016-03-01,12266,3084,GitHub/bitflags/bitflags,4
2016-03-01,12266,2867,GitHub/bitflags/bitflags,9
2016-03-01,12842,3433,GitHub/tokio-rs/slab,1
2016-03-01,12842,3169,GitHub/tokio-rs/slab,1
2016-03-01,12842,3613,GitHub/tokio-rs/slab,2
2016-03-01,14306,3025,GitHub/rust-num/num-integer,14
2016-03-01,14306,4660,GitHub/rust-num/num-integer,5
2016-03-01,14306,4659,GitHub/rust-num/num-integer,1
2016-03-01,14306,4658,GitHub/rust-num/num-integer,1
2016-03-01,14306,4657,GitHub/rust-num/num-integer,2
2016-03-01,14306,4662,GitHub/rust-num/num-integer,1
2016-03-01,14306,27,GitHub/rust-num/num-integer,1
2016-03-01,14306,4648,GitHub/rust-num/num-integer,12
2016-03-01,14306,3750,GitHub/rust-num/num-integer,1
2016-03-01,14306,4661,GitHub/rust-num/num-integer,1
2016-03-01,14306,2942,GitHub/rust-num/num-integer,1
2016-03-01,14306,3293,GitHub/rust-num/num-integer,1
2016-03-01,16183,4119,GitHub/rust-lang/cc-rs,1
2016-03-01,16183,4118,GitHub/rust-lang/cc-rs,1
2016-03-01,16183,2867,GitHub/rust-lang/cc-rs,17
2016-03-01,16183,4120,GitHub/rust-lang/cc-rs,2
2016-03-01,16183,4117,GitHub/rust-lang/cc-rs,1
2016-03-01,18006,3439,GitHub/crossbeam-rs/crossbeam,1
2016-03-01,18006,3427,GitHub/crossbeam-rs/crossbeam,27
2016-03-01,18006,3362,GitHub/crossbeam-rs/crossbeam,1
2016-03-01,18006,684,GitHub/crossbeam-rs/crossbeam,3
2016-03-01,18006,682,GitHub/crossbeam-rs/crossbeam,5
2016-03-01,18006,378,GitHub/crossbeam-rs/crossbeam,1
2016-03-01,18006,3438,GitHub/crossbeam-rs/crossbeam,1
2016-03-01,18006,3432,GitHub/crossbeam-rs/crossbeam,5
2016-03-01,19184,3169,GitHub/bluss/scopeguard,2
2016-03-01,19184,268,GitHub/bluss/scopeguard,5
2016-03-01,19468,3413,GitHub/servo/rust-fnv,3
2016-03-01,19468,2936,GitHub/servo/rust-fnv,7
2016-03-01,19468,496,GitHub/servo/rust-fnv,1
2016-03-01,19468,3078,GitHub/servo/rust-fnv,1
2016-03-01,20949,1106,GitHub/Geal/nom,1
2016-03-01,20949,1104,GitHub/Geal/nom,3
2016-03-01,20949,2873,GitHub/Geal/nom,1
2016-03-01,20949,3215,GitHub/Geal/nom,1
2016-03-01,20949,3534,GitHub/Geal/nom,93
2016-03-01,20949,3535,GitHub/Geal/nom,2
2016-03-01,20949,3647,GitHub/Geal/nom,6
2016-03-01,20949,3794,GitHub/Geal/nom,57
2016-03-01,20949,3795,GitHub/Geal/nom,19
2016-03-01,20949,3797,GitHub/Geal/nom,2
2016-03-01,20949,3798,GitHub/Geal/nom,6
2016-03-01,20949,3799,GitHub/Geal/nom,1
2016-03-01,21282,3094,GitHub/bluss/arrayvec,2
2016-03-01,21282,3093,GitHub/bluss/arrayvec,1
2016-03-01,21282,268,GitHub/bluss/arrayvec,38
2016-03-01,22724,2867,GitHub/rust-lang/log,4
2016-03-01,22724,2968,GitHub/rust-lang/log,1
2016-03-01,22724,2945,GitHub/rust-lang/log,5
2016-03-01,22724,3427,GitHub/rust-lang/log,1
2016-03-01,22724,1930,GitHub/rust-lang/log,2
2016-03-01,22804,2867,GitHub/alexcrichton/cfg-if,1
2016-03-01,23287,4047,GitHub/rust-itertools/itertools,10
2016-03-01,23287,1421,GitHub/rust-itertools/itertools,1
2016-03-01,23287,4066,GitHub/rust-itertools/itertools,2
2016-03-01,23287,4050,GitHub/rust-itertools/itertools,1
2016-03-01,23287,4049,GitHub/rust-itertools/itertools,1
2016-03-01,23287,268,GitHub/rust-itertools/itertools,38
2016-03-01,23287,4048,GitHub/rust-itertools/itertools,14
2016-03-01,24440,496,GitHub/ogham/rust-ansi-term,5
2016-03-01,24455,2880,GitHub/serde-rs/json,1
2016-03-01,24455,2942,GitHub/serde-rs/json,16
2016-03-01,24455,2912,GitHub/serde-rs/json,1
2016-03-01,24455,152,GitHub/serde-rs/json,7
2016-03-01,24455,4784,GitHub/serde-rs/json,1
2016-03-01,24455,4785,GitHub/serde-rs/json,4
2016-03-01,24455,4786,GitHub/serde-rs/json,1
2016-03-01,24455,2337,GitHub/serde-rs/json,1
2016-03-01,25976,3112,GitHub/rust-lang/regex,1
2016-03-01,25976,3043,GitHub/rust-lang/regex,50
2016-03-01,25976,3476,GitHub/rust-lang/regex,2
2016-03-01,25976,4528,GitHub/rust-lang/regex,2
2016-03-01,25976,4529,GitHub/rust-lang/regex,9
2016-03-01,25976,2867,GitHub/rust-lang/regex,1
2016-03-01,25976,65,GitHub/rust-lang/regex,1
2016-03-01,26074,3093,GitHub/paholg/typenum,1
2016-03-01,26074,3614,GitHub/paholg/typenum,25
2016-03-01,28705,707,GitHub/dguo/strsim-rs,3
2016-03-01,32560,3043,GitHub/BurntSushi/memchr,7
2016-03-01,35574,3413,GitHub/unicode-rs/unicode-normalization,2
2016-03-01,37083,3043,GitHub/BurntSushi/termcolor,1
2016-03-01,39779,2867,GitHub/time-rs/time,1
2016-03-01,40937,2950,GitHub/dtolnay/semver,9
2016-03-01,40937,3080,GitHub/dtolnay/semver,2
2016-03-01,41752,3078,GitHub/servo/rust-url,1
2016-03-01,41752,3031,GitHub/servo/rust-url,1
2016-03-01,41752,3413,GitHub/servo/rust-url,7
2016-03-01,41752,1252,GitHub/servo/rust-url,3
2016-03-01,41752,2428,GitHub/servo/rust-url,1
2016-03-01,41752,4825,GitHub/servo/rust-url,1
2016-03-01,46027,2936,GitHub/alexcrichton/toml-rs,1
2016-03-01,46027,2867,GitHub/alexcrichton/toml-rs,8
2016-03-01,46027,2927,GitHub/alexcrichton/toml-rs,1
2016-03-01,46178,3472,GitHub/rust-lang-nursery/lazy-static.rs,1
2016-03-01,46178,2873,GitHub/rust-lang-nursery/lazy-static.rs,1
2016-03-01,49075,4510,GitHub/rust-lang/pkg-config-rs,2
2016-03-01,49075,2867,GitHub/rust-lang/pkg-config-rs,5
2016-03-01,52465,3606,GitHub/fizyk20/generic-array,3
2016-04-01,3150,3878,GitHub/seanmonstar/num_cpus,2
2016-04-01,3150,2867,GitHub/seanmonstar/num_cpus,3
2016-04-01,4484,3043,GitHub/BurntSushi/byteorder,4
2016-04-01,4484,3200,GitHub/BurntSushi/byteorder,2
2016-04-01,4484,2979,GitHub/BurntSushi/byteorder,1
2016-04-01,4486,586,GitHub/contain-rs/vec-map,3
2016-04-01,4486,3169,GitHub/contain-rs/vec-map,1
2016-04-01,4486,2993,GitHub/contain-rs/vec-map,8
2016-04-01,4486,3364,GitHub/contain-rs/vec-map,1
2016-04-01,6681,3472,GitHub/djc/rustc-version-rs,5
2016-04-01,6681,3080,GitHub/djc/rustc-version-rs,5
2016-04-01,7322,4133,GitHub/servo/rust-smallvec,1
2016-04-01,7322,3436,GitHub/servo/rust-smallvec,1
2016-04-01,7322,2936,GitHub/servo/rust-smallvec,1
2016-04-01,7322,3293,GitHub/servo/rust-smallvec,1
2016-04-01,7415,3043,GitHub/BurntSushi/aho-corasick,10
2016-04-01,7415,2936,GitHub/BurntSushi/aho-corasick,1
2016-04-01,12228,3878,GitHub/seanmonstar/httparse,3
2016-04-01,12266,3067,GitHub/bitflags/bitflags,3
2016-04-01,12266,3084,GitHub/bitflags/bitflags,4
2016-04-01,12266,3079,GitHub/bitflags/bitflags,1
2016-04-01,12266,3083,GitHub/bitflags/bitflags,1
2016-04-01,12266,2867,GitHub/bitflags/bitflags,11
2016-04-01,12266,2968,GitHub/bitflags/bitflags,2
2016-04-01,12842,3613,GitHub/tokio-rs/slab,2
2016-04-01,12842,3433,GitHub/tokio-rs/slab,1
2016-04-01,12842,3169,GitHub/tokio-rs/slab,2
2016-04-01,14306,3727,GitHub/rust-num/num-integer,1
2016-04-01,14306,3293,GitHub/rust-num/num-integer,1
2016-04-01,14306,4657,GitHub/rust-num/num-integer,2
2016-04-01,14306,3025,GitHub/rust-num/num-integer,28
2016-04-01,14306,4658,GitHub/rust-num/num-integer,1
2016-04-01,14306,4660,GitHub/rust-num/num-integer,5
2016-04-01,14306,4659,GitHub/rust-num/num-integer,1
2016-04-01,14306,2942,GitHub/rust-num/num-integer,1
2016-04-01,14306,3201,GitHub/rust-num/num-integer,13
2016-04-01,14306,4661,GitHub/rust-num/num-integer,1
2016-04-01,14306,27,GitHub/rust-num/num-integer,1
2016-04-01,14306,4662,GitHub/rust-num/num-integer,1
2016-04-01,14306,3750,GitHub/rust-num/num-integer,1
2016-04-01,14306,4648,GitHub/rust-num/num-integer,13
2016-04-01,16183,2867,GitHub/rust-lang/cc-rs,22
2016-04-01,16183,4120,GitHub/rust-lang/cc-rs,2
2016-04-01,16183,4119,GitHub/rust-lang/cc-rs,1
2016-04-01,16183,4118,GitHub/rust-lang/cc-rs,1
2016-04-01,16183,4117,GitHub/rust-lang/cc-rs,1
2016-04-01,18006,684,GitHub/crossbeam-rs/crossbeam,3
2016-04-01,18006,3362,GitHub/crossbeam-rs/crossbeam,1
2016-04-01,18006,2945,GitHub/crossbeam-rs/crossbeam,1
2016-04-01,18006,378,GitHub/crossbeam-rs/crossbeam,1
2016-04-01,18006,3427,GitHub/crossbeam-rs/crossbeam,30
2016-04-01,18006,3432,GitHub/crossbeam-rs/crossbeam,5
2016-04-01,18006,3438,GitHub/crossbeam-rs/crossbeam,1
2016-04-01,18006,3439,GitHub/crossbeam-rs/crossbeam,1
2016-04-01,18006,682,GitHub/crossbeam-rs/crossbeam,5
2016-04-01,19184,268,GitHub/bluss/scopeguard,5
2016-04-01,19184,3169,GitHub/bluss/scopeguard,2
2016-04-01,19468,3078,GitHub/servo/rust-fnv,8
2016-04-01,19468,2936,GitHub/servo/rust-fnv,7
2016-04-01,19468,496,GitHub/servo/rust-fnv,1
2016-04-01,19468,3413,GitHub/servo/rust-fnv,3
2016-04-01,19468,2350,GitHub/servo/rust-fnv,1
2016-04-01,20949,3793,GitHub/Geal/nom,3
2016-04-01,20949,1104,GitHub/Geal/nom,3
2016-04-01,20949,1106,GitHub/Geal/nom,1
2016-04-01,20949,2873,GitHub/Geal/nom,3
2016-04-01,20949,2936,GitHub/Geal/nom,1
2016-04-01,20949,3215,GitHub/Geal/nom,1
2016-04-01,20949,3534,GitHub/Geal/nom,108
2016-04-01,20949,3535,GitHub/Geal/nom,2
2016-04-01,20949,3647,GitHub/Geal/nom,6
2016-04-01,20949,3654,GitHub/Geal/nom,1
2016-04-01,20949,3790,GitHub/Geal/nom,2
2016-04-01,20949,3791,GitHub/Geal/nom,2
2016-04-01,20949,3792,GitHub/Geal/nom,1
2016-04-01,20949,3794,GitHub/Geal/nom,57
2016-04-01,20949,3795,GitHub/Geal/nom,19
2016-04-01,20949,3797,GitHub/Geal/nom,2
2016-04-01,20949,3798,GitHub/Geal/nom,6
2016-04-01,20949,3799,GitHub/Geal/nom,1
2016-04-01,21282,3093,GitHub/bluss/arrayvec,1
2016-04-01,21282,3094,GitHub/bluss/arrayvec,2
2016-04-01,21282,268,GitHub/bluss/arrayvec,38
2016-04-01,22724,3427,GitHub/rust-lang/log,1
2016-04-01,22724,2945,GitHub/rust-lang/log,8
2016-04-01,22724,2968,GitHub/rust-lang/log,1
2016-04-01,22724,2867,GitHub/rust-lang/log,7
2016-04-01,22724,1930,GitHub/rust-lang/log,2
2016-04-01,22804,2867,GitHub/alexcrichton/cfg-if,1
2016-04-01,23287,4065,GitHub/rust-itertools/itertools,1
2016-04-01,23287,2927,GitHub/rust-itertools/itertools,1
2016-04-01,23287,4047,GitHub/rust-itertools/itertools,10
2016-04-01,23287,1421,GitHub/rust-itertools/itertools,1
2016-04-01,23287,3380,GitHub/rust-itertools/itertools,1
2016-04-01,23287,268,GitHub/rust-itertools/itertools,44
2016-04-01,23287,4050,GitHub/rust-itertools/itertools,1
2016-04-01,23287,4066,GitHub/rust-itertools/itertools,2
2016-04-01,23287,4048,GitHub/rust-itertools/itertools,14
2016-04-01,23287,4049,GitHub/rust-itertools/itertools,1
2016-04-01,24440,496,GitHub/ogham/rust-ansi-term,7
2016-04-01,24440,3995,GitHub/ogham/rust-ansi-term,1
2016-04-01,24440,3996,GitHub/ogham/rust-ansi-term,1
2016-04-01,24455,2337,GitHub/serde-rs/json,1
2016-04-01,24455,2912,GitHub/serde-rs/json,2
2016-04-01,24455,4784,GitHub/serde-rs/json,1
2016-04-01,24455,4785,GitHub/serde-rs/json,4
2016-04-01,24455,4786,GitHub/serde-rs/json,1
2016-04-01,24455,2942,GitHub/serde-rs/json,16
2016-04-01,24455,2880,GitHub/serde-rs/json,1
2016-04-01,24455,152,GitHub/serde-rs/json,7
2016-04-01,25976,4529,GitHub/rust-lang/regex,9
2016-04-01,25976,3476,GitHub/rust-lang/regex,3
2016-04-01,25976,268,GitHub/rust-lang/regex,1
2016-04-01,25976,2867,GitHub/rust-lang/regex,1
2016-04-01,25976,3112,GitHub/rust-lang/regex,1
2016-04-01,25976,3043,GitHub/rust-lang/regex,96
2016-04-01,25976,65,GitHub/rust-lang/regex,1
2016-04-01,25976,4528,GitHub/rust-lang/regex,2
2016-04-01,26074,3614,GitHub/paholg/typenum,25
2016-04-01,26074,3093,GitHub/paholg/typenum,1
2016-04-01,28705,707,GitHub/dguo/strsim-rs,3
2016-04-01,32560,3043,GitHub/BurntSushi/memchr,7
2016-04-01,34831,2867,GitHub/rust-lang/futures-rs,19
2016-04-01,35574,3413,GitHub/unicode-rs/unicode-normalization,2
2016-04-01,36114,3413,GitHub/SimonSapin/rust-std-candidates,2
2016-04-01,37083,3043,GitHub/BurntSushi/termcolor,9
2016-04-01,39779,2867,GitHub/time-rs/time,1
2016-04-01,40937,2950,GitHub/dtolnay/semver,9
2016-04-01,40937,3080,GitHub/dtolnay/semver,2
2016-04-01,41752,1252,GitHub/servo/rust-url,4
2016-04-01,41752,3078,GitHub/servo/rust-url,1
2016-04-01,41752,4825,GitHub/servo/rust-url,1
2016-04-01,41752,3031,GitHub/servo/rust-url,1
2016-04-01,41752,3413,GitHub/servo/rust-url,9
2016-04-01,41752,2428,GitHub/servo/rust-url,1
2016-04-01,46027,2927,GitHub/alexcrichton/toml-rs,1
2016-04-01,46027,2867,GitHub/alexcrichton/toml-rs,15
2016-04-01,46027,2935,GitHub/alexcrichton/toml-rs,10
2016-04-01,46027,2936,GitHub/alexcrichton/toml-rs,1
2016-04-01,46178,2873,GitHub/rust-lang-nursery/lazy-static.rs,1
2016-04-01,46178,3472,GitHub/rust-lang-nursery/lazy-static.rs,1
2016-04-01,49075,4412,GitHub/rust-lang/pkg-config-rs,2
2016-04-01,49075,2867,GitHub/rust-lang/pkg-config-rs,8
2016-04-01,49075,4510,GitHub/rust-lang/pkg-config-rs,2
2016-04-01,49075,4511,GitHub/rust-lang/pkg-config-rs,2
2016-04-01,52465,877,GitHub/fizyk20/generic-array,2
2016-04-01,52465,3606,GitHub/fizyk20/generic-array,6
2016-05-01,3150,3878,GitHub/seanmonstar/num_cpus,2
2016-05-01,3150,2867,GitHub/seanmonstar/num_cpus,3
2016-05-01,4484,3200,GitHub/BurntSushi/byteorder,2
2016-05-01,4484,3043,GitHub/BurntSushi/byteorder,5
2016-05-01,4484,3199,GitHub/BurntSushi/byteorder,1
2016-05-01,4484,2979,GitHub/BurntSushi/byteorder,1
2016-05-01,4486,2993,GitHub/contain-rs/vec-map,8
2016-05-01,4486,3169,GitHub/contain-rs/vec-map,1
2016-05-01,4486,586,GitHub/contain-rs/vec-map,3
2016-05-01,4486,3364,GitHub/contain-rs/vec-map,1
2016-05-01,6681,3472,GitHub/djc/rustc-version-rs,5
2016-05-01,6681,3080,GitHub/djc/rustc-version-rs,5
2016-05-01,7322,2936,GitHub/servo/rust-smallvec,1
2016-05-01,7322,3293,GitHub/servo/rust-smallvec,1
2016-05-01,7322,1252,GitHub/servo/rust-smallvec,1
2016-05-01,7322,4133,GitHub/servo/rust-smallvec,1
2016-05-01,7322,3436,GitHub/servo/rust-smallvec,1
2016-05-01,7415,2936,GitHub/BurntSushi/aho-corasick,1
2016-05-01,7415,3043,GitHub/BurntSushi/aho-corasick,10
2016-05-01,12228,3878,GitHub/seanmonstar/httparse,3
2016-05-01,12266,254,GitHub/bitflags/bitflags,1
2016-05-01,12266,3082,GitHub/bitflags/bitflags,1
2016-05-01,12266,3083,GitHub/bitflags/bitflags,1
2016-05-01,12266,3079,GitHub/bitflags/bitflags,1
2016-05-01,12266,3081,GitHub/bitflags/bitflags,2
2016-05-01,12266,3084,GitHub/bitflags/bitflags,4
2016-05-01,12266,3067,GitHub/bitflags/bitflags,3
2016-05-01,12266,2867,GitHub/bitflags/bitflags,17
2016-05-01,12266,2968,GitHub/bitflags/bitflags,2
2016-05-01,12266,3080,GitHub/bitflags/bitflags,1
2016-05-01,12842,3433,GitHub/tokio-rs/slab,3
2016-05-01,12842,4977,GitHub/tokio-rs/slab,1
2016-05-01,12842,3613,GitHub/tokio-rs/slab,2
2016-05-01,12842,3169,GitHub/tokio-rs/slab,3
2016-05-01,14306,3201,GitHub/rust-num/num-integer,17
2016-05-01,14306,4661,GitHub/rust-num/num-integer,1
2016-05-01,14306,3750,GitHub/rust-num/num-integer,1
2016-05-01,14306,4660,GitHub/rust-num/num-integer,5
2016-05-01,14306,3727,GitHub/rust-num/num-integer,1
2016-05-01,14306,4659,GitHub/rust-num/num-integer,1
2016-05-01,14306,3293,GitHub/rust-num/num-integer,1
2016-05-01,14306,4658,GitHub/rust-num/num-integer,1
2016-05-01,14306,4657,GitHub/rust-num/num-integer,3
2016-05-01,14306,4656,GitHub/rust-num/num-integer,1
2016-05-01,14306,27,GitHub/rust-num/num-integer,1
2016-05-01,14306,4648,GitHub/rust-num/num-integer,18
2016-05-01,14306,2177,GitHub/rust-num/num-integer,1
2016-05-01,14306,4662,GitHub/rust-num/num-integer,1
2016-05-01,14306,2942,GitHub/rust-num/num-integer,1
2016-05-01,14306,268,GitHub/rust-num/num-integer,1
2016-05-01,14306,3025,GitHub/rust-num/num-integer,36
2016-05-01,16183,4119,GitHub/rust-lang/cc-rs,1
2016-05-01,16183,2867,GitHub/rust-lang/cc-rs,30
2016-05-01,16183,4120,GitHub/rust-lang/cc-rs,2
2016-05-01,16183,4116,GitHub/rust-lang/cc-rs,2
2016-05-01,16183,4117,GitHub/rust-lang/cc-rs,1
2016-05-01,16183,4118,GitHub/rust-lang/cc-rs,1
2016-05-01,18006,3439,GitHub/crossbeam-rs/crossbeam,1
2016-05-01,18006,3427,GitHub/crossbeam-rs/crossbeam,32
2016-05-01,18006,378,GitHub/crossbeam-rs/crossbeam,1
2016-05-01,18006,682,GitHub/crossbeam-rs/crossbeam,5
2016-05-01,18006,684,GitHub/crossbeam-rs/crossbeam,3
2016-05-01,18006,2945,GitHub/crossbeam-rs/crossbeam,2
2016-05-01,18006,3438,GitHub/crossbeam-rs/crossbeam,1
2016-05-01,18006,3437,GitHub/crossbeam-rs/crossbeam,1
2016-05-01,18006,3432,GitHub/crossbeam-rs/crossbeam,5
2016-05-01,18006,3197,GitHub/crossbeam-rs/crossbeam,1
2016-05-01,18006,3362,GitHub/crossbeam-rs/crossbeam,1
2016-05-01,19184,268,GitHub/bluss/scopeguard,5
2016-05-01,19184,3169,GitHub/bluss/scopeguard,2
2016-05-01,19468,2936,GitHub/servo/rust-fnv,7
2016-05-01,19468,2350,GitHub/servo/rust-fnv,1
2016-05-01,19468,3413,GitHub/servo/rust-fnv,3
2016-05-01,19468,496,GitHub/servo/rust-fnv,1
2016-05-01,19468,3078,GitHub/servo/rust-fnv,8
2016-05-01,20949,3794,GitHub/Geal/nom,57
2016-05-01,20949,3795,GitHub/Geal/nom,19
2016-05-01,20949,3797,GitHub/Geal/nom,2
2016-05-01,20949,3798,GitHub/Geal/nom,6
2016-05-01,20949,3214,GitHub/Geal/nom,2
2016-05-01,20949,3215,GitHub/Geal/nom,1
2016-05-01,20949,3799,GitHub/Geal/nom,1
2016-05-01,20949,2873,GitHub/Geal/nom,4
2016-05-01,20949,3647,GitHub/Geal/nom,6
2016-05-01,20949,3791,GitHub/Geal/nom,2
2016-05-01,20949,3535,GitHub/Geal/nom,2
2016-05-01,20949,3534,GitHub/Geal/nom,108
2016-05-01,20949,3792,GitHub/Geal/nom,1
2016-05-01,20949,2936,GitHub/Geal/nom,1
2016-05-01,20949,3793,GitHub/Geal/nom,3
2016-05-01,20949,1106,GitHub/Geal/nom,1
2016-05-01,20949,1104,GitHub/Geal/nom,3
2016-05-01,20949,3789,GitHub/Geal/nom,2
2016-05-01,20949,3790,GitHub/Geal/nom,2
2016-05-01,20949,3654,GitHub/Geal/nom,1
2016-05-01,21282,3093,GitHub/bluss/arrayvec,1
2016-05-01,21282,268,GitHub/bluss/arrayvec,46
2016-05-01,21282,3094,GitHub/bluss/arrayvec,2
2016-05-01,22724,2968,GitHub/rust-lang/log,1
2016-05-01,22724,3427,GitHub/rust-lang/log,1
2016-05-01,22724,1930,GitHub/rust-lang/log,2
2016-05-01,22724,2945,GitHub/rust-lang/log,8
2016-05-01,22724,2867,GitHub/rust-lang/log,9
2016-05-01,22804,2867,GitHub/alexcrichton/cfg-if,1
2016-05-01,23287,1421,GitHub/rust-itertools/itertools,1
2016-05-01,23287,268,GitHub/rust-itertools/itertools,61
2016-05-01,23287,2927,GitHub/rust-itertools/itertools,1
2016-05-01,23287,2997,GitHub/rust-itertools/itertools,2
2016-05-01,23287,3380,GitHub/rust-itertools/itertools,1
2016-05-01,23287,4047,GitHub/rust-itertools/itertools,10
2016-05-01,23287,4048,GitHub/rust-itertools/itertools,14
2016-05-01,23287,4049,GitHub/rust-itertools/itertools,1
2016-05-01,23287,4050,GitHub/rust-itertools/itertools,1
2016-05-01,23287,4065,GitHub/rust-itertools/itertools,1
2016-05-01,23287,4066,GitHub/rust-itertools/itertools,2
2016-05-01,24440,496,GitHub/ogham/rust-ansi-term,7
2016-05-01,24440,3995,GitHub/ogham/rust-ansi-term,1
2016-05-01,24440,3996,GitHub/ogham/rust-ansi-term,1
2016-05-01,24455,2880,GitHub/serde-rs/json,1
2016-05-01,24455,152,GitHub/serde-rs/json,7
2016-05-01,24455,2337,GitHub/serde-rs/json,1
2016-05-01,24455,2942,GitHub/serde-rs/json,16
2016-05-01,24455,4786,GitHub/serde-rs/json,1
2016-05-01,24455,4785,GitHub/serde-rs/json,4
2016-05-01,24455,4784,GitHub/serde-rs/json,1
2016-05-01,24455,2912,GitHub/serde-rs/json,2
2016-05-01,25976,3043,GitHub/rust-lang/regex,150
2016-05-01,25976,2012,GitHub/rust-lang/regex,1
2016-05-01,25976,3476,GitHub/rust-lang/regex,3
2016-05-01,25976,65,GitHub/rust-lang/regex,1
2016-05-01,25976,4529,GitHub/rust-lang/regex,9
2016-05-01,25976,4528,GitHub/rust-lang/regex,2
2016-05-01,25976,4527,GitHub/rust-lang/regex,1
2016-05-01,25976,2968,GitHub/rust-lang/regex,2
2016-05-01,25976,3093,GitHub/rust-lang/regex,1
2016-05-01,25976,2867,GitHub/rust-lang/regex,3
2016-05-01,25976,268,GitHub/rust-lang/regex,1
2016-05-01,25976,3112,GitHub/rust-lang/regex,1
2016-05-01,26074,3614,GitHub/paholg/typenum,35
2016-05-01,26074,3093,GitHub/paholg/typenum,1
2016-05-01,28705,3466,GitHub/dguo/strsim-rs,1
2016-05-01,28705,707,GitHub/dguo/strsim-rs,4
2016-05-01,32560,3043,GitHub/BurntSushi/memchr,10
2016-05-01,34831,2867,GitHub/rust-lang/futures-rs,53
2016-05-01,35574,3413,GitHub/unicode-rs/unicode-normalization,2
2016-05-01,36114,3413,GitHub/SimonSapin/rust-std-candidates,2
2016-05-01,37083,3043,GitHub/BurntSushi/termcolor,10
2016-05-01,39779,2867,GitHub/time-rs/time,4
2016-05-01,39779,3613,GitHub/time-rs/time,1
2016-05-01,40937,2950,GitHub/dtolnay/semver,9
2016-05-01,40937,3080,GitHub/dtolnay/semver,2
2016-05-01,41752,2428,GitHub/servo/rust-url,1
2016-05-01,41752,3413,GitHub/servo/rust-url,111
2016-05-01,41752,1252,GitHub/servo/rust-url,4
2016-05-01,41752,3031,GitHub/servo/rust-url,1
2016-05-01,41752,4824,GitHub/servo/rust-url,1
2016-05-01,41752,4825,GitHub/servo/rust-url,1
2016-05-01,41752,2934,GitHub/servo/rust-url,1
2016-05-01,41752,3078,GitHub/servo/rust-url,2
2016-05-01,46027,2867,GitHub/alexcrichton/toml-rs,17
2016-05-01,46027,2927,GitHub/alexcrichton/toml-rs,1
2016-05-01,46027,2934,GitHub/alexcrichton/toml-rs,2
2016-05-01,46027,2935,GitHub/alexcrichton/toml-rs,10
2016-05-01,46027,2936,GitHub/alexcrichton/toml-rs,1
2016-05-01,46027,83,GitHub/alexcrichton/toml-rs,3
2016-05-01,46178,3017,GitHub/rust-lang-nursery/lazy-static.rs,1
2016-05-01,46178,3604,GitHub/rust-lang-nursery/lazy-static.rs,1
2016-05-01,46178,2873,GitHub/rust-lang-nursery/lazy-static.rs,1
2016-05-01,46178,3081,GitHub/rust-lang-nursery/lazy-static.rs,5
2016-05-01,46178,3472,GitHub/rust-lang-nursery/lazy-static.rs,16
2016-05-01,49067,2968,GitHub/Amanieu/thread_local-rs,15
2016-05-01,49067,3042,GitHub/Amanieu/thread_local-rs,1
2016-05-01,49075,4412,GitHub/rust-lang/pkg-config-rs,2
2016-05-01,49075,4511,GitHub/rust-lang/pkg-config-rs,2
2016-05-01,49075,2867,GitHub/rust-lang/pkg-config-rs,9
2016-05-01,49075,4510,GitHub/rust-lang/pkg-config-rs,3
2016-05-01,52465,877,GitHub/fizyk20/generic-array,2
2016-05-01,52465,3042,GitHub/fizyk20/generic-array,3
2016-05-01,52465,3606,GitHub/fizyk20/generic-array,8
2016-06-01,3150,2936,GitHub/seanmonstar/num_cpus,1
2016-06-01,3150,3878,GitHub/seanmonstar/num_cpus,4
2016-06-01,3150,2867,GitHub/seanmonstar/num_cpus,3
2016-06-01,4484,3085,GitHub/BurntSushi/byteorder,1
2016-06-01,4484,2979,GitHub/BurntSushi/byteorder,1
2016-06-01,4484,3043,GitHub/BurntSushi/byteorder,9
2016-06-01,4484,3200,GitHub/BurntSushi/byteorder,2
2016-06-01,4484,3199,GitHub/BurntSushi/byteorder,1
2016-06-01,4484,3198,GitHub/BurntSushi/byteorder,1
2016-06-01,4486,3169,GitHub/contain-rs/vec-map,1
2016-06-01,4486,3364,GitHub/contain-rs/vec-map,1
2016-06-01,4486,586,GitHub/contain-rs/vec-map,3
2016-06-01,4486,591,GitHub/contain-rs/vec-map,1
2016-06-01,4486,2993,GitHub/contain-rs/vec-map,8
2016-06-01,6681,3472,GitHub/djc/rustc-version-rs,5
2016-06-01,6681,3080,GitHub/djc/rustc-version-rs,5
2016-06-01,7322,1252,GitHub/servo/rust-smallvec,1
2016-06-01,7322,3436,GitHub/servo/rust-smallvec,1
2016-06-01,7322,2936,GitHub/servo/rust-smallvec,1
2016-06-01,7322,4454,GitHub/servo/rust-smallvec,1
2016-06-01,7322,3293,GitHub/servo/rust-smallvec,1
2016-06-01,7322,4133,GitHub/servo/rust-smallvec,1
2016-06-01,7415,2936,GitHub/BurntSushi/aho-corasick,1
2016-06-01,7415,3043,GitHub/BurntSushi/aho-corasick,12
2016-06-01,12228,3878,GitHub/seanmonstar/httparse,3
2016-06-01,12266,3084,GitHub/bitflags/bitflags,4
2016-06-01,12266,3082,GitHub/bitflags/bitflags,1
2016-06-01,12266,3081,GitHub/bitflags/bitflags,2
2016-06-01,12266,3080,GitHub/bitflags/bitflags,1
2016-06-01,12266,2968,GitHub/bitflags/bitflags,2
2016-06-01,12266,254,GitHub/bitflags/bitflags,1
2016-06-01,12266,3079,GitHub/bitflags/bitflags,3
2016-06-01,12266,3078,GitHub/bitflags/bitflags,1
2016-06-01,12266,3067,GitHub/bitflags/bitflags,3
2016-06-01,12266,2867,GitHub/bitflags/bitflags,21
2016-06-01,12266,3083,GitHub/bitflags/bitflags,1
2016-06-01,12842,3169,GitHub/tokio-rs/slab,3
2016-06-01,12842,3433,GitHub/tokio-rs/slab,3
2016-06-01,12842,3613,GitHub/tokio-rs/slab,2
2016-06-01,12842,4977,GitHub/tokio-rs/slab,1
2016-06-01,14306,4662,GitHub/rust-num/num-integer,1
2016-06-01,14306,4661,GitHub/rust-num/num-integer,1
2016-06-01,14306,4660,GitHub/rust-num/num-integer,5
2016-06-01,14306,3727,GitHub/rust-num/num-integer,1
2016-06-01,14306,4648,GitHub/rust-num/num-integer,20
2016-06-01,14306,4659,GitHub/rust-num/num-integer,1
2016-06-01,14306,3025,GitHub/rust-num/num-integer,38
2016-06-01,14306,2177,GitHub/rust-num/num-integer,1
2016-06-01,14306,3750,GitHub/rust-num/num-integer,1
2016-06-01,14306,3293,GitHub/rust-num/num-integer,1
2016-06-01,14306,2942,GitHub/rust-num/num-integer,1
2016-06-01,14306,4658,GitHub/rust-num/num-integer,1
2016-06-01,14306,2931,GitHub/rust-num/num-integer,1
2016-06-01,14306,4657,GitHub/rust-num/num-integer,3
2016-06-01,14306,4656,GitHub/rust-num/num-integer,1
2016-06-01,14306,3201,GitHub/rust-num/num-integer,17
2016-06-01,14306,268,GitHub/rust-num/num-integer,1
2016-06-01,14306,27,GitHub/rust-num/num-integer,1
2016-06-01,16183,2867,GitHub/rust-lang/cc-rs,30
2016-06-01,16183,4120,GitHub/rust-lang/cc-rs,2
2016-06-01,16183,4119,GitHub/rust-lang/cc-rs,1
2016-06-01,16183,4118,GitHub/rust-lang/cc-rs,1
2016-06-01,16183,4117,GitHub/rust-lang/cc-rs,1
2016-06-01,16183,4116,GitHub/rust-lang/cc-rs,2
2016-06-01,18006,3439,GitHub/crossbeam-rs/crossbeam,1
2016-06-01,18006,3362,GitHub/crossbeam-rs/crossbeam,1
2016-06-01,18006,682,GitHub/crossbeam-rs/crossbeam,5
2016-06-01,18006,3427,GitHub/crossbeam-rs/crossbeam,32
2016-06-01,18006,3432,GitHub/crossbeam-rs/crossbeam,5
2016-06-01,18006,378,GitHub/crossbeam-rs/crossbeam,1
2016-06-01,18006,3437,GitHub/crossbeam-rs/crossbeam,1
2016-06-01,18006,3438,GitHub/crossbeam-rs/crossbeam,1
2016-06-01,18006,679,GitHub/crossbeam-rs/crossbeam,1
2016-06-01,18006,684,GitHub/crossbeam-rs/crossbeam,3
2016-06-01,18006,2945,GitHub/crossbeam-rs/crossbeam,2
2016-06-01,18006,3197,GitHub/crossbeam-rs/crossbeam,1
2016-06-01,19184,3169,GitHub/bluss/scopeguard,2
2016-06-01,19184,268,GitHub/bluss/scopeguard,5
2016-06-01,19468,3078,GitHub/servo/rust-fnv,8
2016-06-01,19468,496,GitHub/servo/rust-fnv,1
2016-06-01,19468,3413,GitHub/servo/rust-fnv,3
2016-06-01,19468,2936,GitHub/servo/rust-fnv,7
2016-06-01,19468,2350,GitHub/servo/rust-fnv,1
2016-06-01,20699,2997,GitHub/Amanieu/parking_lot,1
2016-06-01,20699,2968,GitHub/Amanieu/parking_lot,49
2016-06-01,20699,2996,GitHub/Amanieu/parking_lot,1
2016-06-01,20949,3214,GitHub/Geal/nom,2
2016-06-01,20949,3799,GitHub/Geal/nom,1
2016-06-01,20949,3647,GitHub/Geal/nom,6
2016-06-01,20949,3535,GitHub/Geal/nom,2
2016-06-01,20949,3793,GitHub/Geal/nom,3
2016-06-01,20949,1093,GitHub/Geal/nom,1
2016-06-01,20949,3794,GitHub/Geal/nom,57
2016-06-01,20949,3654,GitHub/Geal/nom,1
2016-06-01,20949,3534,GitHub/Geal/nom,135
2016-06-01,20949,3798,GitHub/Geal/nom,6
2016-06-01,20949,3797,GitHub/Geal/nom,2
2016-06-01,20949,3795,GitHub/Geal/nom,19
2016-06-01,20949,3788,GitHub/Geal/nom,1
2016-06-01,20949,2936,GitHub/Geal/nom,1
2016-06-01,20949,2873,GitHub/Geal/nom,4
2016-06-01,20949,3789,GitHub/Geal/nom,2
2016-06-01,20949,3790,GitHub/Geal/nom,2
2016-06-01,20949,3215,GitHub/Geal/nom,3
2016-06-01,20949,1106,GitHub/Geal/nom,1
2016-06-01,20949,1104,GitHub/Geal/nom,3
2016-06-01,20949,3791,GitHub/Geal/nom,2
2016-06-01,20949,3311,GitHub/Geal/nom,1
2016-06-01,20949,3792,GitHub/Geal/nom,1
2016-06-01,20949,1096,GitHub/Geal/nom,1
2016-06-01,21282,2927,GitHub/bluss/arrayvec,1
2016-06-01,21282,3093,GitHub/bluss/arrayvec,1
2016-06-01,21282,268,GitHub/bluss/arrayvec,47
2016-06-01,21282,3094,GitHub/bluss/arrayvec,2
2016-06-01,22724,2945,GitHub/rust-lang/log,8
2016-06-01,22724,2968,GitHub/rust-lang/log,1
2016-06-01,22724,2867,GitHub/rust-lang/log,10
2016-06-01,22724,1930,GitHub/rust-lang/log,2
2016-06-01,22724,3427,GitHub/rust-lang/log,1
2016-06-01,22804,2867,GitHub/alexcrichton/cfg-if,1
2016-06-01,23287,4047,GitHub/rust-itertools/itertools,10
2016-06-01,23287,4048,GitHub/rust-itertools/itertools,14
2016-06-01,23287,268,GitHub/rust-itertools/itertools,72
2016-06-01,23287,2997,GitHub/rust-itertools/itertools,2
2016-06-01,23287,4065,GitHub/rust-itertools/itertools,1
2016-06-01,23287,4066,GitHub/rust-itertools/itertools,2
2016-06-01,23287,3380,GitHub/rust-itertools/itertools,1
2016-06-01,23287,4064,GitHub/rust-itertools/itertools,2
2016-06-01,23287,4050,GitHub/rust-itertools/itertools,1
2016-06-01,23287,2927,GitHub/rust-itertools/itertools,1
2016-06-01,23287,4049,GitHub/rust-itertools/itertools,1
2016-06-01,23287,1421,GitHub/rust-itertools/itertools,1
2016-06-01,24440,496,GitHub/ogham/rust-ansi-term,7
2016-06-01,24440,3996,GitHub/ogham/rust-ansi-term,1
2016-06-01,24440,3995,GitHub/ogham/rust-ansi-term,1
2016-06-01,24455,4786,GitHub/serde-rs/json,1
2016-06-01,24455,4785,GitHub/serde-rs/json,4
2016-06-01,24455,1824,GitHub/serde-rs/json,2
2016-06-01,24455,2337,GitHub/serde-rs/json,1
2016-06-01,24455,3078,GitHub/serde-rs/json,1
2016-06-01,24455,4784,GitHub/serde-rs/json,1
2016-06-01,24455,4782,GitHub/serde-rs/json,3
2016-06-01,24455,152,GitHub/serde-rs/json,7
2016-06-01,24455,2880,GitHub/serde-rs/json,1
2016-06-01,24455,2912,GitHub/serde-rs/json,3
2016-06-01,24455,4648,GitHub/serde-rs/json,6
2016-06-01,24455,2942,GitHub/serde-rs/json,19
2016-06-01,25976,268,GitHub/rust-lang/regex,1
2016-06-01,25976,2968,GitHub/rust-lang/regex,2
2016-06-01,25976,2012,GitHub/rust-lang/regex,2
2016-06-01,25976,4529,GitHub/rust-lang/regex,9
2016-06-01,25976,3423,GitHub/rust-lang/regex,3
2016-06-01,25976,3112,GitHub/rust-lang/regex,1
2016-06-01,25976,3043,GitHub/rust-lang/regex,184
2016-06-01,25976,2867,GitHub/rust-lang/regex,3
2016-06-01,25976,4527,GitHub/rust-lang/regex,1
2016-06-01,25976,4526,GitHub/rust-lang/regex,4
2016-06-01,25976,3093,GitHub/rust-lang/regex,1
2016-06-01,25976,4528,GitHub/rust-lang/regex,2
2016-06-01,25976,3476,GitHub/rust-lang/regex,3
2016-06-01,25976,65,GitHub/rust-lang/regex,1
2016-06-01,26074,3614,GitHub/paholg/typenum,35
2016-06-01,26074,3093,GitHub/paholg/typenum,1
2016-06-01,28705,3466,GitHub/dguo/strsim-rs,1
2016-06-01,28705,707,GitHub/dguo/strsim-rs,4
2016-06-01,28877,5006,GitHub/unicode-rs/unicode-xid,1
2016-06-01,28877,4538,GitHub/unicode-rs/unicode-xid,1
2016-06-01,32560,3043,GitHub/BurntSushi/memchr,10
2016-06-01,34831,2867,GitHub/rust-lang/futures-rs,89
2016-06-01,35574,3413,GitHub/unicode-rs/unicode-normalization,2
2016-06-01,36114,3413,GitHub/SimonSapin/rust-std-candidates,2
2016-06-01,36424,2950,GitHub/steveklabnik/semver-parser,17
2016-06-01,37083,3043,GitHub/BurntSushi/termcolor,10
2016-06-01,39779,3613,GitHub/time-rs/time,1
2016-06-01,39779,2867,GitHub/time-rs/time,5
2016-06-01,40937,3080,GitHub/dtolnay/semver,2
2016-06-01,40937,2950,GitHub/dtolnay/semver,12
2016-06-01,41752,3078,GitHub/servo/rust-url,2
2016-06-01,41752,3413,GitHub/servo/rust-url,114
2016-06-01,41752,3031,GitHub/servo/rust-url,1
2016-06-01,41752,2934,GitHub/servo/rust-url,1
2016-06-01,41752,2428,GitHub/servo/rust-url,1
2016-06-01,41752,1252,GitHub/servo/rust-url,4
2016-06-01,41752,4824,GitHub/servo/rust-url,1
2016-06-01,41752,4825,GitHub/servo/rust-url,1
2016-06-01,46027,2867,GitHub/alexcrichton/toml-rs,28
2016-06-01,46027,83,GitHub/alexcrichton/toml-rs,3
2016-06-01,46027,81,GitHub/alexcrichton/toml-rs,2
2016-06-01,46027,2936,GitHub/alexcrichton/toml-rs,1
2016-06-01,46027,2935,GitHub/alexcrichton/toml-rs,10
2016-06-01,46027,2934,GitHub/alexcrichton/toml-rs,5
2016-06-01,46027,2927,GitHub/alexcrichton/toml-rs,1
2016-06-01,46178,2873,GitHub/rust-lang-nursery/lazy-static.rs,1
2016-06-01,46178,3081,GitHub/rust-lang-nursery/lazy-static.rs,5
2016-06-01,46178,3472,GitHub/rust-lang-nursery/lazy-static.rs,16
2016-06-01,46178,3604,GitHub/rust-lang-nursery/lazy-static.rs,1
2016-06-01,46178,3017,GitHub/rust-lang-nursery/lazy-static.rs,1
2016-06-01,49067,3042,GitHub/Amanieu/thread_local-rs,1
2016-06-01,49067,2968,GitHub/Amanieu/thread_local-rs,19
2016-06-01,49075,4511,GitHub/rust-lang/pkg-config-rs,2
2016-06-01,49075,2867,GitHub/rust-lang/pkg-config-rs,9
2016-06-01,49075,4412,GitHub/rust-lang/pkg-config-rs,2
2016-06-01,49075,4510,GitHub/rust-lang/pkg-config-rs,3
2016-06-01,52465,877,GitHub/fizyk20/generic-array,2
2016-06-01,52465,3025,GitHub/fizyk20/generic-array,1
2016-06-01,52465,3042,GitHub/fizyk20/generic-array,3
2016-06-01,52465,3606,GitHub/fizyk20/generic-array,8
2016-07-01,3150,4549,GitHub/seanmonstar/num_cpus,1
2016-07-01,3150,2936,GitHub/seanmonstar/num_cpus,1
2016-07-01,3150,3878,GitHub/seanmonstar/num_cpus,6
2016-07-01,3150,2867,GitHub/seanmonstar/num_cpus,3
2016-07-01,4484,2979,GitHub/BurntSushi/byteorder,1
2016-07-01,4484,3200,GitHub/BurntSushi/byteorder,2
2016-07-01,4484,3085,GitHub/BurntSushi/byteorder,1
2016-07-01,4484,3043,GitHub/BurntSushi/byteorder,11
2016-07-01,4484,3198,GitHub/BurntSushi/byteorder,1
2016-07-01,4484,3199,GitHub/BurntSushi/byteorder,1
2016-07-01,4486,3364,GitHub/contain-rs/vec-map,1
2016-07-01,4486,3169,GitHub/contain-rs/vec-map,1
2016-07-01,4486,586,GitHub/contain-rs/vec-map,3
2016-07-01,4486,591,GitHub/contain-rs/vec-map,1
2016-07-01,4486,2993,GitHub/contain-rs/vec-map,8
2016-07-01,6681,3080,GitHub/djc/rustc-version-rs,5
2016-07-01,6681,3472,GitHub/djc/rustc-version-rs,5
2016-07-01,7322,3293,GitHub/servo/rust-smallvec,1
2016-07-01,7322,2988,GitHub/servo/rust-smallvec,1
2016-07-01,7322,1252,GitHub/servo/rust-smallvec,1
2016-07-01,7322,4454,GitHub/servo/rust-smallvec,1
2016-07-01,7322,4133,GitHub/servo/rust-smallvec,1
2016-07-01,7322,2936,GitHub/servo/rust-smallvec,1
2016-07-01,7322,3436,GitHub/servo/rust-smallvec,1
2016-07-01,7415,2936,GitHub/BurntSushi/aho-corasick,1
2016-07-01,7415,3043,GitHub/BurntSushi/aho-corasick,12
2016-07-01,12228,3878,GitHub/seanmonstar/httparse,3
2016-07-01,12266,2867,GitHub/bitflags/bitflags,21
2016-07-01,12266,3084,GitHub/bitflags/bitflags,4
2016-07-01,12266,3083,GitHub/bitflags/bitflags,1
2016-07-01,12266,2968,GitHub/bitflags/bitflags,2
2016-07-01,12266,3081,GitHub/bitflags/bitflags,2
2016-07-01,12266,254,GitHub/bitflags/bitflags,1
2016-07-01,12266,3082,GitHub/bitflags/bitflags,1
2016-07-01,12266,3079,GitHub/bitflags/bitflags,3
2016-07-01,12266,3078,GitHub/bitflags/bitflags,1
2016-07-01,12266,3080,GitHub/bitflags/bitflags,1
2016-07-01,12266,3067,GitHub/bitflags/bitflags,3
2016-07-01,12842,3169,GitHub/tokio-rs/slab,3
2016-07-01,12842,3433,GitHub/tokio-rs/slab,4
2016-07-01,12842,3613,GitHub/tokio-rs/slab,2
2016-07-01,12842,4977,GitHub/tokio-rs/slab,1
2016-07-01,14306,4662,GitHub/rust-num/num-integer,1
2016-07-01,14306,4657,GitHub/rust-num/num-integer,3
2016-07-01,14306,268,GitHub/rust-num/num-integer,1
2016-07-01,14306,4656,GitHub/rust-num/num-integer,1
2016-07-01,14306,4648,GitHub/rust-num/num-integer,21
2016-07-01,14306,4552,GitHub/rust-num/num-integer,1
2016-07-01,14306,4661,GitHub/rust-num/num-integer,1
2016-07-01,14306,4660,GitHub/rust-num/num-integer,5
2016-07-01,14306,4369,GitHub/rust-num/num-integer,1
2016-07-01,14306,2177,GitHub/rust-num/num-integer,1
2016-07-01,14306,27,GitHub/rust-num/num-integer,1
2016-07-01,14306,3750,GitHub/rust-num/num-integer,1
2016-07-01,14306,3727,GitHub/rust-num/num-integer,1
2016-07-01,14306,4659,GitHub/rust-num/num-integer,1
2016-07-01,14306,2931,GitHub/rust-num/num-integer,1
2016-07-01,14306,3293,GitHub/rust-num/num-integer,1
2016-07-01,14306,4658,GitHub/rust-num/num-integer,1
2016-07-01,14306,3201,GitHub/rust-num/num-integer,17
2016-07-01,14306,2942,GitHub/rust-num/num-integer,1
2016-07-01,14306,3025,GitHub/rust-num/num-integer,39
2016-07-01,16183,2867,GitHub/rust-lang/cc-rs,30
2016-07-01,16183,4120,GitHub/rust-lang/cc-rs,2
2016-07-01,16183,4119,GitHub/rust-lang/cc-rs,1
2016-07-01,16183,4118,GitHub/rust-lang/cc-rs,1
2016-07-01,16183,4117,GitHub/rust-lang/cc-rs,1
2016-07-01,16183,4116,GitHub/rust-lang/cc-rs,2
2016-07-01,16492,3433,GitHub/tokio-rs/bytes,2
2016-07-01,18006,3437,GitHub/crossbeam-rs/crossbeam,1
2016-07-01,18006,378,GitHub/crossbeam-rs/crossbeam,1
2016-07-01,18006,2945,GitHub/crossbeam-rs/crossbeam,2
2016-07-01,18006,3439,GitHub/crossbeam-rs/crossbeam,1
2016-07-01,18006,3197,GitHub/crossbeam-rs/crossbeam,1
2016-07-01,18006,3438,GitHub/crossbeam-rs/crossbeam,1
2016-07-01,18006,684,GitHub/crossbeam-rs/crossbeam,3
2016-07-01,18006,682,GitHub/crossbeam-rs/crossbeam,5
2016-07-01,18006,679,GitHub/crossbeam-rs/crossbeam,1
2016-07-01,18006,3427,GitHub/crossbeam-rs/crossbeam,32
2016-07-01,18006,3432,GitHub/crossbeam-rs/crossbeam,5
2016-07-01,18006,3362,GitHub/crossbeam-rs/crossbeam,1
2016-07-01,19184,3169,GitHub/bluss/scopeguard,2
2016-07-01,19184,268,GitHub/bluss/scopeguard,9
2016-07-01,19468,3413,GitHub/servo/rust-fnv,3
2016-07-01,19468,2350,GitHub/servo/rust-fnv,1
2016-07-01,19468,496,GitHub/servo/rust-fnv,1
2016-07-01,19468,2936,GitHub/servo/rust-fnv,7
2016-07-01,19468,3078,GitHub/servo/rust-fnv,8
2016-07-01,20699,2996,GitHub/Amanieu/parking_lot,1
2016-07-01,20699,2968,GitHub/Amanieu/parking_lot,54
2016-07-01,20699,2997,GitHub/Amanieu/parking_lot,1
2016-07-01,20699,2993,GitHub/Amanieu/parking_lot,1
2016-07-01,20949,3792,GitHub/Geal/nom,1
2016-07-01,20949,1091,GitHub/Geal/nom,1
2016-07-01,20949,1093,GitHub/Geal/nom,1
2016-07-01,20949,1096,GitHub/Geal/nom,1
2016-07-01,20949,1104,GitHub/Geal/nom,3
2016-07-01,20949,1106,GitHub/Geal/nom,1
2016-07-01,20949,2873,GitHub/Geal/nom,4
2016-07-01,20949,2936,GitHub/Geal/nom,1
2016-07-01,20949,3108,GitHub/Geal/nom,1
2016-07-01,20949,3144,GitHub/Geal/nom,1
2016-07-01,20949,3197,GitHub/Geal/nom,1
2016-07-01,20949,3214,GitHub/Geal/nom,2
2016-07-01,20949,3215,GitHub/Geal/nom,3
2016-07-01,20949,3311,GitHub/Geal/nom,1
2016-07-01,20949,3534,GitHub/Geal/nom,139
2016-07-01,20949,3535,GitHub/Geal/nom,2
2016-07-01,20949,3647,GitHub/Geal/nom,8
2016-07-01,20949,3654,GitHub/Geal/nom,1
2016-07-01,20949,3787,GitHub/Geal/nom,1
2016-07-01,20949,3788,GitHub/Geal/nom,1
2016-07-01,20949,3789,GitHub/Geal/nom,2
2016-07-01,20949,3790,GitHub/Geal/nom,2
2016-07-01,20949,3791,GitHub/Geal/nom,2
2016-07-01,20949,3793,GitHub/Geal/nom,3
2016-07-01,20949,3794,GitHub/Geal/nom,57
2016-07-01,20949,3795,GitHub/Geal/nom,19
2016-07-01,20949,3797,GitHub/Geal/nom,2
2016-07-01,20949,3798,GitHub/Geal/nom,6
2016-07-01,20949,3799,GitHub/Geal/nom,1
2016-07-01,21282,3094,GitHub/bluss/arrayvec,2
2016-07-01,21282,268,GitHub/bluss/arrayvec,47
2016-07-01,21282,2927,GitHub/bluss/arrayvec,1
2016-07-01,21282,3093,GitHub/bluss/arrayvec,1
2016-07-01,21445,1278,GitHub/marshallpierce/rust-base64,7
2016-07-01,22724,1929,GitHub/rust-lang/log,1
2016-07-01,22724,2867,GitHub/rust-lang/log,10
2016-07-01,22724,1930,GitHub/rust-lang/log,2
2016-07-01,22724,2968,GitHub/rust-lang/log,1
2016-07-01,22724,2945,GitHub/rust-lang/log,8
2016-07-01,22724,3427,GitHub/rust-lang/log,1
2016-07-01,22804,2867,GitHub/alexcrichton/cfg-if,1
2016-07-01,23287,2927,GitHub/rust-itertools/itertools,1
2016-07-01,23287,4064,GitHub/rust-itertools/itertools,2
2016-07-01,23287,4065,GitHub/rust-itertools/itertools,1
2016-07-01,23287,4047,GitHub/rust-itertools/itertools,10
2016-07-01,23287,3380,GitHub/rust-itertools/itertools,1
2016-07-01,23287,1421,GitHub/rust-itertools/itertools,1
2016-07-01,23287,4049,GitHub/rust-itertools/itertools,1
2016-07-01,23287,2997,GitHub/rust-itertools/itertools,2
2016-07-01,23287,4050,GitHub/rust-itertools/itertools,1
2016-07-01,23287,268,GitHub/rust-itertools/itertools,78
2016-07-01,23287,4066,GitHub/rust-itertools/itertools,2
2016-07-01,23287,4048,GitHub/rust-itertools/itertools,14
2016-07-01,24440,496,GitHub/ogham/rust-ansi-term,10
2016-07-01,24440,3987,GitHub/ogham/rust-ansi-term,2
2016-07-01,24440,3996,GitHub/ogham/rust-ansi-term,1
2016-07-01,24440,3995,GitHub/ogham/rust-ansi-term,1
2016-07-01,24455,2912,GitHub/serde-rs/json,21
2016-07-01,24455,2880,GitHub/serde-rs/json,1
2016-07-01,24455,4785,GitHub/serde-rs/json,4
2016-07-01,24455,3078,GitHub/serde-rs/json,1
2016-07-01,24455,4786,GitHub/serde-rs/json,1
2016-07-01,24455,4648,GitHub/serde-rs/json,8
2016-07-01,24455,2942,GitHub/serde-rs/json,19
2016-07-01,24455,1824,GitHub/serde-rs/json,2
2016-07-01,24455,152,GitHub/serde-rs/json,7
2016-07-01,24455,4780,GitHub/serde-rs/json,4
2016-07-01,24455,4781,GitHub/serde-rs/json,1
2016-07-01,24455,4782,GitHub/serde-rs/json,3
2016-07-01,24455,4784,GitHub/serde-rs/json,1
2016-07-01,24455,2337,GitHub/serde-rs/json,1
2016-07-01,25976,3933,GitHub/rust-lang/regex,1
2016-07-01,25976,4528,GitHub/rust-lang/regex,2
2016-07-01,25976,4527,GitHub/rust-lang/regex,1
2016-07-01,25976,4526,GitHub/rust-lang/regex,5
2016-07-01,25976,3112,GitHub/rust-lang/regex,1
2016-07-01,25976,3093,GitHub/rust-lang/regex,1
2016-07-01,25976,2012,GitHub/rust-lang/regex,4
2016-07-01,25976,3423,GitHub/rust-lang/regex,4
2016-07-01,25976,3476,GitHub/rust-lang/regex,4
2016-07-01,25976,268,GitHub/rust-lang/regex,1
2016-07-01,25976,3043,GitHub/rust-lang/regex,194
2016-07-01,25976,2867,GitHub/rust-lang/regex,3
2016-07-01,25976,65,GitHub/rust-lang/regex,1
2016-07-01,25976,4529,GitHub/rust-lang/regex,9
2016-07-01,25976,2968,GitHub/rust-lang/regex,2
2016-07-01,26074,3614,GitHub/paholg/typenum,35
2016-07-01,26074,3093,GitHub/paholg/typenum,1
2016-07-01,28705,707,GitHub/dguo/strsim-rs,6
2016-07-01,28705,3466,GitHub/dguo/strsim-rs,1
2016-07-01,28877,5006,GitHub/unicode-rs/unicode-xid,1
2016-07-01,28877,4538,GitHub/unicode-rs/unicode-xid,1
2016-07-01,32560,3043,GitHub/BurntSushi/memchr,10
2016-07-01,33435,2912,GitHub/dtolnay/itoa,5
2016-07-01,34831,2867,GitHub/rust-lang/futures-rs,104
2016-07-01,34831,3080,GitHub/rust-lang/futures-rs,2
2016-07-01,35574,3413,GitHub/unicode-rs/unicode-normalization,2
2016-07-01,36114,3413,GitHub/SimonSapin/rust-std-candidates,2
2016-07-01,36424,3043,GitHub/steveklabnik/semver-parser,1
2016-07-01,36424,2950,GitHub/steveklabnik/semver-parser,21
2016-07-01,37083,3043,GitHub/BurntSushi/termcolor,12
2016-07-01,37844,4270,GitHub/softprops/atty,3
2016-07-01,39779,2867,GitHub/time-rs/time,5
2016-07-01,39779,3613,GitHub/time-rs/time,1
2016-07-01,40937,2950,GitHub/dtolnay/semver,14
2016-07-01,40937,3080,GitHub/dtolnay/semver,2
2016-07-01,41752,4824,GitHub/servo/rust-url,1
2016-07-01,41752,2936,GitHub/servo/rust-url,1
2016-07-01,41752,2934,GitHub/servo/rust-url,1
2016-07-01,41752,3413,GitHub/servo/rust-url,118
2016-07-01,41752,4825,GitHub/servo/rust-url,1
2016-07-01,41752,2428,GitHub/servo/rust-url,1
2016-07-01,41752,4459,GitHub/servo/rust-url,1
2016-07-01,41752,3078,GitHub/servo/rust-url,2
2016-07-01,41752,3031,GitHub/servo/rust-url,1
2016-07-01,41752,1252,GitHub/servo/rust-url,4
2016-07-01,46027,81,GitHub/alexcrichton/toml-rs,2
2016-07-01,46027,2936,GitHub/alexcrichton/toml-rs,1
2016-07-01,46027,2927,GitHub/alexcrichton/toml-rs,1
2016-07-01,46027,83,GitHub/alexcrichton/toml-rs,3
2016-07-01,46027,2933,GitHub/alexcrichton/toml-rs,1
2016-07-01,46027,2935,GitHub/alexcrichton/toml-rs,10
2016-07-01,46027,2934,GitHub/alexcrichton/toml-rs,5
2016-07-01,46027,2867,GitHub/alexcrichton/toml-rs,30
2016-07-01,46178,3017,GitHub/rust-lang-nursery/lazy-static.rs,1
2016-07-01,46178,3604,GitHub/rust-lang-nursery/lazy-static.rs,1
2016-07-01,46178,3472,GitHub/rust-lang-nursery/lazy-static.rs,16
2016-07-01,46178,2873,GitHub/rust-lang-nursery/lazy-static.rs,1
2016-07-01,46178,3081,GitHub/rust-lang-nursery/lazy-static.rs,5
2016-07-01,49067,3042,GitHub/Amanieu/thread_local-rs,1
2016-07-01,49067,2968,GitHub/Amanieu/thread_local-rs,19
2016-07-01,49075,2867,GitHub/rust-lang/pkg-config-rs,9
2016-07-01,49075,4511,GitHub/rust-lang/pkg-config-rs,2
2016-07-01,49075,4510,GitHub/rust-lang/pkg-config-rs,3
2016-07-01,49075,4412,GitHub/rust-lang/pkg-config-rs,2
2016-07-01,52465,3615,GitHub/fizyk20/generic-array,1
2016-07-01,52465,877,GitHub/fizyk20/generic-array,2
2016-07-01,52465,3025,GitHub/fizyk20/generic-array,1
2016-07-01,52465,3042,GitHub/fizyk20/generic-array,3
2016-07-01,52465,3606,GitHub/fizyk20/generic-array,12
2016-08-01,3150,2867,GitHub/seanmonstar/num_cpus,3
2016-08-01,3150,4549,GitHub/seanmonstar/num_cpus,1
2016-08-01,3150,2936,GitHub/seanmonstar/num_cpus,1
2016-08-01,3150,3878,GitHub/seanmonstar/num_cpus,8
2016-08-01,4484,3200,GitHub/BurntSushi/byteorder,2
2016-08-01,4484,3199,GitHub/BurntSushi/byteorder,1
2016-08-01,4484,3085,GitHub/BurntSushi/byteorder,1
2016-08-01,4484,3198,GitHub/BurntSushi/byteorder,1
2016-08-01,4484,2979,GitHub/BurntSushi/byteorder,1
2016-08-01,4484,3043,GitHub/BurntSushi/byteorder,11
2016-08-01,4486,591,GitHub/contain-rs/vec-map,1
2016-08-01,4486,2993,GitHub/contain-rs/vec-map,9
2016-08-01,4486,3364,GitHub/contain-rs/vec-map,1
2016-08-01,4486,3169,GitHub/contain-rs/vec-map,1
2016-08-01,4486,586,GitHub/contain-rs/vec-map,4
2016-08-01,6681,3472,GitHub/djc/rustc-version-rs,5
2016-08-01,6681,3080,GitHub/djc/rustc-version-rs,5
2016-08-01,7322,3293,GitHub/servo/rust-smallvec,1
2016-08-01,7322,2936,GitHub/servo/rust-smallvec,1
2016-08-01,7322,2988,GitHub/servo/rust-smallvec,1
2016-08-01,7322,4454,GitHub/servo/rust-smallvec,1
2016-08-01,7322,3180,GitHub/servo/rust-smallvec,6
2016-08-01,7322,1252,GitHub/servo/rust-smallvec,1
2016-08-01,7322,4133,GitHub/servo/rust-smallvec,1
2016-08-01,7322,3436,GitHub/servo/rust-smallvec,1
2016-08-01,7415,3043,GitHub/BurntSushi/aho-corasick,12
2016-08-01,7415,2936,GitHub/BurntSushi/aho-corasick,1
2016-08-01,12228,3878,GitHub/seanmonstar/httparse,4
2016-08-01,12266,3067,GitHub/bitflags/bitflags,3
2016-08-01,12266,2867,GitHub/bitflags/bitflags,21
2016-08-01,12266,3080,GitHub/bitflags/bitflags,1
2016-08-01,12266,254,GitHub/bitflags/bitflags,1
2016-08-01,12266,3079,GitHub/bitflags/bitflags,3
2016-08-01,12266,3078,GitHub/bitflags/bitflags,1
2016-08-01,12266,3083,GitHub/bitflags/bitflags,1
2016-08-01,12266,3082,GitHub/bitflags/bitflags,1
2016-08-01,12266,3084,GitHub/bitflags/bitflags,4
2016-08-01,12266,3081,GitHub/bitflags/bitflags,2
2016-08-01,12266,2968,GitHub/bitflags/bitflags,2
2016-08-01,12842,3433,GitHub/tokio-rs/slab,4
2016-08-01,12842,3169,GitHub/tokio-rs/slab,3
2016-08-01,12842,4977,GitHub/tokio-rs/slab,1
2016-08-01,12842,3613,GitHub/tokio-rs/slab,2
2016-08-01,14306,3727,GitHub/rust-num/num-integer,1
2016-08-01,14306,4659,GitHub/rust-num/num-integer,1
2016-08-01,14306,3750,GitHub/rust-num/num-integer,1
2016-08-01,14306,27,GitHub/rust-num/num-integer,1
2016-08-01,14306,4657,GitHub/rust-num/num-integer,3
2016-08-01,14306,3025,GitHub/rust-num/num-integer,52
2016-08-01,14306,2177,GitHub/rust-num/num-integer,1
2016-08-01,14306,4660,GitHub/rust-num/num-integer,5
2016-08-01,14306,4661,GitHub/rust-num/num-integer,1
2016-08-01,14306,2931,GitHub/rust-num/num-integer,1
2016-08-01,14306,268,GitHub/rust-num/num-integer,1
2016-08-01,14306,4552,GitHub/rust-num/num-integer,1
2016-08-01,14306,4662,GitHub/rust-num/num-integer,1
2016-08-01,14306,4658,GitHub/rust-num/num-integer,1
2016-08-01,14306,4656,GitHub/rust-num/num-integer,3
2016-08-01,14306,2942,GitHub/rust-num/num-integer,1
2016-08-01,14306,4369,GitHub/rust-num/num-integer,1
2016-08-01,14306,3293,GitHub/rust-num/num-integer,1
2016-08-01,14306,3574,GitHub/rust-num/num-integer,3
2016-08-01,14306,3201,GitHub/rust-num/num-integer,17
2016-08-01,14306,4648,GitHub/rust-num/num-integer,26
2016-08-01,16183,4117,GitHub/rust-lang/cc-rs,1
2016-08-01,16183,4120,GitHub/rust-lang/cc-rs,2
2016-08-01,16183,4167,GitHub/rust-lang/cc-rs,1
2016-08-01,16183,2867,GitHub/rust-lang/cc-rs,43
2016-08-01,16183,4116,GitHub/rust-lang/cc-rs,2
2016-08-01,16183,4118,GitHub/rust-lang/cc-rs,1
2016-08-01,16183,4119,GitHub/rust-lang/cc-rs,1
2016-08-01,16492,3433,GitHub/tokio-rs/bytes,9
2016-08-01,18006,378,GitHub/crossbeam-rs/crossbeam,1
2016-08-01,18006,3437,GitHub/crossbeam-rs/crossbeam,1
2016-08-01,18006,3438,GitHub/crossbeam-rs/crossbeam,1
2016-08-01,18006,682,GitHub/crossbeam-rs/crossbeam,5
2016-08-01,18006,2945,GitHub/crossbeam-rs/crossbeam,2
2016-08-01,18006,3432,GitHub/crossbeam-rs/crossbeam,5
2016-08-01,18006,3197,GitHub/crossbeam-rs/crossbeam,1
2016-08-01,18006,684,GitHub/crossbeam-rs/crossbeam,3
2016-08-01,18006,3439,GitHub/crossbeam-rs/crossbeam,1
2016-08-01,18006,3427,GitHub/crossbeam-rs/crossbeam,32
2016-08-01,18006,3362,GitHub/crossbeam-rs/crossbeam,1
2016-08-01,18006,679,GitHub/crossbeam-rs/crossbeam,1
2016-08-01,19184,3169,GitHub/bluss/scopeguard,2
2016-08-01,19184,268,GitHub/bluss/scopeguard,9
2016-08-01,19468,3413,GitHub/servo/rust-fnv,3
2016-08-01,19468,3078,GitHub/servo/rust-fnv,9
2016-08-01,19468,2936,GitHub/servo/rust-fnv,7
2016-08-01,19468,2350,GitHub/servo/rust-fnv,1
2016-08-01,19468,3173,GitHub/servo/rust-fnv,2
2016-08-01,19468,496,GitHub/servo/rust-fnv,1
2016-08-01,20699,152,GitHub/Amanieu/parking_lot,1
2016-08-01,20699,2995,GitHub/Amanieu/parking_lot,1
2016-08-01,20699,2993,GitHub/Amanieu/parking_lot,1
2016-08-01,20699,2996,GitHub/Amanieu/parking_lot,1
2016-08-01,20699,2997,GitHub/Amanieu/parking_lot,1
2016-08-01,20699,2968,GitHub/Amanieu/parking_lot,61
2016-08-01,20949,3197,GitHub/Geal/nom,1
2016-08-01,20949,1104,GitHub/Geal/nom,3
2016-08-01,20949,3215,GitHub/Geal/nom,3
2016-08-01,20949,3534,GitHub/Geal/nom,149
2016-08-01,20949,1093,GitHub/Geal/nom,1
2016-08-01,20949,3647,GitHub/Geal/nom,8
2016-08-01,20949,2936,GitHub/Geal/nom,1
2016-08-01,20949,3787,GitHub/Geal/nom,1
2016-08-01,20949,3785,GitHub/Geal/nom,1
2016-08-01,20949,1091,GitHub/Geal/nom,1
2016-08-01,20949,3788,GitHub/Geal/nom,1
2016-08-01,20949,3214,GitHub/Geal/nom,2
2016-08-01,20949,3654,GitHub/Geal/nom,2
2016-08-01,20949,3535,GitHub/Geal/nom,2
2016-08-01,20949,3791,GitHub/Geal/nom,2
2016-08-01,20949,1096,GitHub/Geal/nom,1
2016-08-01,20949,3793,GitHub/Geal/nom,3
2016-08-01,20949,3108,GitHub/Geal/nom,1
2016-08-01,20949,3790,GitHub/Geal/nom,2
2016-08-01,20949,3798,GitHub/Geal/nom,6
2016-08-01,20949,3144,GitHub/Geal/nom,1
2016-08-01,20949,3794,GitHub/Geal/nom,57
2016-08-01,20949,2873,GitHub/Geal/nom,4
2016-08-01,20949,1106,GitHub/Geal/nom,1
2016-08-01,20949,3225,GitHub/Geal/nom,1
2016-08-01,20949,3797,GitHub/Geal/nom,2
2016-08-01,20949,3795,GitHub/Geal/nom,19
2016-08-01,20949,3792,GitHub/Geal/nom,1
2016-08-01,20949,3789,GitHub/Geal/nom,2
2016-08-01,20949,3786,GitHub/Geal/nom,2
2016-08-01,20949,3311,GitHub/Geal/nom,1
2016-08-01,20949,3799,GitHub/Geal/nom,1
2016-08-01,21282,268,GitHub/bluss/arrayvec,47
2016-08-01,21282,2927,GitHub/bluss/arrayvec,1
2016-08-01,21282,3094,GitHub/bluss/arrayvec,2
2016-08-01,21282,3093,GitHub/bluss/arrayvec,1
2016-08-01,21445,3137,GitHub/marshallpierce/rust-base64,2
2016-08-01,21445,1278,GitHub/marshallpierce/rust-base64,7
2016-08-01,22724,3427,GitHub/rust-lang/log,1
2016-08-01,22724,1929,GitHub/rust-lang/log,1
2016-08-01,22724,2968,GitHub/rust-lang/log,1
2016-08-01,22724,2867,GitHub/rust-lang/log,11
2016-08-01,22724,1930,GitHub/rust-lang/log,2
2016-08-01,22724,2945,GitHub/rust-lang/log,11
2016-08-01,22804,2867,GitHub/alexcrichton/cfg-if,1
2016-08-01,23287,4066,GitHub/rust-itertools/itertools,2
2016-08-01,23287,4064,GitHub/rust-itertools/itertools,2
2016-08-01,23287,4048,GitHub/rust-itertools/itertools,14
2016-08-01,23287,4065,GitHub/rust-itertools/itertools,1
2016-08-01,23287,2927,GitHub/rust-itertools/itertools,1
2016-08-01,23287,4047,GitHub/rust-itertools/itertools,10
2016-08-01,23287,4050,GitHub/rust-itertools/itertools,1
2016-08-01,23287,2997,GitHub/rust-itertools/itertools,2
2016-08-01,23287,4049,GitHub/rust-itertools/itertools,1
2016-08-01,23287,268,GitHub/rust-itertools/itertools,78
2016-08-01,23287,1421,GitHub/rust-itertools/itertools,1
2016-08-01,23287,3380,GitHub/rust-itertools/itertools,1
2016-08-01,24440,496,GitHub/ogham/rust-ansi-term,13
2016-08-01,24440,3995,GitHub/ogham/rust-ansi-term,1
2016-08-01,24440,3987,GitHub/ogham/rust-ansi-term,4
2016-08-01,24440,3996,GitHub/ogham/rust-ansi-term,1
2016-08-01,24455,4780,GitHub/serde-rs/json,4
2016-08-01,24455,1824,GitHub/serde-rs/json,2
2016-08-01,24455,4785,GitHub/serde-rs/json,4
2016-08-01,24455,4784,GitHub/serde-rs/json,1
2016-08-01,24455,4781,GitHub/serde-rs/json,1
2016-08-01,24455,4786,GitHub/serde-rs/json,1
2016-08-01,24455,2337,GitHub/serde-rs/json,1
2016-08-01,24455,4782,GitHub/serde-rs/json,3
2016-08-01,24455,3078,GitHub/serde-rs/json,1
2016-08-01,24455,65,GitHub/serde-rs/json,6
2016-08-01,24455,152,GitHub/serde-rs/json,7
2016-08-01,24455,2912,GitHub/serde-rs/json,62
2016-08-01,24455,4648,GitHub/serde-rs/json,9
2016-08-01,24455,2880,GitHub/serde-rs/json,1
2016-08-01,24455,2945,GitHub/serde-rs/json,1
2016-08-01,24455,3423,GitHub/serde-rs/json,1
2016-08-01,24455,2942,GitHub/serde-rs/json,19
2016-08-01,25976,4526,GitHub/rust-lang/regex,5
2016-08-01,25976,268,GitHub/rust-lang/regex,1
2016-08-01,25976,65,GitHub/rust-lang/regex,1
2016-08-01,25976,4528,GitHub/rust-lang/regex,2
2016-08-01,25976,3933,GitHub/rust-lang/regex,1
2016-08-01,25976,4525,GitHub/rust-lang/regex,1
2016-08-01,25976,4527,GitHub/rust-lang/regex,1
2016-08-01,25976,3112,GitHub/rust-lang/regex,1
2016-08-01,25976,3423,GitHub/rust-lang/regex,4
2016-08-01,25976,3476,GitHub/rust-lang/regex,4
2016-08-01,25976,2867,GitHub/rust-lang/regex,3
2016-08-01,25976,2012,GitHub/rust-lang/regex,4
2016-08-01,25976,4529,GitHub/rust-lang/regex,9
2016-08-01,25976,2968,GitHub/rust-lang/regex,2
2016-08-01,25976,3043,GitHub/rust-lang/regex,209
2016-08-01,25976,3093,GitHub/rust-lang/regex,1
2016-08-01,26074,3614,GitHub/paholg/typenum,40
2016-08-01,26074,3093,GitHub/paholg/typenum,1
2016-08-01,28705,707,GitHub/dguo/strsim-rs,6
2016-08-01,28705,3466,GitHub/dguo/strsim-rs,1
2016-08-01,28877,5006,GitHub/unicode-rs/unicode-xid,1
2016-08-01,28877,4538,GitHub/unicode-rs/unicode-xid,1
2016-08-01,32560,3043,GitHub/BurntSushi/memchr,10
2016-08-01,33435,2912,GitHub/dtolnay/itoa,5
2016-08-01,34831,3427,GitHub/rust-lang/futures-rs,14
2016-08-01,34831,2900,GitHub/rust-lang/futures-rs,1
2016-08-01,34831,1727,GitHub/rust-lang/futures-rs,2
2016-08-01,34831,2867,GitHub/rust-lang/futures-rs,274
2016-08-01,34831,3080,GitHub/rust-lang/futures-rs,2
2016-08-01,35574,3413,GitHub/unicode-rs/unicode-normalization,2
2016-08-01,36114,3413,GitHub/SimonSapin/rust-std-candidates,2
2016-08-01,36424,2950,GitHub/steveklabnik/semver-parser,24
2016-08-01,36424,3043,GitHub/steveklabnik/semver-parser,1
2016-08-01,37083,3043,GitHub/BurntSushi/termcolor,12
2016-08-01,37844,4270,GitHub/softprops/atty,3
2016-08-01,39779,2867,GitHub/time-rs/time,6
2016-08-01,39779,3613,GitHub/time-rs/time,1
2016-08-01,40937,2950,GitHub/dtolnay/semver,18
2016-08-01,40937,3080,GitHub/dtolnay/semver,2
2016-08-01,41752,2934,GitHub/servo/rust-url,1
2016-08-01,41752,3031,GitHub/servo/rust-url,1
2016-08-01,41752,3078,GitHub/servo/rust-url,2
2016-08-01,41752,3413,GitHub/servo/rust-url,118
2016-08-01,41752,2428,GitHub/servo/rust-url,1
2016-08-01,41752,1252,GitHub/servo/rust-url,6
2016-08-01,41752,4825,GitHub/servo/rust-url,1
2016-08-01,41752,4862,GitHub/servo/rust-url,1
2016-08-01,41752,4824,GitHub/servo/rust-url,1
2016-08-01,41752,4459,GitHub/servo/rust-url,1
2016-08-01,41752,2936,GitHub/servo/rust-url,4
2016-08-01,46027,2935,GitHub/alexcrichton/toml-rs,10
2016-08-01,46027,83,GitHub/alexcrichton/toml-rs,3
2016-08-01,46027,2933,GitHub/alexcrichton/toml-rs,1
2016-08-01,46027,2867,GitHub/alexcrichton/toml-rs,32
2016-08-01,46027,81,GitHub/alexcrichton/toml-rs,2
2016-08-01,46027,2934,GitHub/alexcrichton/toml-rs,5
2016-08-01,46027,65,GitHub/alexcrichton/toml-rs,2
2016-08-01,46027,2927,GitHub/alexcrichton/toml-rs,1
2016-08-01,46027,2936,GitHub/alexcrichton/toml-rs,1
2016-08-01,46027,2912,GitHub/alexcrichton/toml-rs,4
2016-08-01,46178,3472,GitHub/rust-lang-nursery/lazy-static.rs,16
2016-08-01,46178,2873,GitHub/rust-lang-nursery/lazy-static.rs,1
2016-08-01,46178,3017,GitHub/rust-lang-nursery/lazy-static.rs,1
2016-08-01,46178,3081,GitHub/rust-lang-nursery/lazy-static.rs,5
2016-08-01,46178,3604,GitHub/rust-lang-nursery/lazy-static.rs,1
2016-08-01,49067,2968,GitHub/Amanieu/thread_local-rs,19
2016-08-01,49067,3042,GitHub/Amanieu/thread_local-rs,1
2016-08-01,49075,4412,GitHub/rust-lang/pkg-config-rs,2
2016-08-01,49075,2867,GitHub/rust-lang/pkg-config-rs,10
2016-08-01,49075,4511,GitHub/rust-lang/pkg-config-rs,2
2016-08-01,49075,3071,GitHub/rust-lang/pkg-config-rs,1
2016-08-01,49075,4510,GitHub/rust-lang/pkg-config-rs,3
2016-08-01,52465,3606,GitHub/fizyk20/generic-array,13
2016-08-01,52465,3614,GitHub/fizyk20/generic-array,2
2016-08-01,52465,3615,GitHub/fizyk20/generic-array,1
2016-08-01,52465,3042,GitHub/fizyk20/generic-array,3
2016-08-01,52465,3025,GitHub/fizyk20/generic-array,1
2016-08-01,52465,877,GitHub/fizyk20/generic-array,2
2016-09-01,3150,3878,GitHub/seanmonstar/num_cpus,8
2016-09-01,3150,4549,GitHub/seanmonstar/num_cpus,1
2016-09-01,3150,2867,GitHub/seanmonstar/num_cpus,3
2016-09-01,3150,2936,GitHub/seanmonstar/num_cpus,1
2016-09-01,4484,3085,GitHub/BurntSushi/byteorder,1
2016-09-01,4484,3199,GitHub/BurntSushi/byteorder,1
2016-09-01,4484,2979,GitHub/BurntSushi/byteorder,1
2016-09-01,4484,3043,GitHub/BurntSushi/byteorder,11
2016-09-01,4484,3198,GitHub/BurntSushi/byteorder,1
2016-09-01,4484,3200,GitHub/BurntSushi/byteorder,2
2016-09-01,4486,586,GitHub/contain-rs/vec-map,4
2016-09-01,4486,3169,GitHub/contain-rs/vec-map,1
2016-09-01,4486,591,GitHub/contain-rs/vec-map,1
2016-09-01,4486,3364,GitHub/contain-rs/vec-map,1
2016-09-01,4486,2993,GitHub/contain-rs/vec-map,9
2016-09-01,6681,3472,GitHub/djc/rustc-version-rs,5
2016-09-01,6681,3080,GitHub/djc/rustc-version-rs,5
2016-09-01,7322,3413,GitHub/servo/rust-smallvec,1
2016-09-01,7322,4454,GitHub/servo/rust-smallvec,1
2016-09-01,7322,3180,GitHub/servo/rust-smallvec,9
2016-09-01,7322,3824,GitHub/servo/rust-smallvec,3
2016-09-01,7322,4133,GitHub/servo/rust-smallvec,1
2016-09-01,7322,2936,GitHub/servo/rust-smallvec,1
2016-09-01,7322,1252,GitHub/servo/rust-smallvec,2
2016-09-01,7322,2988,GitHub/servo/rust-smallvec,1
2016-09-01,7322,3293,GitHub/servo/rust-smallvec,1
2016-09-01,7322,3436,GitHub/servo/rust-smallvec,1
2016-09-01,7415,3043,GitHub/BurntSushi/aho-corasick,12
2016-09-01,7415,2936,GitHub/BurntSushi/aho-corasick,1
2016-09-01,12228,3860,GitHub/seanmonstar/httparse,1
2016-09-01,12228,3878,GitHub/seanmonstar/httparse,5
2016-09-01,12228,3225,GitHub/seanmonstar/httparse,1
2016-09-01,12266,3081,GitHub/bitflags/bitflags,2
2016-09-01,12266,3083,GitHub/bitflags/bitflags,1
2016-09-01,12266,3080,GitHub/bitflags/bitflags,1
2016-09-01,12266,3082,GitHub/bitflags/bitflags,1
2016-09-01,12266,3084,GitHub/bitflags/bitflags,4
2016-09-01,12266,3078,GitHub/bitflags/bitflags,1
2016-09-01,12266,2867,GitHub/bitflags/bitflags,21
2016-09-01,12266,2968,GitHub/bitflags/bitflags,2
2016-09-01,12266,3079,GitHub/bitflags/bitflags,3
2016-09-01,12266,254,GitHub/bitflags/bitflags,1
2016-09-01,12266,3067,GitHub/bitflags/bitflags,3
2016-09-01,12842,4977,GitHub/tokio-rs/slab,1
2016-09-01,12842,3613,GitHub/tokio-rs/slab,2
2016-09-01,12842,3433,GitHub/tokio-rs/slab,4
2016-09-01,12842,3169,GitHub/tokio-rs/slab,3
2016-09-01,14306,3025,GitHub/rust-num/num-integer,59
2016-09-01,14306,3293,GitHub/rust-num/num-integer,1
2016-09-01,14306,4369,GitHub/rust-num/num-integer,6
2016-09-01,14306,4660,GitHub/rust-num/num-integer,5
2016-09-01,14306,4662,GitHub/rust-num/num-integer,1
2016-09-01,14306,4659,GitHub/rust-num/num-integer,1
2016-09-01,14306,2942,GitHub/rust-num/num-integer,1
2016-09-01,14306,2931,GitHub/rust-num/num-integer,1
2016-09-01,14306,27,GitHub/rust-num/num-integer,1
2016-09-01,14306,4656,GitHub/rust-num/num-integer,3
2016-09-01,14306,3201,GitHub/rust-num/num-integer,17
2016-09-01,14306,268,GitHub/rust-num/num-integer,1
2016-09-01,14306,2177,GitHub/rust-num/num-integer,1
2016-09-01,14306,3727,GitHub/rust-num/num-integer,1
2016-09-01,14306,3750,GitHub/rust-num/num-integer,1
2016-09-01,14306,4648,GitHub/rust-num/num-integer,30
2016-09-01,14306,4661,GitHub/rust-num/num-integer,1
2016-09-01,14306,4658,GitHub/rust-num/num-integer,1
2016-09-01,14306,4513,GitHub/rust-num/num-integer,1
2016-09-01,14306,4552,GitHub/rust-num/num-integer,1
2016-09-01,14306,3574,GitHub/rust-num/num-integer,3
2016-09-01,14306,4657,GitHub/rust-num/num-integer,3
2016-09-01,16183,4167,GitHub/rust-lang/cc-rs,1
2016-09-01,16183,2867,GitHub/rust-lang/cc-rs,63
2016-09-01,16183,3021,GitHub/rust-lang/cc-rs,1
2016-09-01,16183,4119,GitHub/rust-lang/cc-rs,1
2016-09-01,16183,3824,GitHub/rust-lang/cc-rs,3
2016-09-01,16183,4116,GitHub/rust-lang/cc-rs,2
2016-09-01,16183,4118,GitHub/rust-lang/cc-rs,1
2016-09-01,16183,3071,GitHub/rust-lang/cc-rs,2
2016-09-01,16183,4154,GitHub/rust-lang/cc-rs,2
2016-09-01,16183,4120,GitHub/rust-lang/cc-rs,2
2016-09-01,16183,4117,GitHub/rust-lang/cc-rs,1
2016-09-01,16492,3433,GitHub/tokio-rs/bytes,18
2016-09-01,18006,2993,GitHub/crossbeam-rs/crossbeam,1
2016-09-01,18006,3437,GitHub/crossbeam-rs/crossbeam,1
2016-09-01,18006,3438,GitHub/crossbeam-rs/crossbeam,1
2016-09-01,18006,3427,GitHub/crossbeam-rs/crossbeam,32
2016-09-01,18006,3436,GitHub/crossbeam-rs/crossbeam,1
2016-09-01,18006,679,GitHub/crossbeam-rs/crossbeam,1
2016-09-01,18006,378,GitHub/crossbeam-rs/crossbeam,1
2016-09-01,18006,682,GitHub/crossbeam-rs/crossbeam,5
2016-09-01,18006,2945,GitHub/crossbeam-rs/crossbeam,2
2016-09-01,18006,3432,GitHub/crossbeam-rs/crossbeam,5
2016-09-01,18006,3197,GitHub/crossbeam-rs/crossbeam,1
2016-09-01,18006,684,GitHub/crossbeam-rs/crossbeam,3
2016-09-01,18006,3439,GitHub/crossbeam-rs/crossbeam,1
2016-09-01,18006,2867,GitHub/crossbeam-rs/crossbeam,3
2016-09-01,18006,3362,GitHub/crossbeam-rs/crossbeam,1
2016-09-01,19184,268,GitHub/bluss/scopeguard,9
2016-09-01,19184,3167,GitHub/bluss/scopeguard,3
2016-09-01,19184,3169,GitHub/bluss/scopeguard,2
2016-09-01,19468,496,GitHub/servo/rust-fnv,1
2016-09-01,19468,3173,GitHub/servo/rust-fnv,2
2016-09-01,19468,3078,GitHub/servo/rust-fnv,9
2016-09-01,19468,3413,GitHub/servo/rust-fnv,3
2016-09-01,19468,2350,GitHub/servo/rust-fnv,1
2016-09-01,19468,2936,GitHub/servo/rust-fnv,7
2016-09-01,20699,150,GitHub/Amanieu/parking_lot,2
2016-09-01,20699,2993,GitHub/Amanieu/parking_lot,1
2016-09-01,20699,2996,GitHub/Amanieu/parking_lot,1
2016-09-01,20699,152,GitHub/Amanieu/parking_lot,1
2016-09-01,20699,2995,GitHub/Amanieu/parking_lot,1
2016-09-01,20699,2997,GitHub/Amanieu/parking_lot,1
2016-09-01,20699,2968,GitHub/Amanieu/parking_lot,79
2016-09-01,20949,3787,GitHub/Geal/nom,1
2016-09-01,20949,3790,GitHub/Geal/nom,2
2016-09-01,20949,3785,GitHub/Geal/nom,1
2016-09-01,20949,1106,GitHub/Geal/nom,1
2016-09-01,20949,3197,GitHub/Geal/nom,1
2016-09-01,20949,3793,GitHub/Geal/nom,3
2016-09-01,20949,1093,GitHub/Geal/nom,1
2016-09-01,20949,2873,GitHub/Geal/nom,4
2016-09-01,20949,1091,GitHub/Geal/nom,1
2016-09-01,20949,3788,GitHub/Geal/nom,1
2016-09-01,20949,3214,GitHub/Geal/nom,2
2016-09-01,20949,3654,GitHub/Geal/nom,2
2016-09-01,20949,3794,GitHub/Geal/nom,57
2016-09-01,20949,3144,GitHub/Geal/nom,1
2016-09-01,20949,3535,GitHub/Geal/nom,2
2016-09-01,20949,3798,GitHub/Geal/nom,6
2016-09-01,20949,3789,GitHub/Geal/nom,2
2016-09-01,20949,3786,GitHub/Geal/nom,2
2016-09-01,20949,3534,GitHub/Geal/nom,184
2016-09-01,20949,3215,GitHub/Geal/nom,3
2016-09-01,20949,3791,GitHub/Geal/nom,2
2016-09-01,20949,3311,GitHub/Geal/nom,1
2016-09-01,20949,3799,GitHub/Geal/nom,1
2016-09-01,20949,3108,GitHub/Geal/nom,1
2016-09-01,20949,3647,GitHub/Geal/nom,8
2016-09-01,20949,3792,GitHub/Geal/nom,1
2016-09-01,20949,3795,GitHub/Geal/nom,19
2016-09-01,20949,3797,GitHub/Geal/nom,2
2016-09-01,20949,3225,GitHub/Geal/nom,1
2016-09-01,20949,2936,GitHub/Geal/nom,1
2016-09-01,20949,1096,GitHub/Geal/nom,1
2016-09-01,20949,1104,GitHub/Geal/nom,3
2016-09-01,21282,3094,GitHub/bluss/arrayvec,2
2016-09-01,21282,268,GitHub/bluss/arrayvec,54
2016-09-01,21282,3093,GitHub/bluss/arrayvec,1
2016-09-01,21282,2927,GitHub/bluss/arrayvec,1
2016-09-01,21445,1278,GitHub/marshallpierce/rust-base64,10
2016-09-01,21445,3137,GitHub/marshallpierce/rust-base64,2
2016-09-01,22724,2945,GitHub/rust-lang/log,11
2016-09-01,22724,3427,GitHub/rust-lang/log,1
2016-09-01,22724,2867,GitHub/rust-lang/log,11
2016-09-01,22724,1930,GitHub/rust-lang/log,2
2016-09-01,22724,2968,GitHub/rust-lang/log,1
2016-09-01,22724,1929,GitHub/rust-lang/log,1
2016-09-01,22804,2867,GitHub/alexcrichton/cfg-if,1
2016-09-01,23287,4064,GitHub/rust-itertools/itertools,2
2016-09-01,23287,1421,GitHub/rust-itertools/itertools,1
2016-09-01,23287,4066,GitHub/rust-itertools/itertools,2
2016-09-01,23287,4050,GitHub/rust-itertools/itertools,1
2016-09-01,23287,3380,GitHub/rust-itertools/itertools,1
2016-09-01,23287,4065,GitHub/rust-itertools/itertools,1
2016-09-01,23287,4047,GitHub/rust-itertools/itertools,10
2016-09-01,23287,268,GitHub/rust-itertools/itertools,84
2016-09-01,23287,2927,GitHub/rust-itertools/itertools,1
2016-09-01,23287,2997,GitHub/rust-itertools/itertools,2
2016-09-01,23287,4049,GitHub/rust-itertools/itertools,1
2016-09-01,23287,4048,GitHub/rust-itertools/itertools,14
2016-09-01,24440,496,GitHub/ogham/rust-ansi-term,18
2016-09-01,24440,3995,GitHub/ogham/rust-ansi-term,1
2016-09-01,24440,3996,GitHub/ogham/rust-ansi-term,1
2016-09-01,24440,3987,GitHub/ogham/rust-ansi-term,5
2016-09-01,24440,417,GitHub/ogham/rust-ansi-term,1
2016-09-01,24455,2912,GitHub/serde-rs/json,75
2016-09-01,24455,4648,GitHub/serde-rs/json,9
2016-09-01,24455,417,GitHub/serde-rs/json,7
2016-09-01,24455,4784,GitHub/serde-rs/json,1
2016-09-01,24455,4785,GitHub/serde-rs/json,4
2016-09-01,24455,3423,GitHub/serde-rs/json,1
2016-09-01,24455,2945,GitHub/serde-rs/json,1
2016-09-01,24455,2337,GitHub/serde-rs/json,1
2016-09-01,24455,4786,GitHub/serde-rs/json,1
2016-09-01,24455,4782,GitHub/serde-rs/json,3
2016-09-01,24455,4781,GitHub/serde-rs/json,1
2016-09-01,24455,4780,GitHub/serde-rs/json,5
2016-09-01,24455,1824,GitHub/serde-rs/json,2
2016-09-01,24455,2942,GitHub/serde-rs/json,19
2016-09-01,24455,2880,GitHub/serde-rs/json,1
2016-09-01,24455,3078,GitHub/serde-rs/json,1
2016-09-01,24455,152,GitHub/serde-rs/json,7
2016-09-01,24455,65,GitHub/serde-rs/json,6
2016-09-01,25976,3093,GitHub/rust-lang/regex,1
2016-09-01,25976,4526,GitHub/rust-lang/regex,5
2016-09-01,25976,3112,GitHub/rust-lang/regex,1
2016-09-01,25976,3043,GitHub/rust-lang/regex,215
2016-09-01,25976,2012,GitHub/rust-lang/regex,4
2016-09-01,25976,3423,GitHub/rust-lang/regex,4
2016-09-01,25976,3933,GitHub/rust-lang/regex,1
2016-09-01,25976,4527,GitHub/rust-lang/regex,1
2016-09-01,25976,4525,GitHub/rust-lang/regex,1
2016-09-01,25976,4529,GitHub/rust-lang/regex,9
2016-09-01,25976,3476,GitHub/rust-lang/regex,4
2016-09-01,25976,65,GitHub/rust-lang/regex,1
2016-09-01,25976,2968,GitHub/rust-lang/regex,2
2016-09-01,25976,4528,GitHub/rust-lang/regex,2
2016-09-01,25976,2867,GitHub/rust-lang/regex,3
2016-09-01,25976,268,GitHub/rust-lang/regex,1
2016-09-01,26074,3093,GitHub/paholg/typenum,1
2016-09-01,26074,3614,GitHub/paholg/typenum,40
2016-09-01,28705,713,GitHub/dguo/strsim-rs,1
2016-09-01,28705,3466,GitHub/dguo/strsim-rs,1
2016-09-01,28705,707,GitHub/dguo/strsim-rs,14
2016-09-01,28877,5006,GitHub/unicode-rs/unicode-xid,1
2016-09-01,28877,4538,GitHub/unicode-rs/unicode-xid,1
2016-09-01,32560,268,GitHub/BurntSushi/memchr,4
2016-09-01,32560,3043,GitHub/BurntSushi/memchr,10
2016-09-01,33435,2912,GitHub/dtolnay/itoa,5
2016-09-01,34831,3427,GitHub/rust-lang/futures-rs,24
2016-09-01,34831,3413,GitHub/rust-lang/futures-rs,5
2016-09-01,34831,1727,GitHub/rust-lang/futures-rs,8
2016-09-01,34831,3662,GitHub/rust-lang/futures-rs,1
2016-09-01,34831,4311,GitHub/rust-lang/futures-rs,1
2016-09-01,34831,2867,GitHub/rust-lang/futures-rs,527
2016-09-01,34831,4308,GitHub/rust-lang/futures-rs,1
2016-09-01,34831,4306,GitHub/rust-lang/futures-rs,3
2016-09-01,34831,2993,GitHub/rust-lang/futures-rs,1
2016-09-01,34831,4310,GitHub/rust-lang/futures-rs,1
2016-09-01,34831,3423,GitHub/rust-lang/futures-rs,12
2016-09-01,34831,4312,GitHub/rust-lang/futures-rs,1
2016-09-01,34831,3197,GitHub/rust-lang/futures-rs,1
2016-09-01,34831,2900,GitHub/rust-lang/futures-rs,1
2016-09-01,34831,2930,GitHub/rust-lang/futures-rs,2
2016-09-01,34831,2927,GitHub/rust-lang/futures-rs,1
2016-09-01,34831,3783,GitHub/rust-lang/futures-rs,1
2016-09-01,34831,3042,GitHub/rust-lang/futures-rs,2
2016-09-01,34831,3435,GitHub/rust-lang/futures-rs,2
2016-09-01,34831,4303,GitHub/rust-lang/futures-rs,1
2016-09-01,34831,4305,GitHub/rust-lang/futures-rs,1
2016-09-01,34831,2997,GitHub/rust-lang/futures-rs,1
2016-09-01,34831,3080,GitHub/rust-lang/futures-rs,2
2016-09-01,34831,4289,GitHub/rust-lang/futures-rs,4
2016-09-01,34831,4307,GitHub/rust-lang/futures-rs,2
2016-09-01,34831,2970,GitHub/rust-lang/futures-rs,1
2016-09-01,34831,4309,GitHub/rust-lang/futures-rs,1
2016-09-01,34831,3137,GitHub/rust-lang/futures-rs,2
2016-09-01,34831,3071,GitHub/rust-lang/futures-rs,1
2016-09-01,35574,3413,GitHub/unicode-rs/unicode-normalization,2
2016-09-01,36114,3413,GitHub/SimonSapin/rust-std-candidates,3
2016-09-01,36424,2950,GitHub/steveklabnik/semver-parser,24
2016-09-01,36424,3043,GitHub/steveklabnik/semver-parser,1
2016-09-01,37083,3043,GitHub/BurntSushi/termcolor,22
2016-09-01,37844,4270,GitHub/softprops/atty,3
2016-09-01,39779,3613,GitHub/time-rs/time,1
2016-09-01,39779,2867,GitHub/time-rs/time,7
2016-09-01,39779,2930,GitHub/time-rs/time,1
2016-09-01,40937,3080,GitHub/dtolnay/semver,2
2016-09-01,40937,2950,GitHub/dtolnay/semver,21
2016-09-01,41752,1252,GitHub/servo/rust-url,8
2016-09-01,41752,2428,GitHub/servo/rust-url,1
2016-09-01,41752,4862,GitHub/servo/rust-url,1
2016-09-01,41752,3031,GitHub/servo/rust-url,1
2016-09-01,41752,3078,GitHub/servo/rust-url,2
2016-09-01,41752,4459,GitHub/servo/rust-url,1
2016-09-01,41752,4739,GitHub/servo/rust-url,1
2016-09-01,41752,4825,GitHub/servo/rust-url,1
2016-09-01,41752,4824,GitHub/servo/rust-url,1
2016-09-01,41752,2936,GitHub/servo/rust-url,7
2016-09-01,41752,2888,GitHub/servo/rust-url,1
2016-09-01,41752,1763,GitHub/servo/rust-url,2
2016-09-01,41752,3413,GitHub/servo/rust-url,118
2016-09-01,41752,2934,GitHub/servo/rust-url,1
2016-09-01,46027,2934,GitHub/alexcrichton/toml-rs,5
2016-09-01,46027,2867,GitHub/alexcrichton/toml-rs,37
2016-09-01,46027,81,GitHub/alexcrichton/toml-rs,2
2016-09-01,46027,2933,GitHub/alexcrichton/toml-rs,1
2016-09-01,46027,2931,GitHub/alexcrichton/toml-rs,2
2016-09-01,46027,2935,GitHub/alexcrichton/toml-rs,10
2016-09-01,46027,2912,GitHub/alexcrichton/toml-rs,4
2016-09-01,46027,65,GitHub/alexcrichton/toml-rs,2
2016-09-01,46027,83,GitHub/alexcrichton/toml-rs,3
2016-09-01,46027,2936,GitHub/alexcrichton/toml-rs,1
2016-09-01,46027,2927,GitHub/alexcrichton/toml-rs,1
2016-09-01,46178,3604,GitHub/rust-lang-nursery/lazy-static.rs,1
2016-09-01,46178,2873,GitHub/rust-lang-nursery/lazy-static.rs,1
2016-09-01,46178,3081,GitHub/rust-lang-nursery/lazy-static.rs,5
2016-09-01,46178,3017,GitHub/rust-lang-nursery/lazy-static.rs,1
2016-09-01,46178,3472,GitHub/rust-lang-nursery/lazy-static.rs,16
2016-09-01,49067,2968,GitHub/Amanieu/thread_local-rs,19
2016-09-01,49067,3042,GitHub/Amanieu/thread_local-rs,1
2016-09-01,49075,3981,GitHub/rust-lang/pkg-config-rs,1
2016-09-01,49075,4510,GitHub/rust-lang/pkg-config-rs,3
2016-09-01,49075,4412,GitHub/rust-lang/pkg-config-rs,2
2016-09-01,49075,2867,GitHub/rust-lang/pkg-config-rs,11
2016-09-01,49075,3071,GitHub/rust-lang/pkg-config-rs,1
2016-09-01,49075,4511,GitHub/rust-lang/pkg-config-rs,2
2016-09-01,52465,3615,GitHub/fizyk20/generic-array,2
2016-09-01,52465,3042,GitHub/fizyk20/generic-array,3
2016-09-01,52465,3614,GitHub/fizyk20/generic-array,2
2016-09-01,52465,3606,GitHub/fizyk20/generic-array,15
2016-09-01,52465,877,GitHub/fizyk20/generic-array,2
2016-09-01,52465,3025,GitHub/fizyk20/generic-array,1
2016-10-01,3150,2936,GitHub/seanmonstar/num_cpus,1
2016-10-01,3150,3878,GitHub/seanmonstar/num_cpus,11
2016-10-01,3150,2867,GitHub/seanmonstar/num_cpus,3
2016-10-01,3150,4549,GitHub/seanmonstar/num_cpus,1
2016-10-01,3150,3270,GitHub/seanmonstar/num_cpus,1
2016-10-01,3150,4736,GitHub/seanmonstar/num_cpus,1
2016-10-01,4484,3085,GitHub/BurntSushi/byteorder,1
2016-10-01,4484,3198,GitHub/BurntSushi/byteorder,1
2016-10-01,4484,3199,GitHub/BurntSushi/byteorder,1
2016-10-01,4484,3200,GitHub/BurntSushi/byteorder,2
2016-10-01,4484,2979,GitHub/BurntSushi/byteorder,1
2016-10-01,4484,3043,GitHub/BurntSushi/byteorder,11
2016-10-01,4486,3169,GitHub/contain-rs/vec-map,1
2016-10-01,4486,591,GitHub/contain-rs/vec-map,1
2016-10-01,4486,586,GitHub/contain-rs/vec-map,4
2016-10-01,4486,3364,GitHub/contain-rs/vec-map,1
2016-10-01,4486,2993,GitHub/contain-rs/vec-map,9
2016-10-01,4733,3602,GitHub/dtolnay/syn,3
2016-10-01,4733,3603,GitHub/dtolnay/syn,1
2016-10-01,4733,2912,GitHub/dtolnay/syn,92
2016-10-01,6681,3080,GitHub/djc/rustc-version-rs,5
2016-10-01,6681,3472,GitHub/djc/rustc-version-rs,5
2016-10-01,7322,4454,GitHub/servo/rust-smallvec,1
2016-10-01,7322,3413,GitHub/servo/rust-smallvec,1
2016-10-01,7322,1252,GitHub/servo/rust-smallvec,2
2016-10-01,7322,2988,GitHub/servo/rust-smallvec,1
2016-10-01,7322,3436,GitHub/servo/rust-smallvec,1
2016-10-01,7322,2936,GitHub/servo/rust-smallvec,2
2016-10-01,7322,3293,GitHub/servo/rust-smallvec,1
2016-10-01,7322,3180,GitHub/servo/rust-smallvec,9
2016-10-01,7322,4133,GitHub/servo/rust-smallvec,1
2016-10-01,7322,3824,GitHub/servo/rust-smallvec,6
2016-10-01,7415,2936,GitHub/BurntSushi/aho-corasick,1
2016-10-01,7415,3043,GitHub/BurntSushi/aho-corasick,14
2016-10-01,12228,3225,GitHub/seanmonstar/httparse,1
2016-10-01,12228,3860,GitHub/seanmonstar/httparse,1
2016-10-01,12228,3878,GitHub/seanmonstar/httparse,6
2016-10-01,12228,2025,GitHub/seanmonstar/httparse,1
2016-10-01,12266,3078,GitHub/bitflags/bitflags,1
2016-10-01,12266,3067,GitHub/bitflags/bitflags,3
2016-10-01,12266,3079,GitHub/bitflags/bitflags,3
2016-10-01,12266,3082,GitHub/bitflags/bitflags,1
2016-10-01,12266,254,GitHub/bitflags/bitflags,1
2016-10-01,12266,3080,GitHub/bitflags/bitflags,1
2016-10-01,12266,2867,GitHub/bitflags/bitflags,21
2016-10-01,12266,3081,GitHub/bitflags/bitflags,2
2016-10-01,12266,3083,GitHub/bitflags/bitflags,1
2016-10-01,12266,3084,GitHub/bitflags/bitflags,4
2016-10-01,12266,2968,GitHub/bitflags/bitflags,2
2016-10-01,12842,3613,GitHub/tokio-rs/slab,2
2016-10-01,12842,3042,GitHub/tokio-rs/slab,1
2016-10-01,12842,3433,GitHub/tokio-rs/slab,11
2016-10-01,12842,2900,GitHub/tokio-rs/slab,2
2016-10-01,12842,3169,GitHub/tokio-rs/slab,3
2016-10-01,12842,4977,GitHub/tokio-rs/slab,1
2016-10-01,14306,3574,GitHub/rust-num/num-integer,3
2016-10-01,14306,4648,GitHub/rust-num/num-integer,33
2016-10-01,14306,4662,GitHub/rust-num/num-integer,1
2016-10-01,14306,3727,GitHub/rust-num/num-integer,1
2016-10-01,14306,268,GitHub/rust-num/num-integer,2
2016-10-01,14306,4656,GitHub/rust-num/num-integer,3
2016-10-01,14306,3201,GitHub/rust-num/num-integer,24
2016-10-01,14306,2942,GitHub/rust-num/num-integer,1
2016-10-01,14306,3293,GitHub/rust-num/num-integer,1
2016-10-01,14306,4552,GitHub/rust-num/num-integer,1
2016-10-01,14306,3025,GitHub/rust-num/num-integer,60
2016-10-01,14306,27,GitHub/rust-num/num-integer,1
2016-10-01,14306,4660,GitHub/rust-num/num-integer,5
2016-10-01,14306,4513,GitHub/rust-num/num-integer,1
2016-10-01,14306,4661,GitHub/rust-num/num-integer,1
2016-10-01,14306,3750,GitHub/rust-num/num-integer,1
2016-10-01,14306,4657,GitHub/rust-num/num-integer,3
2016-10-01,14306,4658,GitHub/rust-num/num-integer,1
2016-10-01,14306,2177,GitHub/rust-num/num-integer,1
2016-10-01,14306,2931,GitHub/rust-num/num-integer,1
2016-10-01,14306,4653,GitHub/rust-num/num-integer,2
2016-10-01,14306,4659,GitHub/rust-num/num-integer,1
2016-10-01,14306,4369,GitHub/rust-num/num-integer,6
2016-10-01,16183,3363,GitHub/rust-lang/cc-rs,1
2016-10-01,16183,4166,GitHub/rust-lang/cc-rs,1
2016-10-01,16183,1421,GitHub/rust-lang/cc-rs,1
2016-10-01,16183,4154,GitHub/rust-lang/cc-rs,2
2016-10-01,16183,3021,GitHub/rust-lang/cc-rs,1
2016-10-01,16183,3071,GitHub/rust-lang/cc-rs,2
2016-10-01,16183,2867,GitHub/rust-lang/cc-rs,66
2016-10-01,16183,4116,GitHub/rust-lang/cc-rs,2
2016-10-01,16183,4118,GitHub/rust-lang/cc-rs,1
2016-10-01,16183,4117,GitHub/rust-lang/cc-rs,1
2016-10-01,16183,4120,GitHub/rust-lang/cc-rs,2
2016-10-01,16183,4119,GitHub/rust-lang/cc-rs,1
2016-10-01,16183,4167,GitHub/rust-lang/cc-rs,1
2016-10-01,16183,3824,GitHub/rust-lang/cc-rs,3
2016-10-01,16492,1678,GitHub/tokio-rs/bytes,1
2016-10-01,16492,3433,GitHub/tokio-rs/bytes,29
2016-10-01,16492,3899,GitHub/tokio-rs/bytes,1
2016-10-01,17630,3135,GitHub/bluss/either,8
2016-10-01,17630,268,GitHub/bluss/either,13
2016-10-01,18006,3362,GitHub/crossbeam-rs/crossbeam,1
2016-10-01,18006,682,GitHub/crossbeam-rs/crossbeam,5
2016-10-01,18006,3197,GitHub/crossbeam-rs/crossbeam,1
2016-10-01,18006,684,GitHub/crossbeam-rs/crossbeam,3
2016-10-01,18006,679,GitHub/crossbeam-rs/crossbeam,1
2016-10-01,18006,3439,GitHub/crossbeam-rs/crossbeam,1
2016-10-01,18006,2993,GitHub/crossbeam-rs/crossbeam,3
2016-10-01,18006,2867,GitHub/crossbeam-rs/crossbeam,6
2016-10-01,18006,3436,GitHub/crossbeam-rs/crossbeam,1
2016-10-01,18006,3427,GitHub/crossbeam-rs/crossbeam,32
2016-10-01,18006,3435,GitHub/crossbeam-rs/crossbeam,1
2016-10-01,18006,3437,GitHub/crossbeam-rs/crossbeam,1
2016-10-01,18006,3438,GitHub/crossbeam-rs/crossbeam,1
2016-10-01,18006,378,GitHub/crossbeam-rs/crossbeam,1
2016-10-01,18006,2945,GitHub/crossbeam-rs/crossbeam,2
2016-10-01,18006,3432,GitHub/crossbeam-rs/crossbeam,5
2016-10-01,19184,3169,GitHub/bluss/scopeguard,2
2016-10-01,19184,3167,GitHub/bluss/scopeguard,3
2016-10-01,19184,268,GitHub/bluss/scopeguard,10
2016-10-01,19468,2936,GitHub/servo/rust-fnv,7
2016-10-01,19468,3413,GitHub/servo/rust-fnv,3
2016-10-01,19468,496,GitHub/servo/rust-fnv,1
2016-10-01,19468,2350,GitHub/servo/rust-fnv,1
2016-10-01,19468,3078,GitHub/servo/rust-fnv,9
2016-10-01,19468,3025,GitHub/servo/rust-fnv,2
2016-10-01,19468,3173,GitHub/servo/rust-fnv,2
2016-10-01,20699,2968,GitHub/Amanieu/parking_lot,88
2016-10-01,20699,2996,GitHub/Amanieu/parking_lot,1
2016-10-01,20699,2995,GitHub/Amanieu/parking_lot,1
2016-10-01,20699,150,GitHub/Amanieu/parking_lot,2
2016-10-01,20699,2997,GitHub/Amanieu/parking_lot,1
2016-10-01,20699,2994,GitHub/Amanieu/parking_lot,1
2016-10-01,20699,152,GitHub/Amanieu/parking_lot,1
2016-10-01,20699,2993,GitHub/Amanieu/parking_lot,2
2016-10-01,20949,3784,GitHub/Geal/nom,2
2016-10-01,20949,3785,GitHub/Geal/nom,1
2016-10-01,20949,3185,GitHub/Geal/nom,1
2016-10-01,20949,3792,GitHub/Geal/nom,1
2016-10-01,20949,3795,GitHub/Geal/nom,19
2016-10-01,20949,3797,GitHub/Geal/nom,2
2016-10-01,20949,3225,GitHub/Geal/nom,1
2016-10-01,20949,3108,GitHub/Geal/nom,1
2016-10-01,20949,1104,GitHub/Geal/nom,3
2016-10-01,20949,3647,GitHub/Geal/nom,8
2016-10-01,20949,1106,GitHub/Geal/nom,1
2016-10-01,20949,1091,GitHub/Geal/nom,1
2016-10-01,20949,3778,GitHub/Geal/nom,1
2016-10-01,20949,3788,GitHub/Geal/nom,1
2016-10-01,20949,3214,GitHub/Geal/nom,2
2016-10-01,20949,3654,GitHub/Geal/nom,2
2016-10-01,20949,2873,GitHub/Geal/nom,4
2016-10-01,20949,3535,GitHub/Geal/nom,2
2016-10-01,20949,3789,GitHub/Geal/nom,2
2016-10-01,20949,1093,GitHub/Geal/nom,1
2016-10-01,20949,3794,GitHub/Geal/nom,57
2016-10-01,20949,3144,GitHub/Geal/nom,1
2016-10-01,20949,3786,GitHub/Geal/nom,2
2016-10-01,20949,3197,GitHub/Geal/nom,1
2016-10-01,20949,3791,GitHub/Geal/nom,2
2016-10-01,20949,3782,GitHub/Geal/nom,4
2016-10-01,20949,3534,GitHub/Geal/nom,203
2016-10-01,20949,3783,GitHub/Geal/nom,1
2016-10-01,20949,3781,GitHub/Geal/nom,1
2016-10-01,20949,3651,GitHub/Geal/nom,6
2016-10-01,20949,3311,GitHub/Geal/nom,1
2016-10-01,20949,1096,GitHub/Geal/nom,1
2016-10-01,20949,3215,GitHub/Geal/nom,3
2016-10-01,20949,3793,GitHub/Geal/nom,3
2016-10-01,20949,3799,GitHub/Geal/nom,1
2016-10-01,20949,3798,GitHub/Geal/nom,6
2016-10-01,20949,3790,GitHub/Geal/nom,2
2016-10-01,20949,3787,GitHub/Geal/nom,1
2016-10-01,20949,2936,GitHub/Geal/nom,1
2016-10-01,21282,2927,GitHub/bluss/arrayvec,1
2016-10-01,21282,268,GitHub/bluss/arrayvec,84
2016-10-01,21282,3093,GitHub/bluss/arrayvec,1
2016-10-01,21282,3092,GitHub/bluss/arrayvec,2
2016-10-01,21282,3094,GitHub/bluss/arrayvec,2
2016-10-01,21445,3137,GitHub/marshallpierce/rust-base64,2
2016-10-01,21445,1278,GitHub/marshallpierce/rust-base64,10
2016-10-01,22724,3427,GitHub/rust-lang/log,1
2016-10-01,22724,2867,GitHub/rust-lang/log,13
2016-10-01,22724,1929,GitHub/rust-lang/log,1
2016-10-01,22724,2945,GitHub/rust-lang/log,12
2016-10-01,22724,2968,GitHub/rust-lang/log,1
2016-10-01,22724,1930,GitHub/rust-lang/log,2
2016-10-01,22804,2867,GitHub/alexcrichton/cfg-if,1
2016-10-01,23287,4064,GitHub/rust-itertools/itertools,2
2016-10-01,23287,1421,GitHub/rust-itertools/itertools,1
2016-10-01,23287,4066,GitHub/rust-itertools/itertools,2
2016-10-01,23287,4049,GitHub/rust-itertools/itertools,1
2016-10-01,23287,2927,GitHub/rust-itertools/itertools,1
2016-10-01,23287,2997,GitHub/rust-itertools/itertools,2
2016-10-01,23287,4048,GitHub/rust-itertools/itertools,14
2016-10-01,23287,3380,GitHub/rust-itertools/itertools,1
2016-10-01,23287,4047,GitHub/rust-itertools/itertools,10
2016-10-01,23287,4063,GitHub/rust-itertools/itertools,18
2016-10-01,23287,268,GitHub/rust-itertools/itertools,176
2016-10-01,23287,3134,GitHub/rust-itertools/itertools,2
2016-10-01,23287,4065,GitHub/rust-itertools/itertools,1
2016-10-01,23287,4050,GitHub/rust-itertools/itertools,1
2016-10-01,24440,3996,GitHub/ogham/rust-ansi-term,1
2016-10-01,24440,496,GitHub/ogham/rust-ansi-term,18
2016-10-01,24440,3995,GitHub/ogham/rust-ansi-term,1
2016-10-01,24440,3987,GitHub/ogham/rust-ansi-term,5
2016-10-01,24440,417,GitHub/ogham/rust-ansi-term,1
2016-10-01,24455,3905,GitHub/serde-rs/json,1
2016-10-01,24455,4786,GitHub/serde-rs/json,1
2016-10-01,24455,2942,GitHub/serde-rs/json,19
2016-10-01,24455,2945,GitHub/serde-rs/json,1
2016-10-01,24455,152,GitHub/serde-rs/json,7
2016-10-01,24455,4648,GitHub/serde-rs/json,9
2016-10-01,24455,1824,GitHub/serde-rs/json,2
2016-10-01,24455,3078,GitHub/serde-rs/json,1
2016-10-01,24455,417,GitHub/serde-rs/json,7
2016-10-01,24455,4782,GitHub/serde-rs/json,3
2016-10-01,24455,4781,GitHub/serde-rs/json,1
2016-10-01,24455,3423,GitHub/serde-rs/json,1
2016-10-01,24455,3438,GitHub/serde-rs/json,1
2016-10-01,24455,4784,GitHub/serde-rs/json,1
2016-10-01,24455,2912,GitHub/serde-rs/json,80
2016-10-01,24455,2880,GitHub/serde-rs/json,1
2016-10-01,24455,4785,GitHub/serde-rs/json,4
2016-10-01,24455,4780,GitHub/serde-rs/json,5
2016-10-01,24455,2337,GitHub/serde-rs/json,1
2016-10-01,24455,65,GitHub/serde-rs/json,7
2016-10-01,24455,4779,GitHub/serde-rs/json,1
2016-10-01,25976,65,GitHub/rust-lang/regex,1
2016-10-01,25976,2968,GitHub/rust-lang/regex,2
2016-10-01,25976,4529,GitHub/rust-lang/regex,9
2016-10-01,25976,2867,GitHub/rust-lang/regex,3
2016-10-01,25976,3476,GitHub/rust-lang/regex,4
2016-10-01,25976,3423,GitHub/rust-lang/regex,4
2016-10-01,25976,4527,GitHub/rust-lang/regex,1
2016-10-01,25976,4525,GitHub/rust-lang/regex,1
2016-10-01,25976,3093,GitHub/rust-lang/regex,1
2016-10-01,25976,4524,GitHub/rust-lang/regex,1
2016-10-01,25976,268,GitHub/rust-lang/regex,1
2016-10-01,25976,4523,GitHub/rust-lang/regex,1
2016-10-01,25976,3933,GitHub/rust-lang/regex,1
2016-10-01,25976,3175,GitHub/rust-lang/regex,1
2016-10-01,25976,3112,GitHub/rust-lang/regex,1
2016-10-01,25976,2012,GitHub/rust-lang/regex,4
2016-10-01,25976,4526,GitHub/rust-lang/regex,5
2016-10-01,25976,3043,GitHub/rust-lang/regex,239
2016-10-01,25976,4528,GitHub/rust-lang/regex,2
2016-10-01,26074,3093,GitHub/paholg/typenum,1
2016-10-01,26074,3614,GitHub/paholg/typenum,40
2016-10-01,28705,3466,GitHub/dguo/strsim-rs,1
2016-10-01,28705,3042,GitHub/dguo/strsim-rs,1
2016-10-01,28705,707,GitHub/dguo/strsim-rs,16
2016-10-01,28705,713,GitHub/dguo/strsim-rs,1
2016-10-01,28877,4538,GitHub/unicode-rs/unicode-xid,1
2016-10-01,28877,5006,GitHub/unicode-rs/unicode-xid,1
2016-10-01,32560,3043,GitHub/BurntSushi/memchr,10
2016-10-01,32560,268,GitHub/BurntSushi/memchr,4
2016-10-01,33435,2912,GitHub/dtolnay/itoa,6
2016-10-01,34831,3427,GitHub/rust-lang/futures-rs,24
2016-10-01,34831,1725,GitHub/rust-lang/futures-rs,2
2016-10-01,34831,2970,GitHub/rust-lang/futures-rs,1
2016-10-01,34831,3433,GitHub/rust-lang/futures-rs,1
2016-10-01,34831,3440,GitHub/rust-lang/futures-rs,1
2016-10-01,34831,4289,GitHub/rust-lang/futures-rs,6
2016-10-01,34831,4307,GitHub/rust-lang/futures-rs,2
2016-10-01,34831,3860,GitHub/rust-lang/futures-rs,1
2016-10-01,34831,3662,GitHub/rust-lang/futures-rs,1
2016-10-01,34831,2993,GitHub/rust-lang/futures-rs,2
2016-10-01,34831,3080,GitHub/rust-lang/futures-rs,2
2016-10-01,34831,4306,GitHub/rust-lang/futures-rs,3
2016-10-01,34831,3147,GitHub/rust-lang/futures-rs,9
2016-10-01,34831,4302,GitHub/rust-lang/futures-rs,2
2016-10-01,34831,3042,GitHub/rust-lang/futures-rs,2
2016-10-01,34831,2900,GitHub/rust-lang/futures-rs,3
2016-10-01,34831,2927,GitHub/rust-lang/futures-rs,1
2016-10-01,34831,2997,GitHub/rust-lang/futures-rs,1
2016-10-01,34831,3137,GitHub/rust-lang/futures-rs,3
2016-10-01,34831,2930,GitHub/rust-lang/futures-rs,2
2016-10-01,34831,3197,GitHub/rust-lang/futures-rs,1
2016-10-01,34831,3071,GitHub/rust-lang/futures-rs,1
2016-10-01,34831,4311,GitHub/rust-lang/futures-rs,1
2016-10-01,34831,4309,GitHub/rust-lang/futures-rs,1
2016-10-01,34831,2867,GitHub/rust-lang/futures-rs,572
2016-10-01,34831,4305,GitHub/rust-lang/futures-rs,1
2016-10-01,34831,4312,GitHub/rust-lang/futures-rs,1
2016-10-01,34831,3783,GitHub/rust-lang/futures-rs,1
2016-10-01,34831,1727,GitHub/rust-lang/futures-rs,9
2016-10-01,34831,3423,GitHub/rust-lang/futures-rs,12
2016-10-01,34831,3486,GitHub/rust-lang/futures-rs,1
2016-10-01,34831,3413,GitHub/rust-lang/futures-rs,5
2016-10-01,34831,4303,GitHub/rust-lang/futures-rs,2
2016-10-01,34831,4304,GitHub/rust-lang/futures-rs,1
2016-10-01,34831,3613,GitHub/rust-lang/futures-rs,1
2016-10-01,34831,4310,GitHub/rust-lang/futures-rs,1
2016-10-01,34831,3435,GitHub/rust-lang/futures-rs,2
2016-10-01,34831,4308,GitHub/rust-lang/futures-rs,1
2016-10-01,35574,3413,GitHub/unicode-rs/unicode-normalization,2
2016-10-01,36114,3413,GitHub/SimonSapin/rust-std-candidates,3
2016-10-01,36424,2950,GitHub/steveklabnik/semver-parser,25
2016-10-01,36424,3533,GitHub/steveklabnik/semver-parser,1
2016-10-01,36424,3043,GitHub/steveklabnik/semver-parser,1
2016-10-01,37083,585,GitHub/BurntSushi/termcolor,1
2016-10-01,37083,3354,GitHub/BurntSushi/termcolor,1
2016-10-01,37083,582,GitHub/BurntSushi/termcolor,1
2016-10-01,37083,3242,GitHub/BurntSushi/termcolor,1
2016-10-01,37083,3344,GitHub/BurntSushi/termcolor,1
2016-10-01,37083,3359,GitHub/BurntSushi/termcolor,1
2016-10-01,37083,3356,GitHub/BurntSushi/termcolor,1
2016-10-01,37083,3358,GitHub/BurntSushi/termcolor,1
2016-10-01,37083,3357,GitHub/BurntSushi/termcolor,1
2016-10-01,37083,3348,GitHub/BurntSushi/termcolor,2
2016-10-01,37083,3349,GitHub/BurntSushi/termcolor,1
2016-10-01,37083,3352,GitHub/BurntSushi/termcolor,1
2016-10-01,37083,3043,GitHub/BurntSushi/termcolor,258
2016-10-01,37083,3277,GitHub/BurntSushi/termcolor,2
2016-10-01,37083,3355,GitHub/BurntSushi/termcolor,1
2016-10-01,37083,3351,GitHub/BurntSushi/termcolor,1
2016-10-01,37083,3350,GitHub/BurntSushi/termcolor,1
2016-10-01,37083,572,GitHub/BurntSushi/termcolor,1
2016-10-01,37083,3353,GitHub/BurntSushi/termcolor,1
2016-10-01,37083,3347,GitHub/BurntSushi/termcolor,1
2016-10-01,37612,2912,GitHub/dtolnay/quote,15
2016-10-01,37612,3201,GitHub/dtolnay/quote,1
2016-10-01,37844,4270,GitHub/softprops/atty,38
2016-10-01,38667,268,GitHub/bluss/indexmap,88
2016-10-01,39779,2930,GitHub/time-rs/time,1
2016-10-01,39779,2867,GitHub/time-rs/time,7
2016-10-01,39779,3613,GitHub/time-rs/time,1
2016-10-01,40937,2950,GitHub/dtolnay/semver,22
2016-10-01,40937,3080,GitHub/dtolnay/semver,2
2016-10-01,40937,3533,GitHub/dtolnay/semver,1
2016-10-01,41752,4739,GitHub/servo/rust-url,1
2016-10-01,41752,4824,GitHub/servo/rust-url,1
2016-10-01,41752,3017,GitHub/servo/rust-url,4
2016-10-01,41752,3031,GitHub/servo/rust-url,1
2016-10-01,41752,3413,GitHub/servo/rust-url,123
2016-10-01,41752,2428,GitHub/servo/rust-url,1
2016-10-01,41752,4825,GitHub/servo/rust-url,1
2016-10-01,41752,4862,GitHub/servo/rust-url,1
2016-10-01,41752,2936,GitHub/servo/rust-url,10
2016-10-01,41752,1763,GitHub/servo/rust-url,2
2016-10-01,41752,2934,GitHub/servo/rust-url,1
2016-10-01,41752,2888,GitHub/servo/rust-url,1
2016-10-01,41752,3078,GitHub/servo/rust-url,2
2016-10-01,41752,4459,GitHub/servo/rust-url,1
2016-10-01,41752,1252,GitHub/servo/rust-url,8
2016-10-01,46027,81,GitHub/alexcrichton/toml-rs,2
2016-10-01,46027,2935,GitHub/alexcrichton/toml-rs,10
2016-10-01,46027,2930,GitHub/alexcrichton/toml-rs,2
2016-10-01,46027,2867,GitHub/alexcrichton/toml-rs,39
2016-10-01,46027,65,GitHub/alexcrichton/toml-rs,2
2016-10-01,46027,83,GitHub/alexcrichton/toml-rs,3
2016-10-01,46027,2936,GitHub/alexcrichton/toml-rs,1
2016-10-01,46027,2912,GitHub/alexcrichton/toml-rs,4
2016-10-01,46027,2931,GitHub/alexcrichton/toml-rs,2
2016-10-01,46027,2933,GitHub/alexcrichton/toml-rs,1
2016-10-01,46027,2934,GitHub/alexcrichton/toml-rs,5
2016-10-01,46027,2927,GitHub/alexcrichton/toml-rs,1
2016-10-01,46178,2873,GitHub/rust-lang-nursery/lazy-static.rs,1
2016-10-01,46178,3017,GitHub/rust-lang-nursery/lazy-static.rs,1
2016-10-01,46178,3472,GitHub/rust-lang-nursery/lazy-static.rs,16
2016-10-01,46178,3604,GitHub/rust-lang-nursery/lazy-static.rs,1
2016-10-01,46178,3081,GitHub/rust-lang-nursery/lazy-static.rs,5
2016-10-01,49067,3042,GitHub/Amanieu/thread_local-rs,1
2016-10-01,49067,2968,GitHub/Amanieu/thread_local-rs,21
2016-10-01,49075,4511,GitHub/rust-lang/pkg-config-rs,2
2016-10-01,49075,2867,GitHub/rust-lang/pkg-config-rs,11
2016-10-01,49075,3071,GitHub/rust-lang/pkg-config-rs,1
2016-10-01,49075,4510,GitHub/rust-lang/pkg-config-rs,3
2016-10-01,49075,3981,GitHub/rust-lang/pkg-config-rs,1
2016-10-01,49075,4412,GitHub/rust-lang/pkg-config-rs,2
2016-10-01,52465,3614,GitHub/fizyk20/generic-array,2
2016-10-01,52465,877,GitHub/fizyk20/generic-array,2
2016-10-01,52465,3042,GitHub/fizyk20/generic-array,3
2016-10-01,52465,3606,GitHub/fizyk20/generic-array,20
2016-10-01,52465,3025,GitHub/fizyk20/generic-array,1
2016-10-01,52465,3189,GitHub/fizyk20/generic-array,1
2016-10-01,52465,3615,GitHub/fizyk20/generic-array,2
2016-11-01,3150,2976,GitHub/seanmonstar/num_cpus,1
2016-11-01,3150,3878,GitHub/seanmonstar/num_cpus,12
2016-11-01,3150,3270,GitHub/seanmonstar/num_cpus,1
2016-11-01,3150,4549,GitHub/seanmonstar/num_cpus,1
2016-11-01,3150,2867,GitHub/seanmonstar/num_cpus,3
2016-11-01,3150,4736,GitHub/seanmonstar/num_cpus,1
2016-11-01,3150,2936,GitHub/seanmonstar/num_cpus,1
2016-11-01,4484,3200,GitHub/BurntSushi/byteorder,2
2016-11-01,4484,3199,GitHub/BurntSushi/byteorder,1
2016-11-01,4484,3198,GitHub/BurntSushi/byteorder,1
2016-11-01,4484,3043,GitHub/BurntSushi/byteorder,11
2016-11-01,4484,2979,GitHub/BurntSushi/byteorder,1
2016-11-01,4484,3085,GitHub/BurntSushi/byteorder,1
2016-11-01,4486,591,GitHub/contain-rs/vec-map,1
2016-11-01,4486,3169,GitHub/contain-rs/vec-map,1
2016-11-01,4486,586,GitHub/contain-rs/vec-map,4
2016-11-01,4486,3364,GitHub/contain-rs/vec-map,1
2016-11-01,4486,2993,GitHub/contain-rs/vec-map,9
2016-11-01,4733,3413,GitHub/dtolnay/syn,2
2016-11-01,4733,3602,GitHub/dtolnay/syn,4
2016-11-01,4733,3516,GitHub/dtolnay/syn,1
2016-11-01,4733,3603,GitHub/dtolnay/syn,1
2016-11-01,4733,2912,GitHub/dtolnay/syn,318
2016-11-01,4733,3423,GitHub/dtolnay/syn,1
2016-11-01,6681,3472,GitHub/djc/rustc-version-rs,5
2016-11-01,6681,3080,GitHub/djc/rustc-version-rs,5
2016-11-01,7322,3413,GitHub/servo/rust-smallvec,1
2016-11-01,7322,3824,GitHub/servo/rust-smallvec,7
2016-11-01,7322,4133,GitHub/servo/rust-smallvec,1
2016-11-01,7322,3436,GitHub/servo/rust-smallvec,1
2016-11-01,7322,3180,GitHub/servo/rust-smallvec,11
2016-11-01,7322,1252,GitHub/servo/rust-smallvec,2
2016-11-01,7322,4454,GitHub/servo/rust-smallvec,1
2016-11-01,7322,3293,GitHub/servo/rust-smallvec,1
2016-11-01,7322,2988,GitHub/servo/rust-smallvec,1
2016-11-01,7322,3017,GitHub/servo/rust-smallvec,1
2016-11-01,7322,2936,GitHub/servo/rust-smallvec,2
2016-11-01,7415,2936,GitHub/BurntSushi/aho-corasick,1
2016-11-01,7415,3043,GitHub/BurntSushi/aho-corasick,14
2016-11-01,12228,3860,GitHub/seanmonstar/httparse,1
2016-11-01,12228,3878,GitHub/seanmonstar/httparse,6
2016-11-01,12228,2025,GitHub/seanmonstar/httparse,1
2016-11-01,12228,3225,GitHub/seanmonstar/httparse,1
2016-11-01,12228,4015,GitHub/seanmonstar/httparse,1
2016-11-01,12266,2867,GitHub/bitflags/bitflags,21
2016-11-01,12266,2968,GitHub/bitflags/bitflags,2
2016-11-01,12266,3078,GitHub/bitflags/bitflags,1
2016-11-01,12266,3081,GitHub/bitflags/bitflags,2
2016-11-01,12266,3080,GitHub/bitflags/bitflags,1
2016-11-01,12266,3067,GitHub/bitflags/bitflags,3
2016-11-01,12266,3082,GitHub/bitflags/bitflags,1
2016-11-01,12266,254,GitHub/bitflags/bitflags,1
2016-11-01,12266,3084,GitHub/bitflags/bitflags,4
2016-11-01,12266,3083,GitHub/bitflags/bitflags,1
2016-11-01,12266,3079,GitHub/bitflags/bitflags,3
2016-11-01,12842,3433,GitHub/tokio-rs/slab,11
2016-11-01,12842,3042,GitHub/tokio-rs/slab,1
2016-11-01,12842,3613,GitHub/tokio-rs/slab,2
2016-11-01,12842,2900,GitHub/tokio-rs/slab,2
2016-11-01,12842,4977,GitHub/tokio-rs/slab,1
2016-11-01,12842,3169,GitHub/tokio-rs/slab,3
2016-11-01,14306,4662,GitHub/rust-num/num-integer,1
2016-11-01,14306,4660,GitHub/rust-num/num-integer,5
2016-11-01,14306,4656,GitHub/rust-num/num-integer,3
2016-11-01,14306,2931,GitHub/rust-num/num-integer,1
2016-11-01,14306,3201,GitHub/rust-num/num-integer,24
2016-11-01,14306,268,GitHub/rust-num/num-integer,3
2016-11-01,14306,4653,GitHub/rust-num/num-integer,2
2016-11-01,14306,3293,GitHub/rust-num/num-integer,1
2016-11-01,14306,3727,GitHub/rust-num/num-integer,1
2016-11-01,14306,4658,GitHub/rust-num/num-integer,1
2016-11-01,14306,2970,GitHub/rust-num/num-integer,1
2016-11-01,14306,4661,GitHub/rust-num/num-integer,1
2016-11-01,14306,3025,GitHub/rust-num/num-integer,62
2016-11-01,14306,4552,GitHub/rust-num/num-integer,1
2016-11-01,14306,3750,GitHub/rust-num/num-integer,1
2016-11-01,14306,2177,GitHub/rust-num/num-integer,1
2016-11-01,14306,4369,GitHub/rust-num/num-integer,6
2016-11-01,14306,2942,GitHub/rust-num/num-integer,1
2016-11-01,14306,4659,GitHub/rust-num/num-integer,1
2016-11-01,14306,4513,GitHub/rust-num/num-integer,1
2016-11-01,14306,3574,GitHub/rust-num/num-integer,3
2016-11-01,14306,27,GitHub/rust-num/num-integer,1
2016-11-01,14306,4648,GitHub/rust-num/num-integer,36
2016-11-01,14306,4657,GitHub/rust-num/num-integer,3
2016-11-01,16183,3071,GitHub/rust-lang/cc-rs,2
2016-11-01,16183,4167,GitHub/rust-lang/cc-rs,1
2016-11-01,16183,3021,GitHub/rust-lang/cc-rs,1
2016-11-01,16183,2867,GitHub/rust-lang/cc-rs,76
2016-11-01,16183,4122,GitHub/rust-lang/cc-rs,3
2016-11-01,16183,4120,GitHub/rust-lang/cc-rs,2
2016-11-01,16183,4119,GitHub/rust-lang/cc-rs,1
2016-11-01,16183,4154,GitHub/rust-lang/cc-rs,2
2016-11-01,16183,4118,GitHub/rust-lang/cc-rs,1
2016-11-01,16183,4116,GitHub/rust-lang/cc-rs,2
2016-11-01,16183,4117,GitHub/rust-lang/cc-rs,1
2016-11-01,16183,3363,GitHub/rust-lang/cc-rs,1
2016-11-01,16183,4166,GitHub/rust-lang/cc-rs,1
2016-11-01,16183,1421,GitHub/rust-lang/cc-rs,1
2016-11-01,16183,3824,GitHub/rust-lang/cc-rs,3
2016-11-01,16492,3899,GitHub/tokio-rs/bytes,1
2016-11-01,16492,1678,GitHub/tokio-rs/bytes,1
2016-11-01,16492,3433,GitHub/tokio-rs/bytes,37
2016-11-01,17630,268,GitHub/bluss/either,15
2016-11-01,17630,3135,GitHub/bluss/either,8
2016-11-01,17630,3134,GitHub/bluss/either,1
2016-11-01,18006,2867,GitHub/crossbeam-rs/crossbeam,6
2016-11-01,18006,3438,GitHub/crossbeam-rs/crossbeam,1
2016-11-01,18006,3437,GitHub/crossbeam-rs/crossbeam,1
2016-11-01,18006,3197,GitHub/crossbeam-rs/crossbeam,1
2016-11-01,18006,3427,GitHub/crossbeam-rs/crossbeam,32
2016-11-01,18006,3435,GitHub/crossbeam-rs/crossbeam,1
2016-11-01,18006,684,GitHub/crossbeam-rs/crossbeam,3
2016-11-01,18006,679,GitHub/crossbeam-rs/crossbeam,1
2016-11-01,18006,3432,GitHub/crossbeam-rs/crossbeam,5
2016-11-01,18006,3439,GitHub/crossbeam-rs/crossbeam,1
2016-11-01,18006,378,GitHub/crossbeam-rs/crossbeam,1
2016-11-01,18006,2993,GitHub/crossbeam-rs/crossbeam,3
2016-11-01,18006,3436,GitHub/crossbeam-rs/crossbeam,1
2016-11-01,18006,3362,GitHub/crossbeam-rs/crossbeam,1
2016-11-01,18006,2945,GitHub/crossbeam-rs/crossbeam,2
2016-11-01,18006,682,GitHub/crossbeam-rs/crossbeam,5
2016-11-01,19184,268,GitHub/bluss/scopeguard,10
2016-11-01,19184,3167,GitHub/bluss/scopeguard,3
2016-11-01,19184,3169,GitHub/bluss/scopeguard,2
2016-11-01,19468,2350,GitHub/servo/rust-fnv,1
2016-11-01,19468,3173,GitHub/servo/rust-fnv,2
2016-11-01,19468,2936,GitHub/servo/rust-fnv,7
2016-11-01,19468,3025,GitHub/servo/rust-fnv,2
2016-11-01,19468,496,GitHub/servo/rust-fnv,1
2016-11-01,19468,3413,GitHub/servo/rust-fnv,3
2016-11-01,19468,3078,GitHub/servo/rust-fnv,9
2016-11-01,20699,2993,GitHub/Amanieu/parking_lot,3
2016-11-01,20699,152,GitHub/Amanieu/parking_lot,1
2016-11-01,20699,2996,GitHub/Amanieu/parking_lot,1
2016-11-01,20699,2995,GitHub/Amanieu/parking_lot,1
2016-11-01,20699,2997,GitHub/Amanieu/parking_lot,1
2016-11-01,20699,150,GitHub/Amanieu/parking_lot,2
2016-11-01,20699,2968,GitHub/Amanieu/parking_lot,95
2016-11-01,20699,2994,GitHub/Amanieu/parking_lot,1
2016-11-01,20949,3651,GitHub/Geal/nom,27
2016-11-01,20949,3782,GitHub/Geal/nom,4
2016-11-01,20949,3798,GitHub/Geal/nom,6
2016-11-01,20949,1106,GitHub/Geal/nom,1
2016-11-01,20949,3779,GitHub/Geal/nom,1
2016-11-01,20949,3225,GitHub/Geal/nom,1
2016-11-01,20949,3785,GitHub/Geal/nom,1
2016-11-01,20949,3793,GitHub/Geal/nom,3
2016-11-01,20949,3311,GitHub/Geal/nom,1
2016-11-01,20949,3788,GitHub/Geal/nom,1
2016-11-01,20949,3185,GitHub/Geal/nom,1
2016-11-01,20949,3777,GitHub/Geal/nom,1
2016-11-01,20949,1093,GitHub/Geal/nom,1
2016-11-01,20949,3534,GitHub/Geal/nom,253
2016-11-01,20949,3197,GitHub/Geal/nom,1
2016-11-01,20949,3535,GitHub/Geal/nom,2
2016-11-01,20949,3108,GitHub/Geal/nom,1
2016-11-01,20949,3790,GitHub/Geal/nom,2
2016-11-01,20949,3215,GitHub/Geal/nom,3
2016-11-01,20949,3654,GitHub/Geal/nom,2
2016-11-01,20949,1091,GitHub/Geal/nom,1
2016-11-01,20949,3778,GitHub/Geal/nom,3
2016-11-01,20949,2873,GitHub/Geal/nom,4
2016-11-01,20949,3794,GitHub/Geal/nom,57
2016-11-01,20949,3144,GitHub/Geal/nom,1
2016-11-01,20949,3786,GitHub/Geal/nom,2
2016-11-01,20949,3781,GitHub/Geal/nom,1
2016-11-01,20949,3776,GitHub/Geal/nom,1
2016-11-01,20949,1096,GitHub/Geal/nom,1
2016-11-01,20949,3647,GitHub/Geal/nom,8
2016-11-01,20949,3784,GitHub/Geal/nom,2
2016-11-01,20949,1104,GitHub/Geal/nom,3
2016-11-01,20949,3795,GitHub/Geal/nom,19
2016-11-01,20949,3792,GitHub/Geal/nom,1
2016-11-01,20949,3799,GitHub/Geal/nom,1
2016-11-01,20949,3783,GitHub/Geal/nom,1
2016-11-01,20949,3789,GitHub/Geal/nom,2
2016-11-01,20949,2936,GitHub/Geal/nom,1
2016-11-01,20949,3214,GitHub/Geal/nom,2
2016-11-01,20949,3797,GitHub/Geal/nom,2
2016-11-01,20949,3787,GitHub/Geal/nom,1
2016-11-01,20949,3791,GitHub/Geal/nom,2
2016-11-01,21282,3093,GitHub/bluss/arrayvec,1
2016-11-01,21282,2927,GitHub/bluss/arrayvec,1
2016-11-01,21282,3092,GitHub/bluss/arrayvec,2
2016-11-01,21282,3094,GitHub/bluss/arrayvec,2
2016-11-01,21282,268,GitHub/bluss/arrayvec,87
2016-11-01,21445,3137,GitHub/marshallpierce/rust-base64,2
2016-11-01,21445,1278,GitHub/marshallpierce/rust-base64,10
2016-11-01,22724,2945,GitHub/rust-lang/log,12
2016-11-01,22724,2968,GitHub/rust-lang/log,1
2016-11-01,22724,1930,GitHub/rust-lang/log,2
2016-11-01,22724,2867,GitHub/rust-lang/log,13
2016-11-01,22724,1929,GitHub/rust-lang/log,1
2016-11-01,22724,3427,GitHub/rust-lang/log,1
2016-11-01,22804,2867,GitHub/alexcrichton/cfg-if,1
2016-11-01,23287,4064,GitHub/rust-itertools/itertools,2
2016-11-01,23287,4066,GitHub/rust-itertools/itertools,2
2016-11-01,23287,4050,GitHub/rust-itertools/itertools,1
2016-11-01,23287,3380,GitHub/rust-itertools/itertools,1
2016-11-01,23287,4065,GitHub/rust-itertools/itertools,1
2016-11-01,23287,4062,GitHub/rust-itertools/itertools,2
2016-11-01,23287,3134,GitHub/rust-itertools/itertools,2
2016-11-01,23287,4063,GitHub/rust-itertools/itertools,21
2016-11-01,23287,4048,GitHub/rust-itertools/itertools,14
2016-11-01,23287,2997,GitHub/rust-itertools/itertools,2
2016-11-01,23287,2927,GitHub/rust-itertools/itertools,1
2016-11-01,23287,4047,GitHub/rust-itertools/itertools,10
2016-11-01,23287,268,GitHub/rust-itertools/itertools,208
2016-11-01,23287,4049,GitHub/rust-itertools/itertools,1
2016-11-01,23287,1421,GitHub/rust-itertools/itertools,1
2016-11-01,24440,3995,GitHub/ogham/rust-ansi-term,1
2016-11-01,24440,417,GitHub/ogham/rust-ansi-term,1
2016-11-01,24440,3996,GitHub/ogham/rust-ansi-term,1
2016-11-01,24440,496,GitHub/ogham/rust-ansi-term,18
2016-11-01,24440,3987,GitHub/ogham/rust-ansi-term,5
2016-11-01,24455,4782,GitHub/serde-rs/json,3
2016-11-01,24455,417,GitHub/serde-rs/json,7
2016-11-01,24455,3438,GitHub/serde-rs/json,1
2016-11-01,24455,3905,GitHub/serde-rs/json,1
2016-11-01,24455,4777,GitHub/serde-rs/json,1
2016-11-01,24455,4780,GitHub/serde-rs/json,5
2016-11-01,24455,2945,GitHub/serde-rs/json,1
2016-11-01,24455,3078,GitHub/serde-rs/json,1
2016-11-01,24455,2880,GitHub/serde-rs/json,1
2016-11-01,24455,4781,GitHub/serde-rs/json,1
2016-11-01,24455,4784,GitHub/serde-rs/json,1
2016-11-01,24455,152,GitHub/serde-rs/json,7
2016-11-01,24455,2912,GitHub/serde-rs/json,89
2016-11-01,24455,4779,GitHub/serde-rs/json,1
2016-11-01,24455,4648,GitHub/serde-rs/json,9
2016-11-01,24455,1824,GitHub/serde-rs/json,2
2016-11-01,24455,3423,GitHub/serde-rs/json,1
2016-11-01,24455,4785,GitHub/serde-rs/json,4
2016-11-01,24455,2337,GitHub/serde-rs/json,1
2016-11-01,24455,4786,GitHub/serde-rs/json,1
2016-11-01,24455,65,GitHub/serde-rs/json,7
2016-11-01,24455,2942,GitHub/serde-rs/json,19
2016-11-01,24455,4778,GitHub/serde-rs/json,2
2016-11-01,25976,268,GitHub/rust-lang/regex,1
2016-11-01,25976,2012,GitHub/rust-lang/regex,4
2016-11-01,25976,3043,GitHub/rust-lang/regex,257
2016-11-01,25976,3112,GitHub/rust-lang/regex,1
2016-11-01,25976,3423,GitHub/rust-lang/regex,4
2016-11-01,25976,4525,GitHub/rust-lang/regex,1
2016-11-01,25976,4528,GitHub/rust-lang/regex,2
2016-11-01,25976,3175,GitHub/rust-lang/regex,1
2016-11-01,25976,2968,GitHub/rust-lang/regex,2
2016-11-01,25976,4526,GitHub/rust-lang/regex,5
2016-11-01,25976,65,GitHub/rust-lang/regex,1
2016-11-01,25976,4529,GitHub/rust-lang/regex,9
2016-11-01,25976,4527,GitHub/rust-lang/regex,1
2016-11-01,25976,3263,GitHub/rust-lang/regex,7
2016-11-01,25976,3933,GitHub/rust-lang/regex,1
2016-11-01,25976,4523,GitHub/rust-lang/regex,1
2016-11-01,25976,2867,GitHub/rust-lang/regex,3
2016-11-01,25976,3476,GitHub/rust-lang/regex,4
2016-11-01,25976,4524,GitHub/rust-lang/regex,1
2016-11-01,25976,3093,GitHub/rust-lang/regex,1
2016-11-01,26074,3614,GitHub/paholg/typenum,60
2016-11-01,26074,3042,GitHub/paholg/typenum,1
2016-11-01,26074,3609,GitHub/paholg/typenum,2
2016-11-01,26074,3093,GitHub/paholg/typenum,1
2016-11-01,28705,707,GitHub/dguo/strsim-rs,17
2016-11-01,28705,713,GitHub/dguo/strsim-rs,1
2016-11-01,28705,3466,GitHub/dguo/strsim-rs,1
2016-11-01,28705,3042,GitHub/dguo/strsim-rs,1
2016-11-01,28877,5006,GitHub/unicode-rs/unicode-xid,1
2016-11-01,28877,4538,GitHub/unicode-rs/unicode-xid,1
2016-11-01,32560,268,GitHub/BurntSushi/memchr,4
2016-11-01,32560,3215,GitHub/BurntSushi/memchr,4
2016-11-01,32560,3043,GitHub/BurntSushi/memchr,12
2016-11-01,33435,2912,GitHub/dtolnay/itoa,6
2016-11-01,34831,4301,GitHub/rust-lang/futures-rs,2
2016-11-01,34831,4308,GitHub/rust-lang/futures-rs,1
2016-11-01,34831,2970,GitHub/rust-lang/futures-rs,1
2016-11-01,34831,4303,GitHub/rust-lang/futures-rs,2
2016-11-01,34831,3197,GitHub/rust-lang/futures-rs,1
2016-11-01,34831,1723,GitHub/rust-lang/futures-rs,2
2016-11-01,34831,3186,GitHub/rust-lang/futures-rs,1
2016-11-01,34831,3423,GitHub/rust-lang/futures-rs,12
2016-11-01,34831,4304,GitHub/rust-lang/futures-rs,1
2016-11-01,34831,4302,GitHub/rust-lang/futures-rs,2
2016-11-01,34831,4306,GitHub/rust-lang/futures-rs,3
2016-11-01,34831,2997,GitHub/rust-lang/futures-rs,1
2016-11-01,34831,3662,GitHub/rust-lang/futures-rs,1
2016-11-01,34831,3440,GitHub/rust-lang/futures-rs,1
2016-11-01,34831,3860,GitHub/rust-lang/futures-rs,1
2016-11-01,34831,3147,GitHub/rust-lang/futures-rs,9
2016-11-01,34831,3427,GitHub/rust-lang/futures-rs,24
2016-11-01,34831,1727,GitHub/rust-lang/futures-rs,9
2016-11-01,34831,4311,GitHub/rust-lang/futures-rs,1
2016-11-01,34831,2867,GitHub/rust-lang/futures-rs,597
2016-11-01,34831,4300,GitHub/rust-lang/futures-rs,4
2016-11-01,34831,4286,GitHub/rust-lang/futures-rs,4
2016-11-01,34831,2930,GitHub/rust-lang/futures-rs,2
2016-11-01,34831,4305,GitHub/rust-lang/futures-rs,1
2016-11-01,34831,3613,GitHub/rust-lang/futures-rs,3
2016-11-01,34831,4151,GitHub/rust-lang/futures-rs,2
2016-11-01,34831,1725,GitHub/rust-lang/futures-rs,2
2016-11-01,34831,4289,GitHub/rust-lang/futures-rs,7
2016-11-01,34831,3486,GitHub/rust-lang/futures-rs,1
2016-11-01,34831,3435,GitHub/rust-lang/futures-rs,2
2016-11-01,34831,3783,GitHub/rust-lang/futures-rs,1
2016-11-01,34831,2900,GitHub/rust-lang/futures-rs,5
2016-11-01,34831,4310,GitHub/rust-lang/futures-rs,1
2016-11-01,34831,3137,GitHub/rust-lang/futures-rs,3
2016-11-01,34831,4309,GitHub/rust-lang/futures-rs,1
2016-11-01,34831,3071,GitHub/rust-lang/futures-rs,1
2016-11-01,34831,3413,GitHub/rust-lang/futures-rs,5
2016-11-01,34831,3433,GitHub/rust-lang/futures-rs,2
2016-11-01,34831,2993,GitHub/rust-lang/futures-rs,2
2016-11-01,34831,4312,GitHub/rust-lang/futures-rs,1
2016-11-01,34831,3042,GitHub/rust-lang/futures-rs,3
2016-11-01,34831,3080,GitHub/rust-lang/futures-rs,2
2016-11-01,34831,4307,GitHub/rust-lang/futures-rs,2
2016-11-01,34831,2927,GitHub/rust-lang/futures-rs,1
2016-11-01,35574,3413,GitHub/unicode-rs/unicode-normalization,2
2016-11-01,36114,2464,GitHub/SimonSapin/rust-std-candidates,1
2016-11-01,36114,3413,GitHub/SimonSapin/rust-std-candidates,4
2016-11-01,36424,3080,GitHub/steveklabnik/semver-parser,2
2016-11-01,36424,3043,GitHub/steveklabnik/semver-parser,1
2016-11-01,36424,3533,GitHub/steveklabnik/semver-parser,1
2016-11-01,36424,2950,GitHub/steveklabnik/semver-parser,27
2016-11-01,37083,3298,GitHub/BurntSushi/termcolor,1
2016-11-01,37083,582,GitHub/BurntSushi/termcolor,1
2016-11-01,37083,3348,GitHub/BurntSushi/termcolor,2
2016-11-01,37083,3355,GitHub/BurntSushi/termcolor,1
2016-11-01,37083,3326,GitHub/BurntSushi/termcolor,1
2016-11-01,37083,3043,GitHub/BurntSushi/termcolor,325
2016-11-01,37083,3351,GitHub/BurntSushi/termcolor,1
2016-11-01,37083,2945,GitHub/BurntSushi/termcolor,1
2016-11-01,37083,3352,GitHub/BurntSushi/termcolor,1
2016-11-01,37083,3346,GitHub/BurntSushi/termcolor,1
2016-11-01,37083,3354,GitHub/BurntSushi/termcolor,1
2016-11-01,37083,3358,GitHub/BurntSushi/termcolor,1
2016-11-01,37083,3349,GitHub/BurntSushi/termcolor,1
2016-11-01,37083,3321,GitHub/BurntSushi/termcolor,1
2016-11-01,37083,3344,GitHub/BurntSushi/termcolor,3
2016-11-01,37083,3242,GitHub/BurntSushi/termcolor,1
2016-11-01,37083,3356,GitHub/BurntSushi/termcolor,1
2016-11-01,37083,3342,GitHub/BurntSushi/termcolor,2
2016-11-01,37083,3359,GitHub/BurntSushi/termcolor,1
2016-11-01,37083,3341,GitHub/BurntSushi/termcolor,1
2016-11-01,37083,3353,GitHub/BurntSushi/termcolor,1
2016-11-01,37083,3330,GitHub/BurntSushi/termcolor,2
2016-11-01,37083,3350,GitHub/BurntSushi/termcolor,1
2016-11-01,37083,572,GitHub/BurntSushi/termcolor,1
2016-11-01,37083,3293,GitHub/BurntSushi/termcolor,1
2016-11-01,37083,556,GitHub/BurntSushi/termcolor,1
2016-11-01,37083,3357,GitHub/BurntSushi/termcolor,1
2016-11-01,37083,3347,GitHub/BurntSushi/termcolor,1
2016-11-01,37083,3277,GitHub/BurntSushi/termcolor,2
2016-11-01,37083,3338,GitHub/BurntSushi/termcolor,1
2016-11-01,37083,3345,GitHub/BurntSushi/termcolor,1
2016-11-01,37083,3337,GitHub/BurntSushi/termcolor,1
2016-11-01,37083,3334,GitHub/BurntSushi/termcolor,3
2016-11-01,37083,2979,GitHub/BurntSushi/termcolor,1
2016-11-01,37083,585,GitHub/BurntSushi/termcolor,1
2016-11-01,37612,3516,GitHub/dtolnay/quote,2
2016-11-01,37612,3021,GitHub/dtolnay/quote,3
2016-11-01,37612,3201,GitHub/dtolnay/quote,1
2016-11-01,37612,2912,GitHub/dtolnay/quote,48
2016-11-01,37844,4270,GitHub/softprops/atty,38
2016-11-01,38667,268,GitHub/bluss/indexmap,129
2016-11-01,38667,3143,GitHub/bluss/indexmap,3
2016-11-01,38667,3144,GitHub/bluss/indexmap,1
2016-11-01,39779,3613,GitHub/time-rs/time,1
2016-11-01,39779,2511,GitHub/time-rs/time,1
2016-11-01,39779,2930,GitHub/time-rs/time,1
2016-11-01,39779,2867,GitHub/time-rs/time,9
2016-11-01,40937,3080,GitHub/dtolnay/semver,2
2016-11-01,40937,3533,GitHub/dtolnay/semver,1
2016-11-01,40937,3332,GitHub/dtolnay/semver,1
2016-11-01,40937,2950,GitHub/dtolnay/semver,32
2016-11-01,41752,3078,GitHub/servo/rust-url,2
2016-11-01,41752,3413,GitHub/servo/rust-url,125
2016-11-01,41752,3598,GitHub/servo/rust-url,1
2016-11-01,41752,2423,GitHub/servo/rust-url,1
2016-11-01,41752,2936,GitHub/servo/rust-url,10
2016-11-01,41752,1252,GitHub/servo/rust-url,10
2016-11-01,41752,4459,GitHub/servo/rust-url,1
2016-11-01,41752,4825,GitHub/servo/rust-url,1
2016-11-01,41752,3017,GitHub/servo/rust-url,4
2016-11-01,41752,2888,GitHub/servo/rust-url,1
2016-11-01,41752,1763,GitHub/servo/rust-url,2
2016-11-01,41752,4739,GitHub/servo/rust-url,1
2016-11-01,41752,2934,GitHub/servo/rust-url,1
2016-11-01,41752,2428,GitHub/servo/rust-url,1
2016-11-01,41752,3031,GitHub/servo/rust-url,1
2016-11-01,41752,4862,GitHub/servo/rust-url,1
2016-11-01,41752,4824,GitHub/servo/rust-url,1
2016-11-01,46027,83,GitHub/alexcrichton/toml-rs,3
2016-11-01,46027,2867,GitHub/alexcrichton/toml-rs,41
2016-11-01,46027,81,GitHub/alexcrichton/toml-rs,2
2016-11-01,46027,2934,GitHub/alexcrichton/toml-rs,5
2016-11-01,46027,2912,GitHub/alexcrichton/toml-rs,4
2016-11-01,46027,2933,GitHub/alexcrichton/toml-rs,1
2016-11-01,46027,2927,GitHub/alexcrichton/toml-rs,1
2016-11-01,46027,2936,GitHub/alexcrichton/toml-rs,1
2016-11-01,46027,65,GitHub/alexcrichton/toml-rs,2
2016-11-01,46027,2930,GitHub/alexcrichton/toml-rs,2
2016-11-01,46027,2931,GitHub/alexcrichton/toml-rs,2
2016-11-01,46027,2929,GitHub/alexcrichton/toml-rs,1
2016-11-01,46027,2935,GitHub/alexcrichton/toml-rs,10
2016-11-01,46178,2873,GitHub/rust-lang-nursery/lazy-static.rs,1
2016-11-01,46178,3017,GitHub/rust-lang-nursery/lazy-static.rs,1
2016-11-01,46178,3472,GitHub/rust-lang-nursery/lazy-static.rs,16
2016-11-01,46178,3604,GitHub/rust-lang-nursery/lazy-static.rs,1
2016-11-01,46178,3081,GitHub/rust-lang-nursery/lazy-static.rs,5
2016-11-01,49067,3042,GitHub/Amanieu/thread_local-rs,1
2016-11-01,49067,2968,GitHub/Amanieu/thread_local-rs,24
2016-11-01,49067,3043,GitHub/Amanieu/thread_local-rs,1
2016-11-01,49075,4511,GitHub/rust-lang/pkg-config-rs,2
2016-11-01,49075,4412,GitHub/rust-lang/pkg-config-rs,2
2016-11-01,49075,2867,GitHub/rust-lang/pkg-config-rs,11
2016-11-01,49075,3071,GitHub/rust-lang/pkg-config-rs,1
2016-11-01,49075,3981,GitHub/rust-lang/pkg-config-rs,1
2016-11-01,49075,4510,GitHub/rust-lang/pkg-config-rs,3
2016-11-01,52465,3606,GitHub/fizyk20/generic-array,20
2016-11-01,52465,877,GitHub/fizyk20/generic-array,2
2016-11-01,52465,3025,GitHub/fizyk20/generic-array,1
2016-11-01,52465,3615,GitHub/fizyk20/generic-array,2
2016-11-01,52465,3189,GitHub/fizyk20/generic-array,1
2016-11-01,52465,3614,GitHub/fizyk20/generic-array,2
2016-11-01,52465,3042,GitHub/fizyk20/generic-array,3
2016-12-01,3150,4549,GitHub/seanmonstar/num_cpus,1
2016-12-01,3150,3270,GitHub/seanmonstar/num_cpus,1
2016-12-01,3150,2936,GitHub/seanmonstar/num_cpus,1
2016-12-01,3150,4737,GitHub/seanmonstar/num_cpus,1
2016-12-01,3150,3878,GitHub/seanmonstar/num_cpus,14
2016-12-01,3150,2867,GitHub/seanmonstar/num_cpus,3
2016-12-01,3150,4736,GitHub/seanmonstar/num_cpus,1
2016-12-01,3150,2976,GitHub/seanmonstar/num_cpus,1
2016-12-01,4484,2979,GitHub/BurntSushi/byteorder,1
2016-12-01,4484,3198,GitHub/BurntSushi/byteorder,1
2016-12-01,4484,3043,GitHub/BurntSushi/byteorder,11
2016-12-01,4484,3200,GitHub/BurntSushi/byteorder,2
2016-12-01,4484,3085,GitHub/BurntSushi/byteorder,1
2016-12-01,4484,3199,GitHub/BurntSushi/byteorder,1
2016-12-01,4486,3169,GitHub/contain-rs/vec-map,1
2016-12-01,4486,2993,GitHub/contain-rs/vec-map,9
2016-12-01,4486,586,GitHub/contain-rs/vec-map,4
2016-12-01,4486,591,GitHub/contain-rs/vec-map,1
2016-12-01,4486,3364,GitHub/contain-rs/vec-map,1
2016-12-01,4733,3516,GitHub/dtolnay/syn,1
2016-12-01,4733,2912,GitHub/dtolnay/syn,332
2016-12-01,4733,3603,GitHub/dtolnay/syn,1
2016-12-01,4733,3602,GitHub/dtolnay/syn,4
2016-12-01,4733,3044,GitHub/dtolnay/syn,1
2016-12-01,4733,3413,GitHub/dtolnay/syn,2
2016-12-01,4733,3423,GitHub/dtolnay/syn,1
2016-12-01,6681,3472,GitHub/djc/rustc-version-rs,5
2016-12-01,6681,3080,GitHub/djc/rustc-version-rs,5
2016-12-01,7322,2988,GitHub/servo/rust-smallvec,1
2016-12-01,7322,3413,GitHub/servo/rust-smallvec,1
2016-12-01,7322,4454,GitHub/servo/rust-smallvec,1
2016-12-01,7322,3436,GitHub/servo/rust-smallvec,1
2016-12-01,7322,1252,GitHub/servo/rust-smallvec,2
2016-12-01,7322,4133,GitHub/servo/rust-smallvec,1
2016-12-01,7322,2936,GitHub/servo/rust-smallvec,3
2016-12-01,7322,3824,GitHub/servo/rust-smallvec,7
2016-12-01,7322,3180,GitHub/servo/rust-smallvec,11
2016-12-01,7322,3017,GitHub/servo/rust-smallvec,1
2016-12-01,7322,3293,GitHub/servo/rust-smallvec,1
2016-12-01,7415,2936,GitHub/BurntSushi/aho-corasick,1
2016-12-01,7415,3043,GitHub/BurntSushi/aho-corasick,14
2016-12-01,12228,3225,GitHub/seanmonstar/httparse,1
2016-12-01,12228,4015,GitHub/seanmonstar/httparse,1
2016-12-01,12228,2025,GitHub/seanmonstar/httparse,1
2016-12-01,12228,3860,GitHub/seanmonstar/httparse,1
2016-12-01,12228,3878,GitHub/seanmonstar/httparse,16
2016-12-01,12266,3078,GitHub/bitflags/bitflags,1
2016-12-01,12266,3081,GitHub/bitflags/bitflags,2
2016-12-01,12266,3083,GitHub/bitflags/bitflags,1
2016-12-01,12266,2968,GitHub/bitflags/bitflags,2
2016-12-01,12266,3084,GitHub/bitflags/bitflags,4
2016-12-01,12266,3082,GitHub/bitflags/bitflags,1
2016-12-01,12266,254,GitHub/bitflags/bitflags,1
2016-12-01,12266,3067,GitHub/bitflags/bitflags,3
2016-12-01,12266,3079,GitHub/bitflags/bitflags,3
2016-12-01,12266,2867,GitHub/bitflags/bitflags,22
2016-12-01,12266,3080,GitHub/bitflags/bitflags,1
2016-12-01,12842,3169,GitHub/tokio-rs/slab,3
2016-12-01,12842,3433,GitHub/tokio-rs/slab,11
2016-12-01,12842,4977,GitHub/tokio-rs/slab,1
2016-12-01,12842,3042,GitHub/tokio-rs/slab,1
2016-12-01,12842,3613,GitHub/tokio-rs/slab,2
2016-12-01,12842,2900,GitHub/tokio-rs/slab,2
2016-12-01,14306,3025,GitHub/rust-num/num-integer,65
2016-12-01,14306,268,GitHub/rust-num/num-integer,5
2016-12-01,14306,2931,GitHub/rust-num/num-integer,1
2016-12-01,14306,3201,GitHub/rust-num/num-integer,25
2016-12-01,14306,4659,GitHub/rust-num/num-integer,1
2016-12-01,14306,3574,GitHub/rust-num/num-integer,3
2016-12-01,14306,4656,GitHub/rust-num/num-integer,3
2016-12-01,14306,2942,GitHub/rust-num/num-integer,1
2016-12-01,14306,3727,GitHub/rust-num/num-integer,1
2016-12-01,14306,4653,GitHub/rust-num/num-integer,2
2016-12-01,14306,4657,GitHub/rust-num/num-integer,3
2016-12-01,14306,4662,GitHub/rust-num/num-integer,1
2016-12-01,14306,4661,GitHub/rust-num/num-integer,1
2016-12-01,14306,4658,GitHub/rust-num/num-integer,1
2016-12-01,14306,4552,GitHub/rust-num/num-integer,1
2016-12-01,14306,4660,GitHub/rust-num/num-integer,5
2016-12-01,14306,27,GitHub/rust-num/num-integer,1
2016-12-01,14306,3293,GitHub/rust-num/num-integer,1
2016-12-01,14306,2970,GitHub/rust-num/num-integer,1
2016-12-01,14306,4648,GitHub/rust-num/num-integer,37
2016-12-01,14306,2177,GitHub/rust-num/num-integer,1
2016-12-01,14306,4369,GitHub/rust-num/num-integer,6
2016-12-01,14306,4513,GitHub/rust-num/num-integer,1
2016-12-01,14306,3750,GitHub/rust-num/num-integer,1
2016-12-01,16183,4154,GitHub/rust-lang/cc-rs,2
2016-12-01,16183,4118,GitHub/rust-lang/cc-rs,1
2016-12-01,16183,4166,GitHub/rust-lang/cc-rs,1
2016-12-01,16183,2867,GitHub/rust-lang/cc-rs,82
2016-12-01,16183,4167,GitHub/rust-lang/cc-rs,1
2016-12-01,16183,4116,GitHub/rust-lang/cc-rs,2
2016-12-01,16183,4165,GitHub/rust-lang/cc-rs,1
2016-12-01,16183,3824,GitHub/rust-lang/cc-rs,3
2016-12-01,16183,4117,GitHub/rust-lang/cc-rs,1
2016-12-01,16183,4119,GitHub/rust-lang/cc-rs,1
2016-12-01,16183,1421,GitHub/rust-lang/cc-rs,1
2016-12-01,16183,3071,GitHub/rust-lang/cc-rs,2
2016-12-01,16183,4120,GitHub/rust-lang/cc-rs,2
2016-12-01,16183,3021,GitHub/rust-lang/cc-rs,1
2016-12-01,16183,4122,GitHub/rust-lang/cc-rs,3
2016-12-01,16183,4164,GitHub/rust-lang/cc-rs,2
2016-12-01,16183,3363,GitHub/rust-lang/cc-rs,1
2016-12-01,16492,3433,GitHub/tokio-rs/bytes,43
2016-12-01,16492,3899,GitHub/tokio-rs/bytes,1
2016-12-01,16492,1678,GitHub/tokio-rs/bytes,1
2016-12-01,16492,4139,GitHub/tokio-rs/bytes,1
2016-12-01,17630,3134,GitHub/bluss/either,2
2016-12-01,17630,3135,GitHub/bluss/either,8
2016-12-01,17630,268,GitHub/bluss/either,19
2016-12-01,18006,3435,GitHub/crossbeam-rs/crossbeam,1
2016-12-01,18006,2867,GitHub/crossbeam-rs/crossbeam,6
2016-12-01,18006,2945,GitHub/crossbeam-rs/crossbeam,2
2016-12-01,18006,3439,GitHub/crossbeam-rs/crossbeam,1
2016-12-01,18006,3432,GitHub/crossbeam-rs/crossbeam,5
2016-12-01,18006,2993,GitHub/crossbeam-rs/crossbeam,3
2016-12-01,18006,3436,GitHub/crossbeam-rs/crossbeam,1
2016-12-01,18006,682,GitHub/crossbeam-rs/crossbeam,5
2016-12-01,18006,684,GitHub/crossbeam-rs/crossbeam,3
2016-12-01,18006,3437,GitHub/crossbeam-rs/crossbeam,1
2016-12-01,18006,3362,GitHub/crossbeam-rs/crossbeam,1
2016-12-01,18006,3197,GitHub/crossbeam-rs/crossbeam,1
2016-12-01,18006,378,GitHub/crossbeam-rs/crossbeam,1
2016-12-01,18006,3438,GitHub/crossbeam-rs/crossbeam,1
2016-12-01,18006,3427,GitHub/crossbeam-rs/crossbeam,32
2016-12-01,18006,679,GitHub/crossbeam-rs/crossbeam,1
2016-12-01,19184,268,GitHub/bluss/scopeguard,10
2016-12-01,19184,3167,GitHub/bluss/scopeguard,3
2016-12-01,19184,3169,GitHub/bluss/scopeguard,2
2016-12-01,19468,2350,GitHub/servo/rust-fnv,1
2016-12-01,19468,3025,GitHub/servo/rust-fnv,2
2016-12-01,19468,3173,GitHub/servo/rust-fnv,2
2016-12-01,19468,2936,GitHub/servo/rust-fnv,7
2016-12-01,19468,496,GitHub/servo/rust-fnv,1
2016-12-01,19468,3413,GitHub/servo/rust-fnv,3
2016-12-01,19468,3078,GitHub/servo/rust-fnv,9
2016-12-01,20699,150,GitHub/Amanieu/parking_lot,2
2016-12-01,20699,152,GitHub/Amanieu/parking_lot,1
2016-12-01,20699,2997,GitHub/Amanieu/parking_lot,1
2016-12-01,20699,2996,GitHub/Amanieu/parking_lot,1
2016-12-01,20699,2994,GitHub/Amanieu/parking_lot,1
2016-12-01,20699,2995,GitHub/Amanieu/parking_lot,1
2016-12-01,20699,2968,GitHub/Amanieu/parking_lot,95
2016-12-01,20699,2993,GitHub/Amanieu/parking_lot,3
2016-12-01,20949,3197,GitHub/Geal/nom,1
2016-12-01,20949,3144,GitHub/Geal/nom,1
2016-12-01,20949,3534,GitHub/Geal/nom,296
2016-12-01,20949,3782,GitHub/Geal/nom,4
2016-12-01,20949,3786,GitHub/Geal/nom,2
2016-12-01,20949,3791,GitHub/Geal/nom,2
2016-12-01,20949,3789,GitHub/Geal/nom,2
2016-12-01,20949,3225,GitHub/Geal/nom,1
2016-12-01,20949,3647,GitHub/Geal/nom,8
2016-12-01,20949,3797,GitHub/Geal/nom,2
2016-12-01,20949,3108,GitHub/Geal/nom,1
2016-12-01,20949,3311,GitHub/Geal/nom,1
2016-12-01,20949,3776,GitHub/Geal/nom,1
2016-12-01,20949,3215,GitHub/Geal/nom,3
2016-12-01,20949,3790,GitHub/Geal/nom,2
2016-12-01,20949,3785,GitHub/Geal/nom,1
2016-12-01,20949,1096,GitHub/Geal/nom,1
2016-12-01,20949,3773,GitHub/Geal/nom,1
2016-12-01,20949,1104,GitHub/Geal/nom,3
2016-12-01,20949,3654,GitHub/Geal/nom,2
2016-12-01,20949,3795,GitHub/Geal/nom,19
2016-12-01,20949,2873,GitHub/Geal/nom,4
2016-12-01,20949,3798,GitHub/Geal/nom,6
2016-12-01,20949,3794,GitHub/Geal/nom,57
2016-12-01,20949,3779,GitHub/Geal/nom,1
2016-12-01,20949,3793,GitHub/Geal/nom,3
2016-12-01,20949,3781,GitHub/Geal/nom,1
2016-12-01,20949,3214,GitHub/Geal/nom,2
2016-12-01,20949,3774,GitHub/Geal/nom,2
2016-12-01,20949,3788,GitHub/Geal/nom,1
2016-12-01,20949,3777,GitHub/Geal/nom,1
2016-12-01,20949,1106,GitHub/Geal/nom,1
2016-12-01,20949,2936,GitHub/Geal/nom,1
2016-12-01,20949,1091,GitHub/Geal/nom,1
2016-12-01,20949,3799,GitHub/Geal/nom,1
2016-12-01,20949,3778,GitHub/Geal/nom,3
2016-12-01,20949,3787,GitHub/Geal/nom,1
2016-12-01,20949,3651,GitHub/Geal/nom,30
2016-12-01,20949,3112,GitHub/Geal/nom,1
2016-12-01,20949,3783,GitHub/Geal/nom,1
2016-12-01,20949,3784,GitHub/Geal/nom,2
2016-12-01,20949,1093,GitHub/Geal/nom,1
2016-12-01,20949,3535,GitHub/Geal/nom,2
2016-12-01,20949,3775,GitHub/Geal/nom,1
2016-12-01,20949,3792,GitHub/Geal/nom,1
2016-12-01,20949,3185,GitHub/Geal/nom,1
2016-12-01,21282,3093,GitHub/bluss/arrayvec,1
2016-12-01,21282,3092,GitHub/bluss/arrayvec,2
2016-12-01,21282,2927,GitHub/bluss/arrayvec,1
2016-12-01,21282,268,GitHub/bluss/arrayvec,87
2016-12-01,21282,3094,GitHub/bluss/arrayvec,2
2016-12-01,21445,1278,GitHub/marshallpierce/rust-base64,10
2016-12-01,21445,3137,GitHub/marshallpierce/rust-base64,2
2016-12-01,22724,2945,GitHub/rust-lang/log,12
2016-12-01,22724,1930,GitHub/rust-lang/log,2
2016-12-01,22724,2968,GitHub/rust-lang/log,1
2016-12-01,22724,2867,GitHub/rust-lang/log,14
2016-12-01,22724,3427,GitHub/rust-lang/log,1
2016-12-01,22724,1929,GitHub/rust-lang/log,1
2016-12-01,22804,2867,GitHub/alexcrichton/cfg-if,1
2016-12-01,23287,4064,GitHub/rust-itertools/itertools,2
2016-12-01,23287,4062,GitHub/rust-itertools/itertools,2
2016-12-01,23287,4066,GitHub/rust-itertools/itertools,2
2016-12-01,23287,4047,GitHub/rust-itertools/itertools,10
2016-12-01,23287,4063,GitHub/rust-itertools/itertools,21
2016-12-01,23287,3134,GitHub/rust-itertools/itertools,2
2016-12-01,23287,4049,GitHub/rust-itertools/itertools,1
2016-12-01,23287,268,GitHub/rust-itertools/itertools,218
2016-12-01,23287,3643,GitHub/rust-itertools/itertools,2
2016-12-01,23287,4065,GitHub/rust-itertools/itertools,1
2016-12-01,23287,2927,GitHub/rust-itertools/itertools,2
2016-12-01,23287,3380,GitHub/rust-itertools/itertools,1
2016-12-01,23287,2997,GitHub/rust-itertools/itertools,3
2016-12-01,23287,2930,GitHub/rust-itertools/itertools,1
2016-12-01,23287,4050,GitHub/rust-itertools/itertools,1
2016-12-01,23287,1421,GitHub/rust-itertools/itertools,1
2016-12-01,23287,4048,GitHub/rust-itertools/itertools,14
2016-12-01,24440,417,GitHub/ogham/rust-ansi-term,1
2016-12-01,24440,3987,GitHub/ogham/rust-ansi-term,5
2016-12-01,24440,3996,GitHub/ogham/rust-ansi-term,1
2016-12-01,24440,3995,GitHub/ogham/rust-ansi-term,1
2016-12-01,24440,496,GitHub/ogham/rust-ansi-term,18
2016-12-01,24455,4784,GitHub/serde-rs/json,1
2016-12-01,24455,417,GitHub/serde-rs/json,7
2016-12-01,24455,1824,GitHub/serde-rs/json,2
2016-12-01,24455,4786,GitHub/serde-rs/json,1
2016-12-01,24455,2337,GitHub/serde-rs/json,1
2016-12-01,24455,3905,GitHub/serde-rs/json,1
2016-12-01,24455,2942,GitHub/serde-rs/json,19
2016-12-01,24455,3078,GitHub/serde-rs/json,1
2016-12-01,24455,4781,GitHub/serde-rs/json,1
2016-12-01,24455,4785,GitHub/serde-rs/json,4
2016-12-01,24455,4778,GitHub/serde-rs/json,2
2016-12-01,24455,152,GitHub/serde-rs/json,7
2016-12-01,24455,4780,GitHub/serde-rs/json,5
2016-12-01,24455,3423,GitHub/serde-rs/json,1
2016-12-01,24455,2945,GitHub/serde-rs/json,1
2016-12-01,24455,2880,GitHub/serde-rs/json,1
2016-12-01,24455,65,GitHub/serde-rs/json,7
2016-12-01,24455,3438,GitHub/serde-rs/json,1
2016-12-01,24455,4782,GitHub/serde-rs/json,3
2016-12-01,24455,4777,GitHub/serde-rs/json,1
2016-12-01,24455,2912,GitHub/serde-rs/json,92
2016-12-01,24455,4779,GitHub/serde-rs/json,1
2016-12-01,24455,4648,GitHub/serde-rs/json,9
2016-12-01,25976,4529,GitHub/rust-lang/regex,9
2016-12-01,25976,3112,GitHub/rust-lang/regex,1
2016-12-01,25976,2012,GitHub/rust-lang/regex,4
2016-12-01,25976,3175,GitHub/rust-lang/regex,1
2016-12-01,25976,2968,GitHub/rust-lang/regex,2
2016-12-01,25976,3933,GitHub/rust-lang/regex,1
2016-12-01,25976,4523,GitHub/rust-lang/regex,1
2016-12-01,25976,268,GitHub/rust-lang/regex,1
2016-12-01,25976,4524,GitHub/rust-lang/regex,1
2016-12-01,25976,3093,GitHub/rust-lang/regex,1
2016-12-01,25976,2008,GitHub/rust-lang/regex,1
2016-12-01,25976,3263,GitHub/rust-lang/regex,7
2016-12-01,25976,4526,GitHub/rust-lang/regex,5
2016-12-01,25976,4525,GitHub/rust-lang/regex,1
2016-12-01,25976,3043,GitHub/rust-lang/regex,259
2016-12-01,25976,3423,GitHub/rust-lang/regex,4
2016-12-01,25976,65,GitHub/rust-lang/regex,1
2016-12-01,25976,2867,GitHub/rust-lang/regex,3
2016-12-01,25976,4527,GitHub/rust-lang/regex,1
2016-12-01,25976,3476,GitHub/rust-lang/regex,4
2016-12-01,25976,4528,GitHub/rust-lang/regex,2
2016-12-01,26074,3042,GitHub/paholg/typenum,1
2016-12-01,26074,3609,GitHub/paholg/typenum,2
2016-12-01,26074,3093,GitHub/paholg/typenum,1
2016-12-01,26074,3614,GitHub/paholg/typenum,76
2016-12-01,28705,713,GitHub/dguo/strsim-rs,1
2016-12-01,28705,3466,GitHub/dguo/strsim-rs,1
2016-12-01,28705,3042,GitHub/dguo/strsim-rs,1
2016-12-01,28705,707,GitHub/dguo/strsim-rs,18
2016-12-01,28877,4538,GitHub/unicode-rs/unicode-xid,1
2016-12-01,28877,5006,GitHub/unicode-rs/unicode-xid,1
2016-12-01,32560,3215,GitHub/BurntSushi/memchr,4
2016-12-01,32560,3043,GitHub/BurntSushi/memchr,12
2016-12-01,32560,268,GitHub/BurntSushi/memchr,4
2016-12-01,33435,2912,GitHub/dtolnay/itoa,7
2016-12-01,34831,2997,GitHub/rust-lang/futures-rs,1
2016-12-01,34831,4308,GitHub/rust-lang/futures-rs,1
2016-12-01,34831,2970,GitHub/rust-lang/futures-rs,1
2016-12-01,34831,3363,GitHub/rust-lang/futures-rs,1
2016-12-01,34831,4303,GitHub/rust-lang/futures-rs,2
2016-12-01,34831,3197,GitHub/rust-lang/futures-rs,1
2016-12-01,34831,1723,GitHub/rust-lang/futures-rs,2
2016-12-01,34831,3186,GitHub/rust-lang/futures-rs,1
2016-12-01,34831,3423,GitHub/rust-lang/futures-rs,12
2016-12-01,34831,4304,GitHub/rust-lang/futures-rs,1
2016-12-01,34831,4302,GitHub/rust-lang/futures-rs,2
2016-12-01,34831,4306,GitHub/rust-lang/futures-rs,3
2016-12-01,34831,4301,GitHub/rust-lang/futures-rs,2
2016-12-01,34831,3662,GitHub/rust-lang/futures-rs,1
2016-12-01,34831,3440,GitHub/rust-lang/futures-rs,1
2016-12-01,34831,3860,GitHub/rust-lang/futures-rs,1
2016-12-01,34831,3147,GitHub/rust-lang/futures-rs,10
2016-12-01,34831,3427,GitHub/rust-lang/futures-rs,32
2016-12-01,34831,1727,GitHub/rust-lang/futures-rs,9
2016-12-01,34831,4311,GitHub/rust-lang/futures-rs,1
2016-12-01,34831,2867,GitHub/rust-lang/futures-rs,665
2016-12-01,34831,4300,GitHub/rust-lang/futures-rs,4
2016-12-01,34831,4286,GitHub/rust-lang/futures-rs,4
2016-12-01,34831,2930,GitHub/rust-lang/futures-rs,2
2016-12-01,34831,4305,GitHub/rust-lang/futures-rs,1
2016-12-01,34831,3613,GitHub/rust-lang/futures-rs,6
2016-12-01,34831,4151,GitHub/rust-lang/futures-rs,14
2016-12-01,34831,1725,GitHub/rust-lang/futures-rs,2
2016-12-01,34831,4289,GitHub/rust-lang/futures-rs,12
2016-12-01,34831,3486,GitHub/rust-lang/futures-rs,1
2016-12-01,34831,3435,GitHub/rust-lang/futures-rs,2
2016-12-01,34831,3783,GitHub/rust-lang/futures-rs,1
2016-12-01,34831,2900,GitHub/rust-lang/futures-rs,5
2016-12-01,34831,4253,GitHub/rust-lang/futures-rs,1
2016-12-01,34831,4310,GitHub/rust-lang/futures-rs,1
2016-12-01,34831,3137,GitHub/rust-lang/futures-rs,3
2016-12-01,34831,4309,GitHub/rust-lang/futures-rs,1
2016-12-01,34831,3071,GitHub/rust-lang/futures-rs,1
2016-12-01,34831,3413,GitHub/rust-lang/futures-rs,5
2016-12-01,34831,3433,GitHub/rust-lang/futures-rs,5
2016-12-01,34831,2256,GitHub/rust-lang/futures-rs,1
2016-12-01,34831,2993,GitHub/rust-lang/futures-rs,2
2016-12-01,34831,4312,GitHub/rust-lang/futures-rs,1
2016-12-01,34831,3042,GitHub/rust-lang/futures-rs,3
2016-12-01,34831,3080,GitHub/rust-lang/futures-rs,2
2016-12-01,34831,4307,GitHub/rust-lang/futures-rs,2
2016-12-01,34831,1720,GitHub/rust-lang/futures-rs,2
2016-12-01,34831,2927,GitHub/rust-lang/futures-rs,1
2016-12-01,35574,3413,GitHub/unicode-rs/unicode-normalization,2
2016-12-01,36114,2464,GitHub/SimonSapin/rust-std-candidates,1
2016-12-01,36114,3413,GitHub/SimonSapin/rust-std-candidates,5
2016-12-01,36424,2950,GitHub/steveklabnik/semver-parser,27
2016-12-01,36424,3080,GitHub/steveklabnik/semver-parser,2
2016-12-01,36424,3533,GitHub/steveklabnik/semver-parser,1
2016-12-01,36424,3043,GitHub/steveklabnik/semver-parser,1
2016-12-01,37083,3349,GitHub/BurntSushi/termcolor,1
2016-12-01,37083,3325,GitHub/BurntSushi/termcolor,1
2016-12-01,37083,3336,GitHub/BurntSushi/termcolor,1
2016-12-01,37083,3355,GitHub/BurntSushi/termcolor,1
2016-12-01,37083,3350,GitHub/BurntSushi/termcolor,1
2016-12-01,37083,572,GitHub/BurntSushi/termcolor,1
2016-12-01,37083,556,GitHub/BurntSushi/termcolor,7
2016-12-01,37083,3134,GitHub/BurntSushi/termcolor,1
2016-12-01,37083,559,GitHub/BurntSushi/termcolor,1
2016-12-01,37083,3347,GitHub/BurntSushi/termcolor,1
2016-12-01,37083,3277,GitHub/BurntSushi/termcolor,2
2016-12-01,37083,3345,GitHub/BurntSushi/termcolor,1
2016-12-01,37083,3334,GitHub/BurntSushi/termcolor,6
2016-12-01,37083,3331,GitHub/BurntSushi/termcolor,2
2016-12-01,37083,585,GitHub/BurntSushi/termcolor,1
2016-12-01,37083,3043,GitHub/BurntSushi/termcolor,411
2016-12-01,37083,3352,GitHub/BurntSushi/termcolor,1
2016-12-01,37083,3351,GitHub/BurntSushi/termcolor,1
2016-12-01,37083,2945,GitHub/BurntSushi/termcolor,1
2016-12-01,37083,3354,GitHub/BurntSushi/termcolor,1
2016-12-01,37083,3332,GitHub/BurntSushi/termcolor,1
2016-12-01,37083,3344,GitHub/BurntSushi/termcolor,3
2016-12-01,37083,3242,GitHub/BurntSushi/termcolor,1
2016-12-01,37083,3321,GitHub/BurntSushi/termcolor,1
2016-12-01,37083,3342,GitHub/BurntSushi/termcolor,2
2016-12-01,37083,3298,GitHub/BurntSushi/termcolor,1
2016-12-01,37083,3042,GitHub/BurntSushi/termcolor,1
2016-12-01,37083,3359,GitHub/BurntSushi/termcolor,1
2016-12-01,37083,553,GitHub/BurntSushi/termcolor,1
2016-12-01,37083,582,GitHub/BurntSushi/termcolor,1
2016-12-01,37083,3341,GitHub/BurntSushi/termcolor,1
2016-12-01,37083,3356,GitHub/BurntSushi/termcolor,1
2016-12-01,37083,3335,GitHub/BurntSushi/termcolor,2
2016-12-01,37083,3353,GitHub/BurntSushi/termcolor,1
2016-12-01,37083,3358,GitHub/BurntSushi/termcolor,1
2016-12-01,37083,3333,GitHub/BurntSushi/termcolor,2
2016-12-01,37083,3346,GitHub/BurntSushi/termcolor,1
2016-12-01,37083,2979,GitHub/BurntSushi/termcolor,1
2016-12-01,37083,3357,GitHub/BurntSushi/termcolor,1
2016-12-01,37083,3293,GitHub/BurntSushi/termcolor,1
2016-12-01,37083,3330,GitHub/BurntSushi/termcolor,4
2016-12-01,37083,3348,GitHub/BurntSushi/termcolor,2
2016-12-01,37083,3337,GitHub/BurntSushi/termcolor,1
2016-12-01,37083,3338,GitHub/BurntSushi/termcolor,1
2016-12-01,37083,3326,GitHub/BurntSushi/termcolor,1
2016-12-01,37612,3021,GitHub/dtolnay/quote,3
2016-12-01,37612,3201,GitHub/dtolnay/quote,1
2016-12-01,37612,3413,GitHub/dtolnay/quote,3
2016-12-01,37612,2912,GitHub/dtolnay/quote,74
2016-12-01,37612,3516,GitHub/dtolnay/quote,2
2016-12-01,37844,4270,GitHub/softprops/atty,38
2016-12-01,38667,268,GitHub/bluss/indexmap,144
2016-12-01,38667,3143,GitHub/bluss/indexmap,3
2016-12-01,38667,3144,GitHub/bluss/indexmap,1
2016-12-01,39779,2930,GitHub/time-rs/time,1
2016-12-01,39779,2511,GitHub/time-rs/time,1
2016-12-01,39779,3613,GitHub/time-rs/time,1
2016-12-01,39779,2867,GitHub/time-rs/time,12
2016-12-01,40937,3533,GitHub/dtolnay/semver,1
2016-12-01,40937,3332,GitHub/dtolnay/semver,1
2016-12-01,40937,2950,GitHub/dtolnay/semver,33
2016-12-01,40937,3080,GitHub/dtolnay/semver,2
2016-12-01,41752,4824,GitHub/servo/rust-url,1
2016-12-01,41752,2936,GitHub/servo/rust-url,14
2016-12-01,41752,3078,GitHub/servo/rust-url,2
2016-12-01,41752,4459,GitHub/servo/rust-url,1
2016-12-01,41752,2423,GitHub/servo/rust-url,1
2016-12-01,41752,2888,GitHub/servo/rust-url,1
2016-12-01,41752,4739,GitHub/servo/rust-url,1
2016-12-01,41752,4880,GitHub/servo/rust-url,1
2016-12-01,41752,2428,GitHub/servo/rust-url,1
2016-12-01,41752,4859,GitHub/servo/rust-url,1
2016-12-01,41752,3173,GitHub/servo/rust-url,1
2016-12-01,41752,4862,GitHub/servo/rust-url,1
2016-12-01,41752,4825,GitHub/servo/rust-url,1
2016-12-01,41752,3598,GitHub/servo/rust-url,1
2016-12-01,41752,3413,GitHub/servo/rust-url,126
2016-12-01,41752,2934,GitHub/servo/rust-url,1
2016-12-01,41752,3017,GitHub/servo/rust-url,4
2016-12-01,41752,1252,GitHub/servo/rust-url,10
2016-12-01,41752,1763,GitHub/servo/rust-url,2
2016-12-01,41752,4845,GitHub/servo/rust-url,1
2016-12-01,41752,3031,GitHub/servo/rust-url,1
2016-12-01,46027,2912,GitHub/alexcrichton/toml-rs,4
2016-12-01,46027,65,GitHub/alexcrichton/toml-rs,2
2016-12-01,46027,2930,GitHub/alexcrichton/toml-rs,2
2016-12-01,46027,2933,GitHub/alexcrichton/toml-rs,1
2016-12-01,46027,2927,GitHub/alexcrichton/toml-rs,1
2016-12-01,46027,2867,GitHub/alexcrichton/toml-rs,42
2016-12-01,46027,2934,GitHub/alexcrichton/toml-rs,5
2016-12-01,46027,81,GitHub/alexcrichton/toml-rs,2
2016-12-01,46027,2929,GitHub/alexcrichton/toml-rs,1
2016-12-01,46027,2931,GitHub/alexcrichton/toml-rs,2
2016-12-01,46027,83,GitHub/alexcrichton/toml-rs,3
2016-12-01,46027,2936,GitHub/alexcrichton/toml-rs,1
2016-12-01,46027,2935,GitHub/alexcrichton/toml-rs,10
2016-12-01,46178,3472,GitHub/rust-lang-nursery/lazy-static.rs,18
2016-12-01,46178,3081,GitHub/rust-lang-nursery/lazy-static.rs,5
2016-12-01,46178,3017,GitHub/rust-lang-nursery/lazy-static.rs,1
2016-12-01,46178,2873,GitHub/rust-lang-nursery/lazy-static.rs,1
2016-12-01,46178,3604,GitHub/rust-lang-nursery/lazy-static.rs,1
2016-12-01,49067,3042,GitHub/Amanieu/thread_local-rs,1
2016-12-01,49067,3043,GitHub/Amanieu/thread_local-rs,1
2016-12-01,49067,2968,GitHub/Amanieu/thread_local-rs,24
2016-12-01,49075,2867,GitHub/rust-lang/pkg-config-rs,12
2016-12-01,49075,3071,GitHub/rust-lang/pkg-config-rs,1
2016-12-01,49075,4511,GitHub/rust-lang/pkg-config-rs,2
2016-12-01,49075,4412,GitHub/rust-lang/pkg-config-rs,2
2016-12-01,49075,4510,GitHub/rust-lang/pkg-config-rs,3
2016-12-01,49075,3981,GitHub/rust-lang/pkg-config-rs,1
2016-12-01,52465,3189,GitHub/fizyk20/generic-array,1
2016-12-01,52465,3614,GitHub/fizyk20/generic-array,2
2016-12-01,52465,3606,GitHub/fizyk20/generic-array,20
2016-12-01,52465,3615,GitHub/fizyk20/generic-array,2
2016-12-01,52465,3025,GitHub/fizyk20/generic-array,1
2016-12-01,52465,877,GitHub/fizyk20/generic-array,2
2016-12-01,52465,3042,GitHub/fizyk20/generic-array,3
2017-02-01,3150,2927,GitHub/seanmonstar/num_cpus,1
2017-02-01,3150,3878,GitHub/seanmonstar/num_cpus,6
2017-02-01,4733,3021,GitHub/dtolnay/syn,4
2017-02-01,4733,3114,GitHub/dtolnay/syn,1
2017-02-01,4733,2912,GitHub/dtolnay/syn,44
2017-02-01,4733,3413,GitHub/dtolnay/syn,3
2017-02-01,6681,3476,GitHub/djc/rustc-version-rs,1
2017-02-01,7322,3824,GitHub/servo/rust-smallvec,4
2017-02-01,7415,3043,GitHub/BurntSushi/aho-corasick,4
2017-02-01,12842,2927,GitHub/tokio-rs/slab,1
2017-02-01,14306,2170,GitHub/rust-num/num-integer,3
2017-02-01,14306,4648,GitHub/rust-num/num-integer,2
2017-02-01,14306,3025,GitHub/rust-num/num-integer,3
2017-02-01,14306,27,GitHub/rust-num/num-integer,2
2017-02-01,14306,2936,GitHub/rust-num/num-integer,1
2017-02-01,14306,3205,GitHub/rust-num/num-integer,1
2017-02-01,16183,4162,GitHub/rust-lang/cc-rs,2
2017-02-01,16183,4160,GitHub/rust-lang/cc-rs,1
2017-02-01,16183,2988,GitHub/rust-lang/cc-rs,1
2017-02-01,16183,2945,GitHub/rust-lang/cc-rs,1
2017-02-01,16183,2867,GitHub/rust-lang/cc-rs,7
2017-02-01,16183,4163,GitHub/rust-lang/cc-rs,1
2017-02-01,16492,3433,GitHub/tokio-rs/bytes,2
2017-02-01,18006,3433,GitHub/crossbeam-rs/crossbeam,1
2017-02-01,18006,3432,GitHub/crossbeam-rs/crossbeam,1
2017-02-01,19184,268,GitHub/bluss/scopeguard,1
2017-02-01,20410,2872,GitHub/mgeisler/textwrap,74
2017-02-01,20949,3255,GitHub/Geal/nom,3
2017-02-01,20949,3534,GitHub/Geal/nom,22
2017-02-01,20949,3759,GitHub/Geal/nom,1
2017-02-01,20949,3768,GitHub/Geal/nom,1
2017-02-01,20949,3769,GitHub/Geal/nom,1
2017-02-01,20949,2927,GitHub/Geal/nom,1
2017-02-01,20949,29,GitHub/Geal/nom,2
2017-02-01,21445,1281,GitHub/marshallpierce/rust-base64,18
2017-02-01,21445,46,GitHub/marshallpierce/rust-base64,1
2017-02-01,21445,1280,GitHub/marshallpierce/rust-base64,1
2017-02-01,21445,1278,GitHub/marshallpierce/rust-base64,5
2017-02-01,22724,1928,GitHub/rust-lang/log,1
2017-02-01,22724,2927,GitHub/rust-lang/log,1
2017-02-01,22724,2945,GitHub/rust-lang/log,2
2017-02-01,23287,268,GitHub/rust-itertools/itertools,3
2017-02-01,23287,2927,GitHub/rust-itertools/itertools,1
2017-02-01,24455,4775,GitHub/serde-rs/json,1
2017-02-01,24455,2912,GitHub/serde-rs/json,119
2017-02-01,24455,65,GitHub/serde-rs/json,7
2017-02-01,24455,4065,GitHub/serde-rs/json,2
2017-02-01,24455,2888,GitHub/serde-rs/json,1
2017-02-01,24455,3423,GitHub/serde-rs/json,6
2017-02-01,24455,2936,GitHub/serde-rs/json,2
2017-02-01,25976,4518,GitHub/rust-lang/regex,1
2017-02-01,25976,4519,GitHub/rust-lang/regex,1
2017-02-01,25976,4520,GitHub/rust-lang/regex,1
2017-02-01,25976,3043,GitHub/rust-lang/regex,6
2017-02-01,25976,3587,GitHub/rust-lang/regex,1
2017-02-01,25976,2927,GitHub/rust-lang/regex,1
2017-02-01,28877,1252,GitHub/unicode-rs/unicode-xid,1
2017-02-01,30968,2343,GitHub/SergioBenitez/version_check,5
2017-02-01,32560,3043,GitHub/BurntSushi/memchr,2
2017-02-01,32560,2988,GitHub/BurntSushi/memchr,1
2017-02-01,33435,1252,GitHub/dtolnay/itoa,2
2017-02-01,33435,2912,GitHub/dtolnay/itoa,8
2017-02-01,34191,3189,GitHub/RustCrypto/utils,3
2017-02-01,34191,4042,GitHub/RustCrypto/utils,1
2017-02-01,34831,1710,GitHub/rust-lang/futures-rs,6
2017-02-01,34831,2256,GitHub/rust-lang/futures-rs,2
2017-02-01,34831,2867,GitHub/rust-lang/futures-rs,38
2017-02-01,34831,3147,GitHub/rust-lang/futures-rs,3
2017-02-01,34831,3427,GitHub/rust-lang/futures-rs,2
2017-02-01,34831,3732,GitHub/rust-lang/futures-rs,1
2017-02-01,34831,4253,GitHub/rust-lang/futures-rs,2
2017-02-01,34831,4288,GitHub/rust-lang/futures-rs,15
2017-02-01,34831,4289,GitHub/rust-lang/futures-rs,11
2017-02-01,34831,4291,GitHub/rust-lang/futures-rs,2
2017-02-01,34831,4292,GitHub/rust-lang/futures-rs,2
2017-02-01,34831,4293,GitHub/rust-lang/futures-rs,1
2017-02-01,34831,4294,GitHub/rust-lang/futures-rs,1
2017-02-01,35574,2874,GitHub/unicode-rs/unicode-normalization,1
2017-02-01,36424,2074,GitHub/steveklabnik/semver-parser,2
2017-02-01,36424,2950,GitHub/steveklabnik/semver-parser,2
2017-02-01,36424,2475,GitHub/steveklabnik/semver-parser,2
2017-02-01,37083,3319,GitHub/BurntSushi/termcolor,1
2017-02-01,37083,3134,GitHub/BurntSushi/termcolor,1
2017-02-01,37083,3043,GitHub/BurntSushi/termcolor,30
2017-02-01,37083,2927,GitHub/BurntSushi/termcolor,1
2017-02-01,37083,542,GitHub/BurntSushi/termcolor,1
2017-02-01,37083,541,GitHub/BurntSushi/termcolor,1
2017-02-01,37083,3326,GitHub/BurntSushi/termcolor,1
2017-02-01,37083,3327,GitHub/BurntSushi/termcolor,1
2017-02-01,37083,3325,GitHub/BurntSushi/termcolor,2
2017-02-01,37083,3324,GitHub/BurntSushi/termcolor,4
2017-02-01,37083,3323,GitHub/BurntSushi/termcolor,1
2017-02-01,37083,3322,GitHub/BurntSushi/termcolor,1
2017-02-01,37083,3321,GitHub/BurntSushi/termcolor,1
2017-02-01,37612,2912,GitHub/dtolnay/quote,5
2017-02-01,37844,4270,GitHub/softprops/atty,4
2017-02-01,37844,3043,GitHub/softprops/atty,2
2017-02-01,39779,2867,GitHub/time-rs/time,2
2017-02-01,41752,4856,GitHub/servo/rust-url,1
2017-02-01,41752,3173,GitHub/servo/rust-url,2
2017-02-01,41752,3413,GitHub/servo/rust-url,1
2017-02-01,41752,4854,GitHub/servo/rust-url,1
2017-02-01,41752,2936,GitHub/servo/rust-url,8
2017-02-01,41752,4857,GitHub/servo/rust-url,1
2017-02-01,46027,2928,GitHub/alexcrichton/toml-rs,1
2017-02-01,46027,2867,GitHub/alexcrichton/toml-rs,2
2017-02-01,49075,2867,GitHub/rust-lang/pkg-config-rs,3
2017-03-01,602,4538,GitHub/unicode-rs/unicode-segmentation,3
2017-03-01,602,3173,GitHub/unicode-rs/unicode-segmentation,1
2017-03-01,602,2988,GitHub/unicode-rs/unicode-segmentation,4
2017-03-01,602,3413,GitHub/unicode-rs/unicode-segmentation,1
2017-03-01,3150,3878,GitHub/seanmonstar/num_cpus,8
2017-03-01,3150,2927,GitHub/seanmonstar/num_cpus,1
2017-03-01,3150,4735,GitHub/seanmonstar/num_cpus,1
2017-03-01,4486,586,GitHub/contain-rs/vec-map,1
2017-03-01,4486,209,GitHub/contain-rs/vec-map,1
2017-03-01,4486,2993,GitHub/contain-rs/vec-map,2
2017-03-01,4733,3097,GitHub/dtolnay/syn,1
2017-03-01,4733,3413,GitHub/dtolnay/syn,5
2017-03-01,4733,2912,GitHub/dtolnay/syn,73
2017-03-01,4733,3021,GitHub/dtolnay/syn,5
2017-03-01,4733,3114,GitHub/dtolnay/syn,1
2017-03-01,6681,3476,GitHub/djc/rustc-version-rs,1
2017-03-01,7322,3824,GitHub/servo/rust-smallvec,4
2017-03-01,7415,3173,GitHub/BurntSushi/aho-corasick,1
2017-03-01,7415,3043,GitHub/BurntSushi/aho-corasick,5
2017-03-01,12266,3077,GitHub/bitflags/bitflags,6
2017-03-01,12266,2867,GitHub/bitflags/bitflags,3
2017-03-01,12842,2927,GitHub/tokio-rs/slab,1
2017-03-01,14306,3205,GitHub/rust-num/num-integer,1
2017-03-01,14306,2936,GitHub/rust-num/num-integer,1
2017-03-01,14306,4648,GitHub/rust-num/num-integer,3
2017-03-01,14306,3106,GitHub/rust-num/num-integer,8
2017-03-01,14306,3025,GitHub/rust-num/num-integer,9
2017-03-01,14306,27,GitHub/rust-num/num-integer,2
2017-03-01,14306,2170,GitHub/rust-num/num-integer,4
2017-03-01,16183,4163,GitHub/rust-lang/cc-rs,1
2017-03-01,16183,2867,GitHub/rust-lang/cc-rs,14
2017-03-01,16183,4162,GitHub/rust-lang/cc-rs,2
2017-03-01,16183,4160,GitHub/rust-lang/cc-rs,1
2017-03-01,16183,4159,GitHub/rust-lang/cc-rs,1
2017-03-01,16183,4158,GitHub/rust-lang/cc-rs,2
2017-03-01,16183,2945,GitHub/rust-lang/cc-rs,1
2017-03-01,16183,2988,GitHub/rust-lang/cc-rs,1
2017-03-01,16492,3433,GitHub/tokio-rs/bytes,24
2017-03-01,16492,4963,GitHub/tokio-rs/bytes,1
2017-03-01,17630,268,GitHub/bluss/either,2
2017-03-01,17630,3133,GitHub/bluss/either,1
2017-03-01,18006,3433,GitHub/crossbeam-rs/crossbeam,1
2017-03-01,18006,3432,GitHub/crossbeam-rs/crossbeam,1
2017-03-01,19184,268,GitHub/bluss/scopeguard,1
2017-03-01,20410,2872,GitHub/mgeisler/textwrap,95
2017-03-01,20699,2968,GitHub/Amanieu/parking_lot,4
2017-03-01,20949,3255,GitHub/Geal/nom,3
2017-03-01,20949,3759,GitHub/Geal/nom,2
2017-03-01,20949,3763,GitHub/Geal/nom,1
2017-03-01,20949,3764,GitHub/Geal/nom,2
2017-03-01,20949,3651,GitHub/Geal/nom,1
2017-03-01,20949,3739,GitHub/Geal/nom,1
2017-03-01,20949,1067,GitHub/Geal/nom,1
2017-03-01,20949,1068,GitHub/Geal/nom,1
2017-03-01,20949,3766,GitHub/Geal/nom,1
2017-03-01,20949,3769,GitHub/Geal/nom,1
2017-03-01,20949,3768,GitHub/Geal/nom,1
2017-03-01,20949,2927,GitHub/Geal/nom,1
2017-03-01,20949,29,GitHub/Geal/nom,2
2017-03-01,20949,2902,GitHub/Geal/nom,1
2017-03-01,20949,3534,GitHub/Geal/nom,31
2017-03-01,20949,3765,GitHub/Geal/nom,1
2017-03-01,21282,268,GitHub/bluss/arrayvec,3
2017-03-01,21445,46,GitHub/marshallpierce/rust-base64,1
2017-03-01,21445,1281,GitHub/marshallpierce/rust-base64,19
2017-03-01,21445,1280,GitHub/marshallpierce/rust-base64,2
2017-03-01,21445,1278,GitHub/marshallpierce/rust-base64,11
2017-03-01,22724,2927,GitHub/rust-lang/log,1
2017-03-01,22724,1928,GitHub/rust-lang/log,1
2017-03-01,22724,2945,GitHub/rust-lang/log,5
2017-03-01,22804,2867,GitHub/alexcrichton/cfg-if,1
2017-03-01,23287,268,GitHub/rust-itertools/itertools,3
2017-03-01,23287,2927,GitHub/rust-itertools/itertools,1
2017-03-01,24440,3992,GitHub/ogham/rust-ansi-term,1
2017-03-01,24455,2888,GitHub/serde-rs/json,1
2017-03-01,24455,4775,GitHub/serde-rs/json,1
2017-03-01,24455,2912,GitHub/serde-rs/json,156
2017-03-01,24455,4412,GitHub/serde-rs/json,2
2017-03-01,24455,3423,GitHub/serde-rs/json,8
2017-03-01,24455,65,GitHub/serde-rs/json,12
2017-03-01,24455,4773,GitHub/serde-rs/json,3
2017-03-01,24455,1252,GitHub/serde-rs/json,2
2017-03-01,24455,4065,GitHub/serde-rs/json,2
2017-03-01,24455,2936,GitHub/serde-rs/json,3
2017-03-01,25976,4520,GitHub/rust-lang/regex,1
2017-03-01,25976,4518,GitHub/rust-lang/regex,1
2017-03-01,25976,3043,GitHub/rust-lang/regex,15
2017-03-01,25976,3933,GitHub/rust-lang/regex,2
2017-03-01,25976,2927,GitHub/rust-lang/regex,1
2017-03-01,25976,3587,GitHub/rust-lang/regex,1
2017-03-01,25976,4519,GitHub/rust-lang/regex,1
2017-03-01,26074,3614,GitHub/paholg/typenum,14
2017-03-01,28877,1252,GitHub/unicode-rs/unicode-xid,1
2017-03-01,30968,2343,GitHub/SergioBenitez/version_check,5
2017-03-01,32560,2988,GitHub/BurntSushi/memchr,1
2017-03-01,32560,3043,GitHub/BurntSushi/memchr,2
2017-03-01,33435,2912,GitHub/dtolnay/itoa,10
2017-03-01,33435,1252,GitHub/dtolnay/itoa,2
2017-03-01,34191,3189,GitHub/RustCrypto/utils,3
2017-03-01,34191,4042,GitHub/RustCrypto/utils,1
2017-03-01,34831,3732,GitHub/rust-lang/futures-rs,1
2017-03-01,34831,1710,GitHub/rust-lang/futures-rs,6
2017-03-01,34831,2256,GitHub/rust-lang/futures-rs,2
2017-03-01,34831,2867,GitHub/rust-lang/futures-rs,50
2017-03-01,34831,2888,GitHub/rust-lang/futures-rs,2
2017-03-01,34831,3147,GitHub/rust-lang/futures-rs,3
2017-03-01,34831,3318,GitHub/rust-lang/futures-rs,3
2017-03-01,34831,3427,GitHub/rust-lang/futures-rs,2
2017-03-01,34831,4253,GitHub/rust-lang/futures-rs,5
2017-03-01,34831,4288,GitHub/rust-lang/futures-rs,17
2017-03-01,34831,4289,GitHub/rust-lang/futures-rs,12
2017-03-01,34831,4290,GitHub/rust-lang/futures-rs,1
2017-03-01,34831,4291,GitHub/rust-lang/futures-rs,2
2017-03-01,34831,4292,GitHub/rust-lang/futures-rs,2
2017-03-01,34831,4293,GitHub/rust-lang/futures-rs,1
2017-03-01,34831,4294,GitHub/rust-lang/futures-rs,1
2017-03-01,35574,3173,GitHub/unicode-rs/unicode-normalization,1
2017-03-01,35574,3413,GitHub/unicode-rs/unicode-normalization,1
2017-03-01,35574,2874,GitHub/unicode-rs/unicode-normalization,1
2017-03-01,36114,3413,GitHub/SimonSapin/rust-std-candidates,1
2017-03-01,36424,2950,GitHub/steveklabnik/semver-parser,6
2017-03-01,36424,2475,GitHub/steveklabnik/semver-parser,2
2017-03-01,36424,4781,GitHub/steveklabnik/semver-parser,3
2017-03-01,36424,2074,GitHub/steveklabnik/semver-parser,2
2017-03-01,37083,3043,GitHub/BurntSushi/termcolor,41
2017-03-01,37083,542,GitHub/BurntSushi/termcolor,1
2017-03-01,37083,3318,GitHub/BurntSushi/termcolor,1
2017-03-01,37083,3324,GitHub/BurntSushi/termcolor,4
2017-03-01,37083,3327,GitHub/BurntSushi/termcolor,1
2017-03-01,37083,3317,GitHub/BurntSushi/termcolor,1
2017-03-01,37083,3236,GitHub/BurntSushi/termcolor,1
2017-03-01,37083,3321,GitHub/BurntSushi/termcolor,1
2017-03-01,37083,3319,GitHub/BurntSushi/termcolor,2
2017-03-01,37083,3134,GitHub/BurntSushi/termcolor,1
2017-03-01,37083,3323,GitHub/BurntSushi/termcolor,1
2017-03-01,37083,3325,GitHub/BurntSushi/termcolor,2
2017-03-01,37083,2927,GitHub/BurntSushi/termcolor,1
2017-03-01,37083,3326,GitHub/BurntSushi/termcolor,1
2017-03-01,37083,541,GitHub/BurntSushi/termcolor,1
2017-03-01,37083,209,GitHub/BurntSushi/termcolor,1
2017-03-01,37083,3322,GitHub/BurntSushi/termcolor,1
2017-03-01,37612,2912,GitHub/dtolnay/quote,9
2017-03-01,37612,3413,GitHub/dtolnay/quote,1
2017-03-01,37844,3043,GitHub/softprops/atty,2
2017-03-01,37844,4270,GitHub/softprops/atty,4
2017-03-01,38667,268,GitHub/bluss/indexmap,2
2017-03-01,38667,2954,GitHub/bluss/indexmap,1
2017-03-01,39779,2867,GitHub/time-rs/time,3
2017-03-01,39779,209,GitHub/time-rs/time,1
2017-03-01,40494,3173,GitHub/servo/unicode-bidi,1
2017-03-01,40937,2950,GitHub/dtolnay/semver,2
2017-03-01,41752,2936,GitHub/servo/rust-url,8
2017-03-01,41752,3539,GitHub/servo/rust-url,1
2017-03-01,41752,3173,GitHub/servo/rust-url,3
2017-03-01,41752,3168,GitHub/servo/rust-url,1
2017-03-01,41752,4854,GitHub/servo/rust-url,2
2017-03-01,41752,4856,GitHub/servo/rust-url,1
2017-03-01,41752,4857,GitHub/servo/rust-url,1
2017-03-01,41752,3413,GitHub/servo/rust-url,7
2017-03-01,46027,2925,GitHub/alexcrichton/toml-rs,1
2017-03-01,46027,2867,GitHub/alexcrichton/toml-rs,16
2017-03-01,46027,2924,GitHub/alexcrichton/toml-rs,1
2017-03-01,46027,2928,GitHub/alexcrichton/toml-rs,1
2017-03-01,46027,2926,GitHub/alexcrichton/toml-rs,1
2017-03-01,46027,2927,GitHub/alexcrichton/toml-rs,3
2017-03-01,49067,2968,GitHub/Amanieu/thread_local-rs,2
2017-03-01,49075,2867,GitHub/rust-lang/pkg-config-rs,3
2017-03-01,52465,3606,GitHub/fizyk20/generic-array,1
2017-04-01,602,4781,GitHub/unicode-rs/unicode-segmentation,7
2017-04-01,602,4538,GitHub/unicode-rs/unicode-segmentation,3
2017-04-01,602,2988,GitHub/unicode-rs/unicode-segmentation,4
2017-04-01,602,3173,GitHub/unicode-rs/unicode-segmentation,2
2017-04-01,602,3413,GitHub/unicode-rs/unicode-segmentation,1
2017-04-01,626,3433,GitHub/hyperium/http,6
2017-04-01,3150,3878,GitHub/seanmonstar/num_cpus,9
2017-04-01,3150,4735,GitHub/seanmonstar/num_cpus,1
2017-04-01,3150,2930,GitHub/seanmonstar/num_cpus,1
2017-04-01,3150,2927,GitHub/seanmonstar/num_cpus,1
2017-04-01,4484,2928,GitHub/BurntSushi/byteorder,6
2017-04-01,4484,3071,GitHub/BurntSushi/byteorder,4
2017-04-01,4484,3195,GitHub/BurntSushi/byteorder,1
2017-04-01,4486,2993,GitHub/contain-rs/vec-map,2
2017-04-01,4486,209,GitHub/contain-rs/vec-map,1
2017-04-01,4486,586,GitHub/contain-rs/vec-map,1
2017-04-01,4733,3413,GitHub/dtolnay/syn,5
2017-04-01,4733,2874,GitHub/dtolnay/syn,1
2017-04-01,4733,2912,GitHub/dtolnay/syn,87
2017-04-01,4733,2922,GitHub/dtolnay/syn,3
2017-04-01,4733,3021,GitHub/dtolnay/syn,5
2017-04-01,4733,3097,GitHub/dtolnay/syn,1
2017-04-01,4733,3114,GitHub/dtolnay/syn,1
2017-04-01,4733,3600,GitHub/dtolnay/syn,1
2017-04-01,4733,3599,GitHub/dtolnay/syn,1
2017-04-01,6681,2927,GitHub/djc/rustc-version-rs,1
2017-04-01,6681,3476,GitHub/djc/rustc-version-rs,1
2017-04-01,6681,3472,GitHub/djc/rustc-version-rs,13
2017-04-01,7322,2343,GitHub/servo/rust-smallvec,3
2017-04-01,7322,2988,GitHub/servo/rust-smallvec,5
2017-04-01,7322,3824,GitHub/servo/rust-smallvec,8
2017-04-01,7415,3173,GitHub/BurntSushi/aho-corasick,1
2017-04-01,7415,3043,GitHub/BurntSushi/aho-corasick,7
2017-04-01,12266,3074,GitHub/bitflags/bitflags,3
2017-04-01,12266,3075,GitHub/bitflags/bitflags,1
2017-04-01,12266,2867,GitHub/bitflags/bitflags,19
2017-04-01,12266,3073,GitHub/bitflags/bitflags,3
2017-04-01,12266,64,GitHub/bitflags/bitflags,2
2017-04-01,12266,2912,GitHub/bitflags/bitflags,6
2017-04-01,12266,2873,GitHub/bitflags/bitflags,2
2017-04-01,12266,3068,GitHub/bitflags/bitflags,4
2017-04-01,12266,3076,GitHub/bitflags/bitflags,1
2017-04-01,12266,3077,GitHub/bitflags/bitflags,6
2017-04-01,12842,2991,GitHub/tokio-rs/slab,1
2017-04-01,12842,2927,GitHub/tokio-rs/slab,1
2017-04-01,14306,27,GitHub/rust-num/num-integer,2
2017-04-01,14306,4649,GitHub/rust-num/num-integer,6
2017-04-01,14306,3025,GitHub/rust-num/num-integer,12
2017-04-01,14306,3106,GitHub/rust-num/num-integer,8
2017-04-01,14306,4648,GitHub/rust-num/num-integer,8
2017-04-01,14306,2936,GitHub/rust-num/num-integer,1
2017-04-01,14306,3205,GitHub/rust-num/num-integer,1
2017-04-01,14306,2931,GitHub/rust-num/num-integer,12
2017-04-01,14306,2170,GitHub/rust-num/num-integer,4
2017-04-01,16183,4160,GitHub/rust-lang/cc-rs,1
2017-04-01,16183,4157,GitHub/rust-lang/cc-rs,1
2017-04-01,16183,4162,GitHub/rust-lang/cc-rs,2
2017-04-01,16183,4163,GitHub/rust-lang/cc-rs,1
2017-04-01,16183,2988,GitHub/rust-lang/cc-rs,1
2017-04-01,16183,2945,GitHub/rust-lang/cc-rs,1
2017-04-01,16183,4159,GitHub/rust-lang/cc-rs,1
2017-04-01,16183,4158,GitHub/rust-lang/cc-rs,2
2017-04-01,16183,2867,GitHub/rust-lang/cc-rs,20
2017-04-01,16492,2867,GitHub/tokio-rs/bytes,3
2017-04-01,16492,4963,GitHub/tokio-rs/bytes,1
2017-04-01,16492,3170,GitHub/tokio-rs/bytes,2
2017-04-01,16492,3433,GitHub/tokio-rs/bytes,48
2017-04-01,16492,3147,GitHub/tokio-rs/bytes,3
2017-04-01,17630,268,GitHub/bluss/either,5
2017-04-01,17630,3132,GitHub/bluss/either,1
2017-04-01,17630,3133,GitHub/bluss/either,1
2017-04-01,18006,3180,GitHub/crossbeam-rs/crossbeam,1
2017-04-01,18006,3431,GitHub/crossbeam-rs/crossbeam,1
2017-04-01,18006,3433,GitHub/crossbeam-rs/crossbeam,1
2017-04-01,18006,3432,GitHub/crossbeam-rs/crossbeam,1
2017-04-01,18006,673,GitHub/crossbeam-rs/crossbeam,1
2017-04-01,19184,268,GitHub/bluss/scopeguard,1
2017-04-01,20410,2872,GitHub/mgeisler/textwrap,96
2017-04-01,20699,2968,GitHub/Amanieu/parking_lot,14
2017-04-01,20949,3665,GitHub/Geal/nom,5
2017-04-01,20949,29,GitHub/Geal/nom,2
2017-04-01,20949,1068,GitHub/Geal/nom,1
2017-04-01,20949,3587,GitHub/Geal/nom,2
2017-04-01,20949,1067,GitHub/Geal/nom,1
2017-04-01,20949,2902,GitHub/Geal/nom,1
2017-04-01,20949,1060,GitHub/Geal/nom,1
2017-04-01,20949,2927,GitHub/Geal/nom,1
2017-04-01,20949,3769,GitHub/Geal/nom,1
2017-04-01,20949,3768,GitHub/Geal/nom,1
2017-04-01,20949,3766,GitHub/Geal/nom,1
2017-04-01,20949,3765,GitHub/Geal/nom,1
2017-04-01,20949,3764,GitHub/Geal/nom,2
2017-04-01,20949,3763,GitHub/Geal/nom,1
2017-04-01,20949,3762,GitHub/Geal/nom,1
2017-04-01,20949,3761,GitHub/Geal/nom,4
2017-04-01,20949,3760,GitHub/Geal/nom,2
2017-04-01,20949,3759,GitHub/Geal/nom,2
2017-04-01,20949,3255,GitHub/Geal/nom,3
2017-04-01,20949,3534,GitHub/Geal/nom,56
2017-04-01,20949,3739,GitHub/Geal/nom,1
2017-04-01,20949,3651,GitHub/Geal/nom,5
2017-04-01,21282,268,GitHub/bluss/arrayvec,11
2017-04-01,21282,3092,GitHub/bluss/arrayvec,1
2017-04-01,21445,1280,GitHub/marshallpierce/rust-base64,2
2017-04-01,21445,1252,GitHub/marshallpierce/rust-base64,1
2017-04-01,21445,46,GitHub/marshallpierce/rust-base64,1
2017-04-01,21445,1278,GitHub/marshallpierce/rust-base64,17
2017-04-01,21445,1281,GitHub/marshallpierce/rust-base64,19
2017-04-01,22724,2867,GitHub/rust-lang/log,4
2017-04-01,22724,2927,GitHub/rust-lang/log,1
2017-04-01,22724,3741,GitHub/rust-lang/log,1
2017-04-01,22724,1928,GitHub/rust-lang/log,1
2017-04-01,22724,2945,GitHub/rust-lang/log,5
2017-04-01,22804,2867,GitHub/alexcrichton/cfg-if,1
2017-04-01,23287,2927,GitHub/rust-itertools/itertools,1
2017-04-01,23287,268,GitHub/rust-itertools/itertools,7
2017-04-01,24440,3992,GitHub/ogham/rust-ansi-term,1
2017-04-01,24455,4412,GitHub/serde-rs/json,2
2017-04-01,24455,4772,GitHub/serde-rs/json,1
2017-04-01,24455,1252,GitHub/serde-rs/json,3
2017-04-01,24455,2888,GitHub/serde-rs/json,1
2017-04-01,24455,2912,GitHub/serde-rs/json,175
2017-04-01,24455,4065,GitHub/serde-rs/json,3
2017-04-01,24455,4773,GitHub/serde-rs/json,3
2017-04-01,24455,4775,GitHub/serde-rs/json,1
2017-04-01,24455,2936,GitHub/serde-rs/json,3
2017-04-01,24455,65,GitHub/serde-rs/json,13
2017-04-01,24455,3423,GitHub/serde-rs/json,8
2017-04-01,25976,3587,GitHub/rust-lang/regex,1
2017-04-01,25976,3043,GitHub/rust-lang/regex,15
2017-04-01,25976,2927,GitHub/rust-lang/regex,1
2017-04-01,25976,3933,GitHub/rust-lang/regex,2
2017-04-01,25976,4518,GitHub/rust-lang/regex,1
2017-04-01,25976,4519,GitHub/rust-lang/regex,1
2017-04-01,25976,4520,GitHub/rust-lang/regex,1
2017-04-01,26074,3614,GitHub/paholg/typenum,23
2017-04-01,28336,3189,GitHub/RustCrypto/traits,10
2017-04-01,28877,1252,GitHub/unicode-rs/unicode-xid,1
2017-04-01,30968,2343,GitHub/SergioBenitez/version_check,5
2017-04-01,32560,3214,GitHub/BurntSushi/memchr,2
2017-04-01,32560,3043,GitHub/BurntSushi/memchr,2
2017-04-01,32560,2988,GitHub/BurntSushi/memchr,1
2017-04-01,33435,2912,GitHub/dtolnay/itoa,11
2017-04-01,33435,1252,GitHub/dtolnay/itoa,2
2017-04-01,34191,3189,GitHub/RustCrypto/utils,7
2017-04-01,34191,4042,GitHub/RustCrypto/utils,1
2017-04-01,34831,2867,GitHub/rust-lang/futures-rs,86
2017-04-01,34831,4294,GitHub/rust-lang/futures-rs,1
2017-04-01,34831,4290,GitHub/rust-lang/futures-rs,1
2017-04-01,34831,4289,GitHub/rust-lang/futures-rs,12
2017-04-01,34831,4288,GitHub/rust-lang/futures-rs,17
2017-04-01,34831,4292,GitHub/rust-lang/futures-rs,2
2017-04-01,34831,4287,GitHub/rust-lang/futures-rs,1
2017-04-01,34831,4286,GitHub/rust-lang/futures-rs,1
2017-04-01,34831,3435,GitHub/rust-lang/futures-rs,1
2017-04-01,34831,4285,GitHub/rust-lang/futures-rs,2
2017-04-01,34831,4284,GitHub/rust-lang/futures-rs,5
2017-04-01,34831,3878,GitHub/rust-lang/futures-rs,2
2017-04-01,34831,4283,GitHub/rust-lang/futures-rs,1
2017-04-01,34831,4253,GitHub/rust-lang/futures-rs,5
2017-04-01,34831,4291,GitHub/rust-lang/futures-rs,2
2017-04-01,34831,1703,GitHub/rust-lang/futures-rs,1
2017-04-01,34831,2888,GitHub/rust-lang/futures-rs,2
2017-04-01,34831,1710,GitHub/rust-lang/futures-rs,6
2017-04-01,34831,3427,GitHub/rust-lang/futures-rs,2
2017-04-01,34831,3318,GitHub/rust-lang/futures-rs,3
2017-04-01,34831,3732,GitHub/rust-lang/futures-rs,1
2017-04-01,34831,3147,GitHub/rust-lang/futures-rs,3
2017-04-01,34831,4293,GitHub/rust-lang/futures-rs,1
2017-04-01,34831,2256,GitHub/rust-lang/futures-rs,2
2017-04-01,34831,2986,GitHub/rust-lang/futures-rs,1
2017-04-01,35574,2874,GitHub/unicode-rs/unicode-normalization,1
2017-04-01,35574,4220,GitHub/unicode-rs/unicode-normalization,3
2017-04-01,35574,3413,GitHub/unicode-rs/unicode-normalization,1
2017-04-01,35574,3173,GitHub/unicode-rs/unicode-normalization,1
2017-04-01,36114,3413,GitHub/SimonSapin/rust-std-candidates,1
2017-04-01,36424,2475,GitHub/steveklabnik/semver-parser,2
2017-04-01,36424,2074,GitHub/steveklabnik/semver-parser,2
2017-04-01,36424,2950,GitHub/steveklabnik/semver-parser,6
2017-04-01,36424,4781,GitHub/steveklabnik/semver-parser,3
2017-04-01,37083,3322,GitHub/BurntSushi/termcolor,1
2017-04-01,37083,3323,GitHub/BurntSushi/termcolor,1
2017-04-01,37083,3324,GitHub/BurntSushi/termcolor,4
2017-04-01,37083,3325,GitHub/BurntSushi/termcolor,2
2017-04-01,37083,3326,GitHub/BurntSushi/termcolor,1
2017-04-01,37083,3327,GitHub/BurntSushi/termcolor,1
2017-04-01,37083,3321,GitHub/BurntSushi/termcolor,1
2017-04-01,37083,3319,GitHub/BurntSushi/termcolor,2
2017-04-01,37083,3318,GitHub/BurntSushi/termcolor,1
2017-04-01,37083,3317,GitHub/BurntSushi/termcolor,1
2017-04-01,37083,3316,GitHub/BurntSushi/termcolor,1
2017-04-01,37083,3315,GitHub/BurntSushi/termcolor,1
2017-04-01,37083,3314,GitHub/BurntSushi/termcolor,1
2017-04-01,37083,3312,GitHub/BurntSushi/termcolor,3
2017-04-01,37083,3263,GitHub/BurntSushi/termcolor,6
2017-04-01,37083,3236,GitHub/BurntSushi/termcolor,1
2017-04-01,37083,3134,GitHub/BurntSushi/termcolor,1
2017-04-01,37083,3043,GitHub/BurntSushi/termcolor,71
2017-04-01,37083,3013,GitHub/BurntSushi/termcolor,1
2017-04-01,37083,2927,GitHub/BurntSushi/termcolor,1
2017-04-01,37083,542,GitHub/BurntSushi/termcolor,1
2017-04-01,37083,541,GitHub/BurntSushi/termcolor,1
2017-04-01,37083,532,GitHub/BurntSushi/termcolor,1
2017-04-01,37083,529,GitHub/BurntSushi/termcolor,1
2017-04-01,37083,209,GitHub/BurntSushi/termcolor,1
2017-04-01,37612,2922,GitHub/dtolnay/quote,1
2017-04-01,37612,3413,GitHub/dtolnay/quote,1
2017-04-01,37612,2912,GitHub/dtolnay/quote,14
2017-04-01,37844,3043,GitHub/softprops/atty,2
2017-04-01,37844,4270,GitHub/softprops/atty,4
2017-04-01,38667,3142,GitHub/bluss/indexmap,3
2017-04-01,38667,2954,GitHub/bluss/indexmap,1
2017-04-01,38667,268,GitHub/bluss/indexmap,15
2017-04-01,39779,2867,GitHub/time-rs/time,3
2017-04-01,39779,209,GitHub/time-rs/time,1
2017-04-01,40494,3173,GitHub/servo/unicode-bidi,1
2017-04-01,40937,2950,GitHub/dtolnay/semver,2
2017-04-01,41752,4854,GitHub/servo/rust-url,2
2017-04-01,41752,4856,GitHub/servo/rust-url,1
2017-04-01,41752,4857,GitHub/servo/rust-url,1
2017-04-01,41752,4220,GitHub/servo/rust-url,1
2017-04-01,41752,2936,GitHub/servo/rust-url,8
2017-04-01,41752,3168,GitHub/servo/rust-url,1
2017-04-01,41752,3173,GitHub/servo/rust-url,3
2017-04-01,41752,3539,GitHub/servo/rust-url,1
2017-04-01,41752,4855,GitHub/servo/rust-url,1
2017-04-01,41752,3413,GitHub/servo/rust-url,9
2017-04-01,42677,3905,GitHub/withoutboats/heck,8
2017-04-01,46027,2867,GitHub/alexcrichton/toml-rs,16
2017-04-01,46027,2925,GitHub/alexcrichton/toml-rs,1
2017-04-01,46027,2926,GitHub/alexcrichton/toml-rs,1
2017-04-01,46027,2927,GitHub/alexcrichton/toml-rs,3
2017-04-01,46027,2928,GitHub/alexcrichton/toml-rs,1
2017-04-01,46027,2924,GitHub/alexcrichton/toml-rs,1
2017-04-01,46178,3472,GitHub/rust-lang-nursery/lazy-static.rs,9
2017-04-01,49067,2968,GitHub/Amanieu/thread_local-rs,2
2017-04-01,49075,2867,GitHub/rust-lang/pkg-config-rs,3
2017-04-01,52465,3606,GitHub/fizyk20/generic-array,2
2017-04-01,52465,3610,GitHub/fizyk20/generic-array,1
2017-05-01,602,3173,GitHub/unicode-rs/unicode-segmentation,2
2017-05-01,602,4538,GitHub/unicode-rs/unicode-segmentation,3
2017-05-01,602,4781,GitHub/unicode-rs/unicode-segmentation,7
2017-05-01,602,2988,GitHub/unicode-rs/unicode-segmentation,4
2017-05-01,602,3413,GitHub/unicode-rs/unicode-segmentation,1
2017-05-01,626,3433,GitHub/hyperium/http,8
2017-05-01,3150,4735,GitHub/seanmonstar/num_cpus,1
2017-05-01,3150,2927,GitHub/seanmonstar/num_cpus,1
2017-05-01,3150,3878,GitHub/seanmonstar/num_cpus,12
2017-05-01,3150,2930,GitHub/seanmonstar/num_cpus,1
2017-05-01,3150,4618,GitHub/seanmonstar/num_cpus,1
2017-05-01,4484,3071,GitHub/BurntSushi/byteorder,4
2017-05-01,4484,2928,GitHub/BurntSushi/byteorder,6
2017-05-01,4484,3195,GitHub/BurntSushi/byteorder,1
2017-05-01,4486,3363,GitHub/contain-rs/vec-map,1
2017-05-01,4486,209,GitHub/contain-rs/vec-map,1
2017-05-01,4486,586,GitHub/contain-rs/vec-map,2
2017-05-01,4486,3362,GitHub/contain-rs/vec-map,1
2017-05-01,4486,2993,GitHub/contain-rs/vec-map,3
2017-05-01,4486,3361,GitHub/contain-rs/vec-map,2
2017-05-01,4733,3598,GitHub/dtolnay/syn,20
2017-05-01,4733,3597,GitHub/dtolnay/syn,1
2017-05-01,4733,2912,GitHub/dtolnay/syn,98
2017-05-01,4733,3021,GitHub/dtolnay/syn,5
2017-05-01,4733,2874,GitHub/dtolnay/syn,1
2017-05-01,4733,3114,GitHub/dtolnay/syn,1
2017-05-01,4733,3600,GitHub/dtolnay/syn,1
2017-05-01,4733,3097,GitHub/dtolnay/syn,1
2017-05-01,4733,3413,GitHub/dtolnay/syn,5
2017-05-01,4733,3599,GitHub/dtolnay/syn,1
2017-05-01,4733,2922,GitHub/dtolnay/syn,3
2017-05-01,6681,3472,GitHub/djc/rustc-version-rs,13
2017-05-01,6681,2921,GitHub/djc/rustc-version-rs,2
2017-05-01,6681,3476,GitHub/djc/rustc-version-rs,1
2017-05-01,6681,2927,GitHub/djc/rustc-version-rs,1
2017-05-01,7322,2988,GitHub/servo/rust-smallvec,5
2017-05-01,7322,2343,GitHub/servo/rust-smallvec,3
2017-05-01,7322,3824,GitHub/servo/rust-smallvec,8
2017-05-01,7415,3043,GitHub/BurntSushi/aho-corasick,7
2017-05-01,7415,3173,GitHub/BurntSushi/aho-corasick,1
2017-05-01,12228,3878,GitHub/seanmonstar/httparse,2
2017-05-01,12266,3076,GitHub/bitflags/bitflags,1
2017-05-01,12266,2912,GitHub/bitflags/bitflags,6
2017-05-01,12266,64,GitHub/bitflags/bitflags,2
2017-05-01,12266,3077,GitHub/bitflags/bitflags,6
2017-05-01,12266,2867,GitHub/bitflags/bitflags,21
2017-05-01,12266,245,GitHub/bitflags/bitflags,2
2017-05-01,12266,3068,GitHub/bitflags/bitflags,4
2017-05-01,12266,2873,GitHub/bitflags/bitflags,2
2017-05-01,12266,3072,GitHub/bitflags/bitflags,4
2017-05-01,12266,3073,GitHub/bitflags/bitflags,3
2017-05-01,12266,3074,GitHub/bitflags/bitflags,3
2017-05-01,12266,3075,GitHub/bitflags/bitflags,1
2017-05-01,12842,2927,GitHub/tokio-rs/slab,1
2017-05-01,12842,2991,GitHub/tokio-rs/slab,1
2017-05-01,14306,3106,GitHub/rust-num/num-integer,8
2017-05-01,14306,4650,GitHub/rust-num/num-integer,1
2017-05-01,14306,3025,GitHub/rust-num/num-integer,14
2017-05-01,14306,2936,GitHub/rust-num/num-integer,1
2017-05-01,14306,27,GitHub/rust-num/num-integer,2
2017-05-01,14306,2931,GitHub/rust-num/num-integer,12
2017-05-01,14306,3205,GitHub/rust-num/num-integer,1
2017-05-01,14306,4698,GitHub/rust-num/num-integer,20
2017-05-01,14306,2170,GitHub/rust-num/num-integer,4
2017-05-01,14306,4648,GitHub/rust-num/num-integer,10
2017-05-01,14306,4649,GitHub/rust-num/num-integer,6
2017-05-01,14306,268,GitHub/rust-num/num-integer,1
2017-05-01,16183,3025,GitHub/rust-lang/cc-rs,1
2017-05-01,16183,4155,GitHub/rust-lang/cc-rs,1
2017-05-01,16183,4154,GitHub/rust-lang/cc-rs,1
2017-05-01,16183,4153,GitHub/rust-lang/cc-rs,1
2017-05-01,16183,4022,GitHub/rust-lang/cc-rs,1
2017-05-01,16183,4157,GitHub/rust-lang/cc-rs,1
2017-05-01,16183,2867,GitHub/rust-lang/cc-rs,27
2017-05-01,16183,4158,GitHub/rust-lang/cc-rs,2
2017-05-01,16183,4159,GitHub/rust-lang/cc-rs,1
2017-05-01,16183,4160,GitHub/rust-lang/cc-rs,1
2017-05-01,16183,4156,GitHub/rust-lang/cc-rs,1
2017-05-01,16183,2988,GitHub/rust-lang/cc-rs,1
2017-05-01,16183,2921,GitHub/rust-lang/cc-rs,5
2017-05-01,16183,4162,GitHub/rust-lang/cc-rs,2
2017-05-01,16183,4163,GitHub/rust-lang/cc-rs,1
2017-05-01,16183,2945,GitHub/rust-lang/cc-rs,1
2017-05-01,16492,3170,GitHub/tokio-rs/bytes,3
2017-05-01,16492,3433,GitHub/tokio-rs/bytes,50
2017-05-01,16492,4285,GitHub/tokio-rs/bytes,1
2017-05-01,16492,4290,GitHub/tokio-rs/bytes,1
2017-05-01,16492,2991,GitHub/tokio-rs/bytes,1
2017-05-01,16492,3878,GitHub/tokio-rs/bytes,1
2017-05-01,16492,2867,GitHub/tokio-rs/bytes,3
2017-05-01,16492,3147,GitHub/tokio-rs/bytes,3
2017-05-01,16492,4963,GitHub/tokio-rs/bytes,1
2017-05-01,17630,3132,GitHub/bluss/either,1
2017-05-01,17630,3133,GitHub/bluss/either,1
2017-05-01,17630,268,GitHub/bluss/either,5
2017-05-01,18006,3429,GitHub/crossbeam-rs/crossbeam,2
2017-05-01,18006,353,GitHub/crossbeam-rs/crossbeam,6
2017-05-01,18006,673,GitHub/crossbeam-rs/crossbeam,1
2017-05-01,18006,682,GitHub/crossbeam-rs/crossbeam,1
2017-05-01,18006,2927,GitHub/crossbeam-rs/crossbeam,1
2017-05-01,18006,3433,GitHub/crossbeam-rs/crossbeam,1
2017-05-01,18006,3432,GitHub/crossbeam-rs/crossbeam,1
2017-05-01,18006,3431,GitHub/crossbeam-rs/crossbeam,1
2017-05-01,18006,3428,GitHub/crossbeam-rs/crossbeam,1
2017-05-01,18006,3180,GitHub/crossbeam-rs/crossbeam,1
2017-05-01,18006,3096,GitHub/crossbeam-rs/crossbeam,4
2017-05-01,19184,268,GitHub/bluss/scopeguard,1
2017-05-01,20410,2872,GitHub/mgeisler/textwrap,103
2017-05-01,20699,2936,GitHub/Amanieu/parking_lot,1
2017-05-01,20699,2968,GitHub/Amanieu/parking_lot,15
2017-05-01,20949,3712,GitHub/Geal/nom,1
2017-05-01,20949,3739,GitHub/Geal/nom,1
2017-05-01,20949,3741,GitHub/Geal/nom,1
2017-05-01,20949,3755,GitHub/Geal/nom,2
2017-05-01,20949,3759,GitHub/Geal/nom,3
2017-05-01,20949,3760,GitHub/Geal/nom,2
2017-05-01,20949,3761,GitHub/Geal/nom,4
2017-05-01,20949,2902,GitHub/Geal/nom,1
2017-05-01,20949,3762,GitHub/Geal/nom,1
2017-05-01,20949,3763,GitHub/Geal/nom,1
2017-05-01,20949,3764,GitHub/Geal/nom,2
2017-05-01,20949,3255,GitHub/Geal/nom,3
2017-05-01,20949,3765,GitHub/Geal/nom,1
2017-05-01,20949,3766,GitHub/Geal/nom,1
2017-05-01,20949,3768,GitHub/Geal/nom,1
2017-05-01,20949,3769,GitHub/Geal/nom,1
2017-05-01,20949,29,GitHub/Geal/nom,2
2017-05-01,20949,1068,GitHub/Geal/nom,1
2017-05-01,20949,1067,GitHub/Geal/nom,1
2017-05-01,20949,1060,GitHub/Geal/nom,1
2017-05-01,20949,1058,GitHub/Geal/nom,1
2017-05-01,20949,1038,GitHub/Geal/nom,4
2017-05-01,20949,658,GitHub/Geal/nom,3
2017-05-01,20949,2927,GitHub/Geal/nom,1
2017-05-01,20949,3534,GitHub/Geal/nom,60
2017-05-01,20949,3587,GitHub/Geal/nom,2
2017-05-01,20949,3651,GitHub/Geal/nom,5
2017-05-01,20949,3665,GitHub/Geal/nom,5
2017-05-01,21282,3092,GitHub/bluss/arrayvec,3
2017-05-01,21282,268,GitHub/bluss/arrayvec,14
2017-05-01,21445,1278,GitHub/marshallpierce/rust-base64,27
2017-05-01,21445,46,GitHub/marshallpierce/rust-base64,1
2017-05-01,21445,1252,GitHub/marshallpierce/rust-base64,1
2017-05-01,21445,1280,GitHub/marshallpierce/rust-base64,2
2017-05-01,21445,1281,GitHub/marshallpierce/rust-base64,21
2017-05-01,21445,2930,GitHub/marshallpierce/rust-base64,1
2017-05-01,22724,1928,GitHub/rust-lang/log,1
2017-05-01,22724,2945,GitHub/rust-lang/log,6
2017-05-01,22724,3741,GitHub/rust-lang/log,1
2017-05-01,22724,2867,GitHub/rust-lang/log,4
2017-05-01,22724,2927,GitHub/rust-lang/log,1
2017-05-01,22804,2867,GitHub/alexcrichton/cfg-if,1
2017-05-01,23287,268,GitHub/rust-itertools/itertools,32
2017-05-01,23287,2927,GitHub/rust-itertools/itertools,1
2017-05-01,24440,3992,GitHub/ogham/rust-ansi-term,1
2017-05-01,24455,4772,GitHub/serde-rs/json,1
2017-05-01,24455,4775,GitHub/serde-rs/json,1
2017-05-01,24455,4773,GitHub/serde-rs/json,3
2017-05-01,24455,2936,GitHub/serde-rs/json,3
2017-05-01,24455,3423,GitHub/serde-rs/json,14
2017-05-01,24455,1252,GitHub/serde-rs/json,3
2017-05-01,24455,4065,GitHub/serde-rs/json,3
2017-05-01,24455,65,GitHub/serde-rs/json,13
2017-05-01,24455,2888,GitHub/serde-rs/json,1
2017-05-01,24455,2912,GitHub/serde-rs/json,249
2017-05-01,24455,4412,GitHub/serde-rs/json,2
2017-05-01,25976,4520,GitHub/rust-lang/regex,1
2017-05-01,25976,3933,GitHub/rust-lang/regex,3
2017-05-01,25976,3043,GitHub/rust-lang/regex,15
2017-05-01,25976,2927,GitHub/rust-lang/regex,1
2017-05-01,25976,3587,GitHub/rust-lang/regex,1
2017-05-01,25976,4519,GitHub/rust-lang/regex,1
2017-05-01,25976,4518,GitHub/rust-lang/regex,1
2017-05-01,26074,3614,GitHub/paholg/typenum,27
2017-05-01,28336,3189,GitHub/RustCrypto/traits,11
2017-05-01,28877,1252,GitHub/unicode-rs/unicode-xid,1
2017-05-01,30968,2343,GitHub/SergioBenitez/version_check,5
2017-05-01,32560,2988,GitHub/BurntSushi/memchr,1
2017-05-01,32560,3214,GitHub/BurntSushi/memchr,2
2017-05-01,32560,3043,GitHub/BurntSushi/memchr,2
2017-05-01,33435,2912,GitHub/dtolnay/itoa,11
2017-05-01,33435,1252,GitHub/dtolnay/itoa,2
2017-05-01,34191,4042,GitHub/RustCrypto/utils,1
2017-05-01,34191,3189,GitHub/RustCrypto/utils,11
2017-05-01,34831,4291,GitHub/rust-lang/futures-rs,2
2017-05-01,34831,4285,GitHub/rust-lang/futures-rs,2
2017-05-01,34831,4286,GitHub/rust-lang/futures-rs,1
2017-05-01,34831,4287,GitHub/rust-lang/futures-rs,1
2017-05-01,34831,4288,GitHub/rust-lang/futures-rs,17
2017-05-01,34831,3147,GitHub/rust-lang/futures-rs,3
2017-05-01,34831,3318,GitHub/rust-lang/futures-rs,3
2017-05-01,34831,2986,GitHub/rust-lang/futures-rs,1
2017-05-01,34831,3427,GitHub/rust-lang/futures-rs,2
2017-05-01,34831,3433,GitHub/rust-lang/futures-rs,9
2017-05-01,34831,3435,GitHub/rust-lang/futures-rs,1
2017-05-01,34831,3637,GitHub/rust-lang/futures-rs,2
2017-05-01,34831,3732,GitHub/rust-lang/futures-rs,1
2017-05-01,34831,4294,GitHub/rust-lang/futures-rs,1
2017-05-01,34831,4293,GitHub/rust-lang/futures-rs,1
2017-05-01,34831,4292,GitHub/rust-lang/futures-rs,2
2017-05-01,34831,2888,GitHub/rust-lang/futures-rs,2
2017-05-01,34831,4284,GitHub/rust-lang/futures-rs,8
2017-05-01,34831,2867,GitHub/rust-lang/futures-rs,98
2017-05-01,34831,3878,GitHub/rust-lang/futures-rs,2
2017-05-01,34831,4290,GitHub/rust-lang/futures-rs,1
2017-05-01,34831,2256,GitHub/rust-lang/futures-rs,2
2017-05-01,34831,1710,GitHub/rust-lang/futures-rs,6
2017-05-01,34831,1703,GitHub/rust-lang/futures-rs,1
2017-05-01,34831,4289,GitHub/rust-lang/futures-rs,12
2017-05-01,34831,4253,GitHub/rust-lang/futures-rs,5
2017-05-01,34831,4282,GitHub/rust-lang/futures-rs,2
2017-05-01,34831,4283,GitHub/rust-lang/futures-rs,2
2017-05-01,35574,3413,GitHub/unicode-rs/unicode-normalization,2
2017-05-01,35574,4220,GitHub/unicode-rs/unicode-normalization,3
2017-05-01,35574,2874,GitHub/unicode-rs/unicode-normalization,1
2017-05-01,35574,3173,GitHub/unicode-rs/unicode-normalization,2
2017-05-01,36114,268,GitHub/SimonSapin/rust-std-candidates,4
2017-05-01,36114,3413,GitHub/SimonSapin/rust-std-candidates,2
2017-05-01,36424,4781,GitHub/steveklabnik/semver-parser,3
2017-05-01,36424,2074,GitHub/steveklabnik/semver-parser,2
2017-05-01,36424,2475,GitHub/steveklabnik/semver-parser,2
2017-05-01,36424,2950,GitHub/steveklabnik/semver-parser,6
2017-05-01,37083,3315,GitHub/BurntSushi/termcolor,1
2017-05-01,37083,3314,GitHub/BurntSushi/termcolor,1
2017-05-01,37083,3313,GitHub/BurntSushi/termcolor,1
2017-05-01,37083,3312,GitHub/BurntSushi/termcolor,5
2017-05-01,37083,3324,GitHub/BurntSushi/termcolor,4
2017-05-01,37083,3323,GitHub/BurntSushi/termcolor,1
2017-05-01,37083,528,GitHub/BurntSushi/termcolor,1
2017-05-01,37083,3322,GitHub/BurntSushi/termcolor,1
2017-05-01,37083,3321,GitHub/BurntSushi/termcolor,1
2017-05-01,37083,3319,GitHub/BurntSushi/termcolor,2
2017-05-01,37083,3043,GitHub/BurntSushi/termcolor,80
2017-05-01,37083,3318,GitHub/BurntSushi/termcolor,1
2017-05-01,37083,3317,GitHub/BurntSushi/termcolor,1
2017-05-01,37083,3316,GitHub/BurntSushi/termcolor,1
2017-05-01,37083,3302,GitHub/BurntSushi/termcolor,1
2017-05-01,37083,529,GitHub/BurntSushi/termcolor,1
2017-05-01,37083,532,GitHub/BurntSushi/termcolor,1
2017-05-01,37083,3263,GitHub/BurntSushi/termcolor,7
2017-05-01,37083,542,GitHub/BurntSushi/termcolor,1
2017-05-01,37083,3262,GitHub/BurntSushi/termcolor,1
2017-05-01,37083,541,GitHub/BurntSushi/termcolor,1
2017-05-01,37083,3236,GitHub/BurntSushi/termcolor,1
2017-05-01,37083,3013,GitHub/BurntSushi/termcolor,1
2017-05-01,37083,209,GitHub/BurntSushi/termcolor,1
2017-05-01,37083,3327,GitHub/BurntSushi/termcolor,1
2017-05-01,37083,3326,GitHub/BurntSushi/termcolor,1
2017-05-01,37083,3134,GitHub/BurntSushi/termcolor,1
2017-05-01,37083,3325,GitHub/BurntSushi/termcolor,2
2017-05-01,37083,2927,GitHub/BurntSushi/termcolor,1
2017-05-01,37612,2922,GitHub/dtolnay/quote,1
2017-05-01,37612,3413,GitHub/dtolnay/quote,1
2017-05-01,37612,2912,GitHub/dtolnay/quote,14
2017-05-01,37844,3043,GitHub/softprops/atty,2
2017-05-01,37844,4270,GitHub/softprops/atty,4
2017-05-01,38667,2954,GitHub/bluss/indexmap,1
2017-05-01,38667,268,GitHub/bluss/indexmap,17
2017-05-01,38667,3142,GitHub/bluss/indexmap,3
2017-05-01,38667,3140,GitHub/bluss/indexmap,2
2017-05-01,38667,3141,GitHub/bluss/indexmap,1
2017-05-01,39779,4063,GitHub/time-rs/time,1
2017-05-01,39779,2867,GitHub/time-rs/time,5
2017-05-01,39779,209,GitHub/time-rs/time,1
2017-05-01,40494,3173,GitHub/servo/unicode-bidi,1
2017-05-01,40937,3501,GitHub/dtolnay/semver,1
2017-05-01,40937,2950,GitHub/dtolnay/semver,2
2017-05-01,41752,4220,GitHub/servo/rust-url,1
2017-05-01,41752,3168,GitHub/servo/rust-url,1
2017-05-01,41752,3173,GitHub/servo/rust-url,3
2017-05-01,41752,3413,GitHub/servo/rust-url,10
2017-05-01,41752,2936,GitHub/servo/rust-url,8
2017-05-01,41752,3539,GitHub/servo/rust-url,1
2017-05-01,41752,4854,GitHub/servo/rust-url,3
2017-05-01,41752,4855,GitHub/servo/rust-url,1
2017-05-01,41752,4856,GitHub/servo/rust-url,1
2017-05-01,41752,4857,GitHub/servo/rust-url,1
2017-05-01,42677,3905,GitHub/withoutboats/heck,10
2017-05-01,46027,2921,GitHub/alexcrichton/toml-rs,5
2017-05-01,46027,2922,GitHub/alexcrichton/toml-rs,4
2017-05-01,46027,2923,GitHub/alexcrichton/toml-rs,1
2017-05-01,46027,2920,GitHub/alexcrichton/toml-rs,1
2017-05-01,46027,2924,GitHub/alexcrichton/toml-rs,1
2017-05-01,46027,2925,GitHub/alexcrichton/toml-rs,1
2017-05-01,46027,2926,GitHub/alexcrichton/toml-rs,1
2017-05-01,46027,2927,GitHub/alexcrichton/toml-rs,3
2017-05-01,46027,68,GitHub/alexcrichton/toml-rs,1
2017-05-01,46027,2928,GitHub/alexcrichton/toml-rs,1
2017-05-01,46027,46,GitHub/alexcrichton/toml-rs,4
2017-05-01,46027,2867,GitHub/alexcrichton/toml-rs,26
2017-05-01,46178,2928,GitHub/rust-lang-nursery/lazy-static.rs,1
2017-05-01,46178,2921,GitHub/rust-lang-nursery/lazy-static.rs,3
2017-05-01,46178,1547,GitHub/rust-lang-nursery/lazy-static.rs,3
2017-05-01,46178,3472,GitHub/rust-lang-nursery/lazy-static.rs,16
2017-05-01,46178,3070,GitHub/rust-lang-nursery/lazy-static.rs,1
2017-05-01,49067,2968,GitHub/Amanieu/thread_local-rs,2
2017-05-01,49075,2867,GitHub/rust-lang/pkg-config-rs,3
2017-05-01,52465,3206,GitHub/fizyk20/generic-array,3
2017-05-01,52465,3606,GitHub/fizyk20/generic-array,10
2017-05-01,52465,3609,GitHub/fizyk20/generic-array,1
2017-05-01,52465,3610,GitHub/fizyk20/generic-array,1
2017-06-01,602,4538,GitHub/unicode-rs/unicode-segmentation,3
2017-06-01,602,2988,GitHub/unicode-rs/unicode-segmentation,4
2017-06-01,602,3173,GitHub/unicode-rs/unicode-segmentation,3
2017-06-01,602,4985,GitHub/unicode-rs/unicode-segmentation,2
2017-06-01,602,3413,GitHub/unicode-rs/unicode-segmentation,2
2017-06-01,602,4781,GitHub/unicode-rs/unicode-segmentation,7
2017-06-01,626,3878,GitHub/hyperium/http,2
2017-06-01,626,2867,GitHub/hyperium/http,2
2017-06-01,626,3433,GitHub/hyperium/http,17
2017-06-01,3150,2930,GitHub/seanmonstar/num_cpus,1
2017-06-01,3150,2927,GitHub/seanmonstar/num_cpus,1
2017-06-01,3150,4731,GitHub/seanmonstar/num_cpus,4
2017-06-01,3150,3878,GitHub/seanmonstar/num_cpus,19
2017-06-01,3150,4618,GitHub/seanmonstar/num_cpus,1
2017-06-01,3150,4735,GitHub/seanmonstar/num_cpus,1
2017-06-01,4484,2928,GitHub/BurntSushi/byteorder,6
2017-06-01,4484,3195,GitHub/BurntSushi/byteorder,1
2017-06-01,4484,3071,GitHub/BurntSushi/byteorder,4
2017-06-01,4486,3361,GitHub/contain-rs/vec-map,2
2017-06-01,4486,2993,GitHub/contain-rs/vec-map,3
2017-06-01,4486,3193,GitHub/contain-rs/vec-map,3
2017-06-01,4486,209,GitHub/contain-rs/vec-map,1
2017-06-01,4486,2868,GitHub/contain-rs/vec-map,1
2017-06-01,4486,3363,GitHub/contain-rs/vec-map,1
2017-06-01,4486,3362,GitHub/contain-rs/vec-map,1
2017-06-01,4486,586,GitHub/contain-rs/vec-map,4
2017-06-01,4733,3021,GitHub/dtolnay/syn,6
2017-06-01,4733,2912,GitHub/dtolnay/syn,111
2017-06-01,4733,3114,GitHub/dtolnay/syn,1
2017-06-01,4733,2874,GitHub/dtolnay/syn,1
2017-06-01,4733,3413,GitHub/dtolnay/syn,5
2017-06-01,4733,3599,GitHub/dtolnay/syn,1
2017-06-01,4733,3597,GitHub/dtolnay/syn,2
2017-06-01,4733,2922,GitHub/dtolnay/syn,3
2017-06-01,4733,2867,GitHub/dtolnay/syn,7
2017-06-01,4733,3598,GitHub/dtolnay/syn,20
2017-06-01,4733,3600,GitHub/dtolnay/syn,1
2017-06-01,4733,3097,GitHub/dtolnay/syn,1
2017-06-01,6681,3472,GitHub/djc/rustc-version-rs,13
2017-06-01,6681,3476,GitHub/djc/rustc-version-rs,1
2017-06-01,6681,2921,GitHub/djc/rustc-version-rs,2
2017-06-01,6681,2927,GitHub/djc/rustc-version-rs,1
2017-06-01,7322,3610,GitHub/servo/rust-smallvec,1
2017-06-01,7322,2988,GitHub/servo/rust-smallvec,5
2017-06-01,7322,2343,GitHub/servo/rust-smallvec,3
2017-06-01,7322,3824,GitHub/servo/rust-smallvec,8
2017-06-01,7322,3438,GitHub/servo/rust-smallvec,1
2017-06-01,7415,3043,GitHub/BurntSushi/aho-corasick,7
2017-06-01,7415,3173,GitHub/BurntSushi/aho-corasick,1
2017-06-01,12228,3878,GitHub/seanmonstar/httparse,6
2017-06-01,12228,3587,GitHub/seanmonstar/httparse,2
2017-06-01,12266,3074,GitHub/bitflags/bitflags,3
2017-06-01,12266,2912,GitHub/bitflags/bitflags,11
2017-06-01,12266,2867,GitHub/bitflags/bitflags,25
2017-06-01,12266,3070,GitHub/bitflags/bitflags,1
2017-06-01,12266,3073,GitHub/bitflags/bitflags,3
2017-06-01,12266,2873,GitHub/bitflags/bitflags,2
2017-06-01,12266,3072,GitHub/bitflags/bitflags,4
2017-06-01,12266,245,GitHub/bitflags/bitflags,2
2017-06-01,12266,3071,GitHub/bitflags/bitflags,2
2017-06-01,12266,3075,GitHub/bitflags/bitflags,1
2017-06-01,12266,3068,GitHub/bitflags/bitflags,4
2017-06-01,12266,241,GitHub/bitflags/bitflags,1
2017-06-01,12266,3077,GitHub/bitflags/bitflags,6
2017-06-01,12266,3076,GitHub/bitflags/bitflags,1
2017-06-01,12266,3069,GitHub/bitflags/bitflags,1
2017-06-01,12266,64,GitHub/bitflags/bitflags,2
2017-06-01,12842,2927,GitHub/tokio-rs/slab,1
2017-06-01,12842,2991,GitHub/tokio-rs/slab,1
2017-06-01,14306,4650,GitHub/rust-num/num-integer,1
2017-06-01,14306,2170,GitHub/rust-num/num-integer,4
2017-06-01,14306,3194,GitHub/rust-num/num-integer,1
2017-06-01,14306,3106,GitHub/rust-num/num-integer,8
2017-06-01,14306,4649,GitHub/rust-num/num-integer,6
2017-06-01,14306,4648,GitHub/rust-num/num-integer,15
2017-06-01,14306,268,GitHub/rust-num/num-integer,1
2017-06-01,14306,2936,GitHub/rust-num/num-integer,1
2017-06-01,14306,4698,GitHub/rust-num/num-integer,22
2017-06-01,14306,3025,GitHub/rust-num/num-integer,18
2017-06-01,14306,3435,GitHub/rust-num/num-integer,1
2017-06-01,14306,3205,GitHub/rust-num/num-integer,1
2017-06-01,14306,2931,GitHub/rust-num/num-integer,13
2017-06-01,14306,27,GitHub/rust-num/num-integer,2
2017-06-01,16183,4151,GitHub/rust-lang/cc-rs,1
2017-06-01,16183,4158,GitHub/rust-lang/cc-rs,2
2017-06-01,16183,4162,GitHub/rust-lang/cc-rs,2
2017-06-01,16183,4153,GitHub/rust-lang/cc-rs,1
2017-06-01,16183,2921,GitHub/rust-lang/cc-rs,5
2017-06-01,16183,2945,GitHub/rust-lang/cc-rs,1
2017-06-01,16183,4155,GitHub/rust-lang/cc-rs,1
2017-06-01,16183,4154,GitHub/rust-lang/cc-rs,1
2017-06-01,16183,4156,GitHub/rust-lang/cc-rs,1
2017-06-01,16183,3071,GitHub/rust-lang/cc-rs,4
2017-06-01,16183,2988,GitHub/rust-lang/cc-rs,1
2017-06-01,16183,4152,GitHub/rust-lang/cc-rs,1
2017-06-01,16183,4159,GitHub/rust-lang/cc-rs,1
2017-06-01,16183,4160,GitHub/rust-lang/cc-rs,1
2017-06-01,16183,4157,GitHub/rust-lang/cc-rs,1
2017-06-01,16183,4022,GitHub/rust-lang/cc-rs,1
2017-06-01,16183,3025,GitHub/rust-lang/cc-rs,1
2017-06-01,16183,2867,GitHub/rust-lang/cc-rs,40
2017-06-01,16183,4163,GitHub/rust-lang/cc-rs,1
2017-06-01,16492,4285,GitHub/tokio-rs/bytes,1
2017-06-01,16492,3878,GitHub/tokio-rs/bytes,2
2017-06-01,16492,3433,GitHub/tokio-rs/bytes,52
2017-06-01,16492,4963,GitHub/tokio-rs/bytes,1
2017-06-01,16492,2558,GitHub/tokio-rs/bytes,1
2017-06-01,16492,2867,GitHub/tokio-rs/bytes,3
2017-06-01,16492,3186,GitHub/tokio-rs/bytes,1
2017-06-01,16492,4290,GitHub/tokio-rs/bytes,1
2017-06-01,16492,2991,GitHub/tokio-rs/bytes,2
2017-06-01,16492,3170,GitHub/tokio-rs/bytes,3
2017-06-01,16492,3147,GitHub/tokio-rs/bytes,10
2017-06-01,17630,3133,GitHub/bluss/either,1
2017-06-01,17630,3132,GitHub/bluss/either,1
2017-06-01,17630,268,GitHub/bluss/either,5
2017-06-01,18006,3428,GitHub/crossbeam-rs/crossbeam,1
2017-06-01,18006,3180,GitHub/crossbeam-rs/crossbeam,1
2017-06-01,18006,682,GitHub/crossbeam-rs/crossbeam,1
2017-06-01,18006,3433,GitHub/crossbeam-rs/crossbeam,1
2017-06-01,18006,2927,GitHub/crossbeam-rs/crossbeam,1
2017-06-01,18006,3096,GitHub/crossbeam-rs/crossbeam,5
2017-06-01,18006,353,GitHub/crossbeam-rs/crossbeam,11
2017-06-01,18006,673,GitHub/crossbeam-rs/crossbeam,1
2017-06-01,18006,3429,GitHub/crossbeam-rs/crossbeam,2
2017-06-01,18006,3432,GitHub/crossbeam-rs/crossbeam,1
2017-06-01,18006,3431,GitHub/crossbeam-rs/crossbeam,1
2017-06-01,19184,268,GitHub/bluss/scopeguard,1
2017-06-01,20410,2872,GitHub/mgeisler/textwrap,153
2017-06-01,20699,2936,GitHub/Amanieu/parking_lot,1
2017-06-01,20699,2968,GitHub/Amanieu/parking_lot,24
2017-06-01,20699,2992,GitHub/Amanieu/parking_lot,1
2017-06-01,20699,2985,GitHub/Amanieu/parking_lot,1
2017-06-01,20949,3651,GitHub/Geal/nom,5
2017-06-01,20949,658,GitHub/Geal/nom,3
2017-06-01,20949,1068,GitHub/Geal/nom,1
2017-06-01,20949,3755,GitHub/Geal/nom,3
2017-06-01,20949,3534,GitHub/Geal/nom,99
2017-06-01,20949,3757,GitHub/Geal/nom,1
2017-06-01,20949,1058,GitHub/Geal/nom,1
2017-06-01,20949,3761,GitHub/Geal/nom,4
2017-06-01,20949,2902,GitHub/Geal/nom,1
2017-06-01,20949,1038,GitHub/Geal/nom,5
2017-06-01,20949,3759,GitHub/Geal/nom,3
2017-06-01,20949,3255,GitHub/Geal/nom,3
2017-06-01,20949,1060,GitHub/Geal/nom,1
2017-06-01,20949,3665,GitHub/Geal/nom,5
2017-06-01,20949,3764,GitHub/Geal/nom,2
2017-06-01,20949,29,GitHub/Geal/nom,2
2017-06-01,20949,3712,GitHub/Geal/nom,1
2017-06-01,20949,3194,GitHub/Geal/nom,4
2017-06-01,20949,3765,GitHub/Geal/nom,1
2017-06-01,20949,3739,GitHub/Geal/nom,1
2017-06-01,20949,3768,GitHub/Geal/nom,1
2017-06-01,20949,1043,GitHub/Geal/nom,2
2017-06-01,20949,1067,GitHub/Geal/nom,1
2017-06-01,20949,3753,GitHub/Geal/nom,1
2017-06-01,20949,3587,GitHub/Geal/nom,2
2017-06-01,20949,3766,GitHub/Geal/nom,1
2017-06-01,20949,3214,GitHub/Geal/nom,5
2017-06-01,20949,3756,GitHub/Geal/nom,1
2017-06-01,20949,2927,GitHub/Geal/nom,1
2017-06-01,20949,3769,GitHub/Geal/nom,1
2017-06-01,20949,3760,GitHub/Geal/nom,2
2017-06-01,20949,3741,GitHub/Geal/nom,1
2017-06-01,20949,3763,GitHub/Geal/nom,1
2017-06-01,20949,3762,GitHub/Geal/nom,1
2017-06-01,20949,1052,GitHub/Geal/nom,1
2017-06-01,20949,3754,GitHub/Geal/nom,1
2017-06-01,21282,268,GitHub/bluss/arrayvec,14
2017-06-01,21282,3092,GitHub/bluss/arrayvec,3
2017-06-01,21282,3051,GitHub/bluss/arrayvec,3
2017-06-01,21445,1281,GitHub/marshallpierce/rust-base64,30
2017-06-01,21445,46,GitHub/marshallpierce/rust-base64,1
2017-06-01,21445,1280,GitHub/marshallpierce/rust-base64,2
2017-06-01,21445,1279,GitHub/marshallpierce/rust-base64,6
2017-06-01,21445,1272,GitHub/marshallpierce/rust-base64,1
2017-06-01,21445,2930,GitHub/marshallpierce/rust-base64,1
2017-06-01,21445,3936,GitHub/marshallpierce/rust-base64,1
2017-06-01,21445,1278,GitHub/marshallpierce/rust-base64,31
2017-06-01,21445,1252,GitHub/marshallpierce/rust-base64,1
2017-06-01,22724,2912,GitHub/rust-lang/log,28
2017-06-01,22724,4480,GitHub/rust-lang/log,8
2017-06-01,22724,2867,GitHub/rust-lang/log,9
2017-06-01,22724,4146,GitHub/rust-lang/log,5
2017-06-01,22724,3741,GitHub/rust-lang/log,1
2017-06-01,22724,4149,GitHub/rust-lang/log,9
2017-06-01,22724,3691,GitHub/rust-lang/log,2
2017-06-01,22724,2927,GitHub/rust-lang/log,1
2017-06-01,22724,1928,GitHub/rust-lang/log,1
2017-06-01,22724,1961,GitHub/rust-lang/log,6
2017-06-01,22724,4479,GitHub/rust-lang/log,3
2017-06-01,22724,3070,GitHub/rust-lang/log,2
2017-06-01,22724,4481,GitHub/rust-lang/log,2
2017-06-01,22724,3571,GitHub/rust-lang/log,3
2017-06-01,22724,2945,GitHub/rust-lang/log,8
2017-06-01,22724,64,GitHub/rust-lang/log,2
2017-06-01,22724,4482,GitHub/rust-lang/log,1
2017-06-01,22724,3071,GitHub/rust-lang/log,1
2017-06-01,22724,1962,GitHub/rust-lang/log,1
2017-06-01,22724,2936,GitHub/rust-lang/log,1
2017-06-01,22804,2867,GitHub/alexcrichton/cfg-if,1
2017-06-01,23287,771,GitHub/rust-itertools/itertools,6
2017-06-01,23287,268,GitHub/rust-itertools/itertools,32
2017-06-01,23287,2927,GitHub/rust-itertools/itertools,1
2017-06-01,24440,3992,GitHub/ogham/rust-ansi-term,1
2017-06-01,24455,2912,GitHub/serde-rs/json,257
2017-06-01,24455,4772,GitHub/serde-rs/json,1
2017-06-01,24455,2936,GitHub/serde-rs/json,3
2017-06-01,24455,4773,GitHub/serde-rs/json,3
2017-06-01,24455,1252,GitHub/serde-rs/json,3
2017-06-01,24455,4771,GitHub/serde-rs/json,2
2017-06-01,24455,65,GitHub/serde-rs/json,13
2017-06-01,24455,3423,GitHub/serde-rs/json,14
2017-06-01,24455,4290,GitHub/serde-rs/json,2
2017-06-01,24455,4775,GitHub/serde-rs/json,1
2017-06-01,24455,2888,GitHub/serde-rs/json,1
2017-06-01,24455,4065,GitHub/serde-rs/json,3
2017-06-01,24455,4412,GitHub/serde-rs/json,2
2017-06-01,25976,2927,GitHub/rust-lang/regex,1
2017-06-01,25976,4518,GitHub/rust-lang/regex,1
2017-06-01,25976,64,GitHub/rust-lang/regex,1
2017-06-01,25976,3587,GitHub/rust-lang/regex,1
2017-06-01,25976,3933,GitHub/rust-lang/regex,4
2017-06-01,25976,4517,GitHub/rust-lang/regex,1
2017-06-01,25976,4520,GitHub/rust-lang/regex,1
2017-06-01,25976,4519,GitHub/rust-lang/regex,1
2017-06-01,25976,3505,GitHub/rust-lang/regex,2
2017-06-01,25976,4516,GitHub/rust-lang/regex,1
2017-06-01,25976,3043,GitHub/rust-lang/regex,19
2017-06-01,26074,3614,GitHub/paholg/typenum,38
2017-06-01,26074,4006,GitHub/paholg/typenum,2
2017-06-01,28336,3189,GitHub/RustCrypto/traits,19
2017-06-01,28877,1252,GitHub/unicode-rs/unicode-xid,1
2017-06-01,28877,3413,GitHub/unicode-rs/unicode-xid,1
2017-06-01,28877,3021,GitHub/unicode-rs/unicode-xid,1
2017-06-01,30968,2343,GitHub/SergioBenitez/version_check,5
2017-06-01,32560,3043,GitHub/BurntSushi/memchr,2
2017-06-01,32560,3214,GitHub/BurntSushi/memchr,2
2017-06-01,32560,2988,GitHub/BurntSushi/memchr,1
2017-06-01,33435,1252,GitHub/dtolnay/itoa,2
2017-06-01,33435,2912,GitHub/dtolnay/itoa,11
2017-06-01,34191,4042,GitHub/RustCrypto/utils,1
2017-06-01,34191,3189,GitHub/RustCrypto/utils,18
2017-06-01,34831,4290,GitHub/rust-lang/futures-rs,1
2017-06-01,34831,2933,GitHub/rust-lang/futures-rs,2
2017-06-01,34831,3147,GitHub/rust-lang/futures-rs,7
2017-06-01,34831,4293,GitHub/rust-lang/futures-rs,1
2017-06-01,34831,4285,GitHub/rust-lang/futures-rs,2
2017-06-01,34831,3433,GitHub/rust-lang/futures-rs,24
2017-06-01,34831,2986,GitHub/rust-lang/futures-rs,1
2017-06-01,34831,4251,GitHub/rust-lang/futures-rs,2
2017-06-01,34831,2256,GitHub/rust-lang/futures-rs,2
2017-06-01,34831,1710,GitHub/rust-lang/futures-rs,6
2017-06-01,34831,4286,GitHub/rust-lang/futures-rs,1
2017-06-01,34831,4279,GitHub/rust-lang/futures-rs,1
2017-06-01,34831,3637,GitHub/rust-lang/futures-rs,2
2017-06-01,34831,4287,GitHub/rust-lang/futures-rs,1
2017-06-01,34831,4289,GitHub/rust-lang/futures-rs,12
2017-06-01,34831,3732,GitHub/rust-lang/futures-rs,1
2017-06-01,34831,4278,GitHub/rust-lang/futures-rs,1
2017-06-01,34831,4292,GitHub/rust-lang/futures-rs,2
2017-06-01,34831,4277,GitHub/rust-lang/futures-rs,1
2017-06-01,34831,4283,GitHub/rust-lang/futures-rs,2
2017-06-01,34831,4284,GitHub/rust-lang/futures-rs,8
2017-06-01,34831,4291,GitHub/rust-lang/futures-rs,2
2017-06-01,34831,2867,GitHub/rust-lang/futures-rs,156
2017-06-01,34831,4280,GitHub/rust-lang/futures-rs,1
2017-06-01,34831,3891,GitHub/rust-lang/futures-rs,1
2017-06-01,34831,3435,GitHub/rust-lang/futures-rs,1
2017-06-01,34831,4253,GitHub/rust-lang/futures-rs,5
2017-06-01,34831,2888,GitHub/rust-lang/futures-rs,2
2017-06-01,34831,3427,GitHub/rust-lang/futures-rs,2
2017-06-01,34831,3878,GitHub/rust-lang/futures-rs,2
2017-06-01,34831,1703,GitHub/rust-lang/futures-rs,1
2017-06-01,34831,4294,GitHub/rust-lang/futures-rs,1
2017-06-01,34831,4282,GitHub/rust-lang/futures-rs,2
2017-06-01,34831,4288,GitHub/rust-lang/futures-rs,17
2017-06-01,34831,3318,GitHub/rust-lang/futures-rs,3
2017-06-01,35574,4220,GitHub/unicode-rs/unicode-normalization,3
2017-06-01,35574,2874,GitHub/unicode-rs/unicode-normalization,1
2017-06-01,35574,3173,GitHub/unicode-rs/unicode-normalization,2
2017-06-01,35574,3413,GitHub/unicode-rs/unicode-normalization,2
2017-06-01,36114,268,GitHub/SimonSapin/rust-std-candidates,4
2017-06-01,36114,3413,GitHub/SimonSapin/rust-std-candidates,2
2017-06-01,36424,4781,GitHub/steveklabnik/semver-parser,3
2017-06-01,36424,2475,GitHub/steveklabnik/semver-parser,2
2017-06-01,36424,2950,GitHub/steveklabnik/semver-parser,6
2017-06-01,36424,2074,GitHub/steveklabnik/semver-parser,2
2017-06-01,37083,3013,GitHub/BurntSushi/termcolor,1
2017-06-01,37083,541,GitHub/BurntSushi/termcolor,1
2017-06-01,37083,3308,GitHub/BurntSushi/termcolor,1
2017-06-01,37083,3305,GitHub/BurntSushi/termcolor,5
2017-06-01,37083,3314,GitHub/BurntSushi/termcolor,1
2017-06-01,37083,3312,GitHub/BurntSushi/termcolor,5
2017-06-01,37083,532,GitHub/BurntSushi/termcolor,1
2017-06-01,37083,3309,GitHub/BurntSushi/termcolor,1
2017-06-01,37083,3315,GitHub/BurntSushi/termcolor,1
2017-06-01,37083,3310,GitHub/BurntSushi/termcolor,1
2017-06-01,37083,3326,GitHub/BurntSushi/termcolor,1
2017-06-01,37083,528,GitHub/BurntSushi/termcolor,1
2017-06-01,37083,3263,GitHub/BurntSushi/termcolor,8
2017-06-01,37083,3302,GitHub/BurntSushi/termcolor,1
2017-06-01,37083,209,GitHub/BurntSushi/termcolor,1
2017-06-01,37083,3319,GitHub/BurntSushi/termcolor,2
2017-06-01,37083,3321,GitHub/BurntSushi/termcolor,1
2017-06-01,37083,542,GitHub/BurntSushi/termcolor,1
2017-06-01,37083,3322,GitHub/BurntSushi/termcolor,1
2017-06-01,37083,3318,GitHub/BurntSushi/termcolor,1
2017-06-01,37083,3313,GitHub/BurntSushi/termcolor,1
2017-06-01,37083,3262,GitHub/BurntSushi/termcolor,1
2017-06-01,37083,3327,GitHub/BurntSushi/termcolor,1
2017-06-01,37083,2927,GitHub/BurntSushi/termcolor,1
2017-06-01,37083,3236,GitHub/BurntSushi/termcolor,1
2017-06-01,37083,3324,GitHub/BurntSushi/termcolor,4
2017-06-01,37083,3311,GitHub/BurntSushi/termcolor,1
2017-06-01,37083,3323,GitHub/BurntSushi/termcolor,1
2017-06-01,37083,3325,GitHub/BurntSushi/termcolor,2
2017-06-01,37083,529,GitHub/BurntSushi/termcolor,1
2017-06-01,37083,3134,GitHub/BurntSushi/termcolor,1
2017-06-01,37083,3317,GitHub/BurntSushi/termcolor,1
2017-06-01,37083,3043,GitHub/BurntSushi/termcolor,88
2017-06-01,37083,3316,GitHub/BurntSushi/termcolor,1
2017-06-01,37612,2973,GitHub/dtolnay/quote,1
2017-06-01,37612,2912,GitHub/dtolnay/quote,18
2017-06-01,37612,3021,GitHub/dtolnay/quote,2
2017-06-01,37612,3413,GitHub/dtolnay/quote,1
2017-06-01,37612,2867,GitHub/dtolnay/quote,1
2017-06-01,37612,2922,GitHub/dtolnay/quote,1
2017-06-01,37844,4270,GitHub/softprops/atty,4
2017-06-01,37844,3043,GitHub/softprops/atty,2
2017-06-01,38667,3140,GitHub/bluss/indexmap,2
2017-06-01,38667,3139,GitHub/bluss/indexmap,1
2017-06-01,38667,3142,GitHub/bluss/indexmap,3
2017-06-01,38667,3141,GitHub/bluss/indexmap,1
2017-06-01,38667,2954,GitHub/bluss/indexmap,1
2017-06-01,38667,268,GitHub/bluss/indexmap,17
2017-06-01,39779,2510,GitHub/time-rs/time,1
2017-06-01,39779,209,GitHub/time-rs/time,1
2017-06-01,39779,2867,GitHub/time-rs/time,6
2017-06-01,39779,4063,GitHub/time-rs/time,1
2017-06-01,40494,2914,GitHub/servo/unicode-bidi,30
2017-06-01,40494,1252,GitHub/servo/unicode-bidi,1
2017-06-01,40494,3173,GitHub/servo/unicode-bidi,1
2017-06-01,40937,2950,GitHub/dtolnay/semver,6
2017-06-01,40937,794,GitHub/dtolnay/semver,1
2017-06-01,40937,470,GitHub/dtolnay/semver,1
2017-06-01,40937,3501,GitHub/dtolnay/semver,1
2017-06-01,40937,2912,GitHub/dtolnay/semver,2
2017-06-01,41752,4857,GitHub/servo/rust-url,1
2017-06-01,41752,4851,GitHub/servo/rust-url,4
2017-06-01,41752,3539,GitHub/servo/rust-url,1
2017-06-01,41752,3192,GitHub/servo/rust-url,4
2017-06-01,41752,4220,GitHub/servo/rust-url,1
2017-06-01,41752,2914,GitHub/servo/rust-url,1
2017-06-01,41752,3943,GitHub/servo/rust-url,6
2017-06-01,41752,3761,GitHub/servo/rust-url,2
2017-06-01,41752,4038,GitHub/servo/rust-url,2
2017-06-01,41752,2928,GitHub/servo/rust-url,1
2017-06-01,41752,3173,GitHub/servo/rust-url,3
2017-06-01,41752,4850,GitHub/servo/rust-url,1
2017-06-01,41752,4856,GitHub/servo/rust-url,1
2017-06-01,41752,4854,GitHub/servo/rust-url,3
2017-06-01,41752,4855,GitHub/servo/rust-url,1
2017-06-01,41752,2921,GitHub/servo/rust-url,7
2017-06-01,41752,3071,GitHub/servo/rust-url,1
2017-06-01,41752,1252,GitHub/servo/rust-url,2
2017-06-01,41752,2985,GitHub/servo/rust-url,1
2017-06-01,41752,1763,GitHub/servo/rust-url,2
2017-06-01,41752,4853,GitHub/servo/rust-url,1
2017-06-01,41752,3413,GitHub/servo/rust-url,11
2017-06-01,41752,3168,GitHub/servo/rust-url,1
2017-06-01,41752,2936,GitHub/servo/rust-url,8
2017-06-01,41957,2867,GitHub/dtolnay/proc-macro2,14
2017-06-01,41957,3021,GitHub/dtolnay/proc-macro2,3
2017-06-01,41957,2912,GitHub/dtolnay/proc-macro2,4
2017-06-01,42655,2867,GitHub/rust-lang/socket2,4
2017-06-01,42677,3905,GitHub/withoutboats/heck,10
2017-06-01,46027,68,GitHub/alexcrichton/toml-rs,1
2017-06-01,46027,2920,GitHub/alexcrichton/toml-rs,1
2017-06-01,46027,2922,GitHub/alexcrichton/toml-rs,4
2017-06-01,46027,2921,GitHub/alexcrichton/toml-rs,5
2017-06-01,46027,2928,GitHub/alexcrichton/toml-rs,1
2017-06-01,46027,2923,GitHub/alexcrichton/toml-rs,1
2017-06-01,46027,2926,GitHub/alexcrichton/toml-rs,1
2017-06-01,46027,65,GitHub/alexcrichton/toml-rs,2
2017-06-01,46027,2919,GitHub/alexcrichton/toml-rs,5
2017-06-01,46027,2925,GitHub/alexcrichton/toml-rs,1
2017-06-01,46027,46,GitHub/alexcrichton/toml-rs,4
2017-06-01,46027,2924,GitHub/alexcrichton/toml-rs,1
2017-06-01,46027,64,GitHub/alexcrichton/toml-rs,3
2017-06-01,46027,2867,GitHub/alexcrichton/toml-rs,34
2017-06-01,46027,2927,GitHub/alexcrichton/toml-rs,3
2017-06-01,46178,3472,GitHub/rust-lang-nursery/lazy-static.rs,16
2017-06-01,46178,2928,GitHub/rust-lang-nursery/lazy-static.rs,1
2017-06-01,46178,2921,GitHub/rust-lang-nursery/lazy-static.rs,3
2017-06-01,46178,1547,GitHub/rust-lang-nursery/lazy-static.rs,3
2017-06-01,46178,3070,GitHub/rust-lang-nursery/lazy-static.rs,1
2017-06-01,49067,2968,GitHub/Amanieu/thread_local-rs,2
2017-06-01,49075,2867,GitHub/rust-lang/pkg-config-rs,3
2017-06-01,52465,3606,GitHub/fizyk20/generic-array,18
2017-06-01,52465,3609,GitHub/fizyk20/generic-array,1
2017-06-01,52465,3610,GitHub/fizyk20/generic-array,1
2017-06-01,52465,3206,GitHub/fizyk20/generic-array,3
2017-07-01,602,3173,GitHub/unicode-rs/unicode-segmentation,3
2017-07-01,602,2988,GitHub/unicode-rs/unicode-segmentation,4
2017-07-01,602,4985,GitHub/unicode-rs/unicode-segmentation,2
2017-07-01,602,3413,GitHub/unicode-rs/unicode-segmentation,2
2017-07-01,602,4781,GitHub/unicode-rs/unicode-segmentation,7
2017-07-01,602,4538,GitHub/unicode-rs/unicode-segmentation,3
2017-07-01,626,2867,GitHub/hyperium/http,2
2017-07-01,626,3433,GitHub/hyperium/http,28
2017-07-01,626,3878,GitHub/hyperium/http,5
2017-07-01,3150,4731,GitHub/seanmonstar/num_cpus,4
2017-07-01,3150,3066,GitHub/seanmonstar/num_cpus,2
2017-07-01,3150,4735,GitHub/seanmonstar/num_cpus,1
2017-07-01,3150,2930,GitHub/seanmonstar/num_cpus,1
2017-07-01,3150,2927,GitHub/seanmonstar/num_cpus,1
2017-07-01,3150,3878,GitHub/seanmonstar/num_cpus,27
2017-07-01,3150,4618,GitHub/seanmonstar/num_cpus,1
2017-07-01,4484,3071,GitHub/BurntSushi/byteorder,4
2017-07-01,4484,3195,GitHub/BurntSushi/byteorder,1
2017-07-01,4484,2928,GitHub/BurntSushi/byteorder,6
2017-07-01,4486,2868,GitHub/contain-rs/vec-map,1
2017-07-01,4486,3143,GitHub/contain-rs/vec-map,2
2017-07-01,4486,3363,GitHub/contain-rs/vec-map,1
2017-07-01,4486,209,GitHub/contain-rs/vec-map,1
2017-07-01,4486,2874,GitHub/contain-rs/vec-map,2
2017-07-01,4486,2993,GitHub/contain-rs/vec-map,3
2017-07-01,4486,3362,GitHub/contain-rs/vec-map,1
2017-07-01,4486,3193,GitHub/contain-rs/vec-map,3
2017-07-01,4486,586,GitHub/contain-rs/vec-map,6
2017-07-01,4486,3361,GitHub/contain-rs/vec-map,2
2017-07-01,4733,3599,GitHub/dtolnay/syn,1
2017-07-01,4733,2912,GitHub/dtolnay/syn,126
2017-07-01,4733,3600,GitHub/dtolnay/syn,1
2017-07-01,4733,2922,GitHub/dtolnay/syn,3
2017-07-01,4733,2867,GitHub/dtolnay/syn,10
2017-07-01,4733,3598,GitHub/dtolnay/syn,20
2017-07-01,4733,2874,GitHub/dtolnay/syn,1
2017-07-01,4733,3114,GitHub/dtolnay/syn,1
2017-07-01,4733,3597,GitHub/dtolnay/syn,2
2017-07-01,4733,3413,GitHub/dtolnay/syn,5
2017-07-01,4733,3097,GitHub/dtolnay/syn,1
2017-07-01,4733,3021,GitHub/dtolnay/syn,45
2017-07-01,6681,3472,GitHub/djc/rustc-version-rs,13
2017-07-01,6681,3476,GitHub/djc/rustc-version-rs,1
2017-07-01,6681,2927,GitHub/djc/rustc-version-rs,1
2017-07-01,6681,2921,GitHub/djc/rustc-version-rs,2
2017-07-01,7322,3824,GitHub/servo/rust-smallvec,8
2017-07-01,7322,2343,GitHub/servo/rust-smallvec,3
2017-07-01,7322,508,GitHub/servo/rust-smallvec,1
2017-07-01,7322,3438,GitHub/servo/rust-smallvec,1
2017-07-01,7322,3610,GitHub/servo/rust-smallvec,1
2017-07-01,7322,2988,GitHub/servo/rust-smallvec,10
2017-07-01,7322,4799,GitHub/servo/rust-smallvec,1
2017-07-01,7415,3043,GitHub/BurntSushi/aho-corasick,7
2017-07-01,7415,3173,GitHub/BurntSushi/aho-corasick,1
2017-07-01,12228,3878,GitHub/seanmonstar/httparse,12
2017-07-01,12228,3587,GitHub/seanmonstar/httparse,2
2017-07-01,12266,241,GitHub/bitflags/bitflags,1
2017-07-01,12266,245,GitHub/bitflags/bitflags,2
2017-07-01,12266,2912,GitHub/bitflags/bitflags,11
2017-07-01,12266,3070,GitHub/bitflags/bitflags,1
2017-07-01,12266,3077,GitHub/bitflags/bitflags,6
2017-07-01,12266,3071,GitHub/bitflags/bitflags,2
2017-07-01,12266,64,GitHub/bitflags/bitflags,2
2017-07-01,12266,3068,GitHub/bitflags/bitflags,4
2017-07-01,12266,3075,GitHub/bitflags/bitflags,1
2017-07-01,12266,3074,GitHub/bitflags/bitflags,3
2017-07-01,12266,3069,GitHub/bitflags/bitflags,1
2017-07-01,12266,3072,GitHub/bitflags/bitflags,4
2017-07-01,12266,2873,GitHub/bitflags/bitflags,2
2017-07-01,12266,3073,GitHub/bitflags/bitflags,3
2017-07-01,12266,2867,GitHub/bitflags/bitflags,25
2017-07-01,12266,3076,GitHub/bitflags/bitflags,1
2017-07-01,12842,2991,GitHub/tokio-rs/slab,1
2017-07-01,12842,2927,GitHub/tokio-rs/slab,1
2017-07-01,14306,2955,GitHub/rust-num/num-integer,1
2017-07-01,14306,3106,GitHub/rust-num/num-integer,8
2017-07-01,14306,3194,GitHub/rust-num/num-integer,1
2017-07-01,14306,2170,GitHub/rust-num/num-integer,4
2017-07-01,14306,4646,GitHub/rust-num/num-integer,20
2017-07-01,14306,27,GitHub/rust-num/num-integer,2
2017-07-01,14306,4648,GitHub/rust-num/num-integer,19
2017-07-01,14306,3205,GitHub/rust-num/num-integer,1
2017-07-01,14306,2931,GitHub/rust-num/num-integer,21
2017-07-01,14306,268,GitHub/rust-num/num-integer,1
2017-07-01,14306,4650,GitHub/rust-num/num-integer,1
2017-07-01,14306,4698,GitHub/rust-num/num-integer,22
2017-07-01,14306,2936,GitHub/rust-num/num-integer,1
2017-07-01,14306,3192,GitHub/rust-num/num-integer,3
2017-07-01,14306,4647,GitHub/rust-num/num-integer,4
2017-07-01,14306,3025,GitHub/rust-num/num-integer,32
2017-07-01,14306,3435,GitHub/rust-num/num-integer,1
2017-07-01,14306,4649,GitHub/rust-num/num-integer,6
2017-07-01,16183,4156,GitHub/rust-lang/cc-rs,1
2017-07-01,16183,4022,GitHub/rust-lang/cc-rs,1
2017-07-01,16183,2988,GitHub/rust-lang/cc-rs,1
2017-07-01,16183,2867,GitHub/rust-lang/cc-rs,49
2017-07-01,16183,4163,GitHub/rust-lang/cc-rs,1
2017-07-01,16183,3025,GitHub/rust-lang/cc-rs,1
2017-07-01,16183,4160,GitHub/rust-lang/cc-rs,1
2017-07-01,16183,3071,GitHub/rust-lang/cc-rs,5
2017-07-01,16183,4154,GitHub/rust-lang/cc-rs,1
2017-07-01,16183,4157,GitHub/rust-lang/cc-rs,1
2017-07-01,16183,2945,GitHub/rust-lang/cc-rs,1
2017-07-01,16183,4158,GitHub/rust-lang/cc-rs,2
2017-07-01,16183,4162,GitHub/rust-lang/cc-rs,2
2017-07-01,16183,4153,GitHub/rust-lang/cc-rs,1
2017-07-01,16183,4155,GitHub/rust-lang/cc-rs,1
2017-07-01,16183,3435,GitHub/rust-lang/cc-rs,1
2017-07-01,16183,4152,GitHub/rust-lang/cc-rs,1
2017-07-01,16183,209,GitHub/rust-lang/cc-rs,1
2017-07-01,16183,3145,GitHub/rust-lang/cc-rs,1
2017-07-01,16183,2921,GitHub/rust-lang/cc-rs,5
2017-07-01,16183,4151,GitHub/rust-lang/cc-rs,1
2017-07-01,16183,4159,GitHub/rust-lang/cc-rs,1
2017-07-01,16492,209,GitHub/tokio-rs/bytes,1
2017-07-01,16492,4285,GitHub/tokio-rs/bytes,1
2017-07-01,16492,3147,GitHub/tokio-rs/bytes,10
2017-07-01,16492,2991,GitHub/tokio-rs/bytes,2
2017-07-01,16492,4290,GitHub/tokio-rs/bytes,1
2017-07-01,16492,3186,GitHub/tokio-rs/bytes,1
2017-07-01,16492,2558,GitHub/tokio-rs/bytes,1
2017-07-01,16492,3878,GitHub/tokio-rs/bytes,3
2017-07-01,16492,4963,GitHub/tokio-rs/bytes,1
2017-07-01,16492,3433,GitHub/tokio-rs/bytes,52
2017-07-01,16492,3170,GitHub/tokio-rs/bytes,4
2017-07-01,16492,2867,GitHub/tokio-rs/bytes,3
2017-07-01,17630,268,GitHub/bluss/either,5
2017-07-01,17630,3133,GitHub/bluss/either,1
2017-07-01,17630,3132,GitHub/bluss/either,1
2017-07-01,18006,3431,GitHub/crossbeam-rs/crossbeam,1
2017-07-01,18006,673,GitHub/crossbeam-rs/crossbeam,1
2017-07-01,18006,2927,GitHub/crossbeam-rs/crossbeam,1
2017-07-01,18006,3428,GitHub/crossbeam-rs/crossbeam,1
2017-07-01,18006,682,GitHub/crossbeam-rs/crossbeam,1
2017-07-01,18006,3432,GitHub/crossbeam-rs/crossbeam,1
2017-07-01,18006,353,GitHub/crossbeam-rs/crossbeam,12
2017-07-01,18006,3096,GitHub/crossbeam-rs/crossbeam,5
2017-07-01,18006,3429,GitHub/crossbeam-rs/crossbeam,2
2017-07-01,18006,3433,GitHub/crossbeam-rs/crossbeam,1
2017-07-01,18006,3180,GitHub/crossbeam-rs/crossbeam,1
2017-07-01,19184,268,GitHub/bluss/scopeguard,1
2017-07-01,20410,2872,GitHub/mgeisler/textwrap,161
2017-07-01,20699,2985,GitHub/Amanieu/parking_lot,1
2017-07-01,20699,2936,GitHub/Amanieu/parking_lot,1
2017-07-01,20699,2968,GitHub/Amanieu/parking_lot,24
2017-07-01,20699,2992,GitHub/Amanieu/parking_lot,1
2017-07-01,20949,658,GitHub/Geal/nom,3
2017-07-01,20949,3765,GitHub/Geal/nom,1
2017-07-01,20949,3255,GitHub/Geal/nom,3
2017-07-01,20949,3751,GitHub/Geal/nom,1
2017-07-01,20949,1068,GitHub/Geal/nom,1
2017-07-01,20949,3739,GitHub/Geal/nom,1
2017-07-01,20949,2902,GitHub/Geal/nom,1
2017-07-01,20949,29,GitHub/Geal/nom,2
2017-07-01,20949,3753,GitHub/Geal/nom,1
2017-07-01,20949,3741,GitHub/Geal/nom,1
2017-07-01,20949,3755,GitHub/Geal/nom,3
2017-07-01,20949,3194,GitHub/Geal/nom,4
2017-07-01,20949,1060,GitHub/Geal/nom,1
2017-07-01,20949,3759,GitHub/Geal/nom,3
2017-07-01,20949,1038,GitHub/Geal/nom,5
2017-07-01,20949,3768,GitHub/Geal/nom,1
2017-07-01,20949,1043,GitHub/Geal/nom,2
2017-07-01,20949,2927,GitHub/Geal/nom,1
2017-07-01,20949,3769,GitHub/Geal/nom,1
2017-07-01,20949,1067,GitHub/Geal/nom,1
2017-07-01,20949,3760,GitHub/Geal/nom,2
2017-07-01,20949,3587,GitHub/Geal/nom,2
2017-07-01,20949,3761,GitHub/Geal/nom,4
2017-07-01,20949,3766,GitHub/Geal/nom,1
2017-07-01,20949,3214,GitHub/Geal/nom,5
2017-07-01,20949,3654,GitHub/Geal/nom,1
2017-07-01,20949,3763,GitHub/Geal/nom,1
2017-07-01,20949,3762,GitHub/Geal/nom,1
2017-07-01,20949,3651,GitHub/Geal/nom,5
2017-07-01,20949,3754,GitHub/Geal/nom,1
2017-07-01,20949,1052,GitHub/Geal/nom,1
2017-07-01,20949,1058,GitHub/Geal/nom,1
2017-07-01,20949,3756,GitHub/Geal/nom,1
2017-07-01,20949,3757,GitHub/Geal/nom,1
2017-07-01,20949,3534,GitHub/Geal/nom,119
2017-07-01,20949,3665,GitHub/Geal/nom,5
2017-07-01,20949,3764,GitHub/Geal/nom,2
2017-07-01,20949,3712,GitHub/Geal/nom,1
2017-07-01,21282,3051,GitHub/bluss/arrayvec,3
2017-07-01,21282,3092,GitHub/bluss/arrayvec,3
2017-07-01,21282,268,GitHub/bluss/arrayvec,14
2017-07-01,21282,3099,GitHub/bluss/arrayvec,5
2017-07-01,21445,1252,GitHub/marshallpierce/rust-base64,1
2017-07-01,21445,1280,GitHub/marshallpierce/rust-base64,2
2017-07-01,21445,209,GitHub/marshallpierce/rust-base64,1
2017-07-01,21445,1281,GitHub/marshallpierce/rust-base64,30
2017-07-01,21445,1279,GitHub/marshallpierce/rust-base64,6
2017-07-01,21445,1278,GitHub/marshallpierce/rust-base64,34
2017-07-01,21445,1272,GitHub/marshallpierce/rust-base64,1
2017-07-01,21445,2930,GitHub/marshallpierce/rust-base64,1
2017-07-01,21445,46,GitHub/marshallpierce/rust-base64,1
2017-07-01,21445,3936,GitHub/marshallpierce/rust-base64,2
2017-07-01,22724,2936,GitHub/rust-lang/log,1
2017-07-01,22724,3741,GitHub/rust-lang/log,1
2017-07-01,22724,2927,GitHub/rust-lang/log,1
2017-07-01,22724,3071,GitHub/rust-lang/log,4
2017-07-01,22724,2945,GitHub/rust-lang/log,8
2017-07-01,22724,4482,GitHub/rust-lang/log,1
2017-07-01,22724,1961,GitHub/rust-lang/log,6
2017-07-01,22724,4146,GitHub/rust-lang/log,5
2017-07-01,22724,3691,GitHub/rust-lang/log,2
2017-07-01,22724,3571,GitHub/rust-lang/log,3
2017-07-01,22724,3070,GitHub/rust-lang/log,2
2017-07-01,22724,4481,GitHub/rust-lang/log,2
2017-07-01,22724,64,GitHub/rust-lang/log,2
2017-07-01,22724,4479,GitHub/rust-lang/log,8
2017-07-01,22724,1953,GitHub/rust-lang/log,1
2017-07-01,22724,4149,GitHub/rust-lang/log,9
2017-07-01,22724,2867,GitHub/rust-lang/log,10
2017-07-01,22724,1962,GitHub/rust-lang/log,1
2017-07-01,22724,4480,GitHub/rust-lang/log,10
2017-07-01,22724,2912,GitHub/rust-lang/log,32
2017-07-01,22724,1928,GitHub/rust-lang/log,1
2017-07-01,22804,2874,GitHub/alexcrichton/cfg-if,1
2017-07-01,22804,2867,GitHub/alexcrichton/cfg-if,3
2017-07-01,23287,268,GitHub/rust-itertools/itertools,32
2017-07-01,23287,2927,GitHub/rust-itertools/itertools,1
2017-07-01,23287,771,GitHub/rust-itertools/itertools,6
2017-07-01,24440,3992,GitHub/ogham/rust-ansi-term,1
2017-07-01,24440,496,GitHub/ogham/rust-ansi-term,17
2017-07-01,24455,2912,GitHub/serde-rs/json,260
2017-07-01,24455,1252,GitHub/serde-rs/json,3
2017-07-01,24455,4775,GitHub/serde-rs/json,1
2017-07-01,24455,4771,GitHub/serde-rs/json,2
2017-07-01,24455,3423,GitHub/serde-rs/json,14
2017-07-01,24455,4065,GitHub/serde-rs/json,3
2017-07-01,24455,4290,GitHub/serde-rs/json,2
2017-07-01,24455,4412,GitHub/serde-rs/json,2
2017-07-01,24455,2942,GitHub/serde-rs/json,1
2017-07-01,24455,2888,GitHub/serde-rs/json,1
2017-07-01,24455,65,GitHub/serde-rs/json,13
2017-07-01,24455,4772,GitHub/serde-rs/json,1
2017-07-01,24455,4773,GitHub/serde-rs/json,3
2017-07-01,24455,2936,GitHub/serde-rs/json,3
2017-07-01,25976,3043,GitHub/rust-lang/regex,19
2017-07-01,25976,4519,GitHub/rust-lang/regex,1
2017-07-01,25976,4520,GitHub/rust-lang/regex,1
2017-07-01,25976,2047,GitHub/rust-lang/regex,1
2017-07-01,25976,4518,GitHub/rust-lang/regex,1
2017-07-01,25976,4553,GitHub/rust-lang/regex,1
2017-07-01,25976,4517,GitHub/rust-lang/regex,1
2017-07-01,25976,2961,GitHub/rust-lang/regex,1
2017-07-01,25976,3587,GitHub/rust-lang/regex,1
2017-07-01,25976,2927,GitHub/rust-lang/regex,1
2017-07-01,25976,4516,GitHub/rust-lang/regex,1
2017-07-01,25976,4552,GitHub/rust-lang/regex,1
2017-07-01,25976,3505,GitHub/rust-lang/regex,4
2017-07-01,25976,3933,GitHub/rust-lang/regex,4
2017-07-01,25976,64,GitHub/rust-lang/regex,1
2017-07-01,26074,4006,GitHub/paholg/typenum,2
2017-07-01,26074,3614,GitHub/paholg/typenum,38
2017-07-01,28336,3189,GitHub/RustCrypto/traits,23
2017-07-01,28877,3021,GitHub/unicode-rs/unicode-xid,1
2017-07-01,28877,1252,GitHub/unicode-rs/unicode-xid,1
2017-07-01,28877,3413,GitHub/unicode-rs/unicode-xid,1
2017-07-01,30968,2343,GitHub/SergioBenitez/version_check,9
2017-07-01,32560,3214,GitHub/BurntSushi/memchr,2
2017-07-01,32560,3043,GitHub/BurntSushi/memchr,2
2017-07-01,32560,2988,GitHub/BurntSushi/memchr,1
2017-07-01,33435,2912,GitHub/dtolnay/itoa,11
2017-07-01,33435,1252,GitHub/dtolnay/itoa,2
2017-07-01,34191,4042,GitHub/RustCrypto/utils,1
2017-07-01,34191,3189,GitHub/RustCrypto/utils,34
2017-07-01,34831,1703,GitHub/rust-lang/futures-rs,1
2017-07-01,34831,2867,GitHub/rust-lang/futures-rs,188
2017-07-01,34831,4286,GitHub/rust-lang/futures-rs,1
2017-07-01,34831,4280,GitHub/rust-lang/futures-rs,1
2017-07-01,34831,3891,GitHub/rust-lang/futures-rs,1
2017-07-01,34831,4279,GitHub/rust-lang/futures-rs,1
2017-07-01,34831,3433,GitHub/rust-lang/futures-rs,24
2017-07-01,34831,4276,GitHub/rust-lang/futures-rs,1
2017-07-01,34831,3883,GitHub/rust-lang/futures-rs,6
2017-07-01,34831,2256,GitHub/rust-lang/futures-rs,2
2017-07-01,34831,3637,GitHub/rust-lang/futures-rs,2
2017-07-01,34831,771,GitHub/rust-lang/futures-rs,1
2017-07-01,34831,1710,GitHub/rust-lang/futures-rs,6
2017-07-01,34831,3732,GitHub/rust-lang/futures-rs,1
2017-07-01,34831,4294,GitHub/rust-lang/futures-rs,1
2017-07-01,34831,4278,GitHub/rust-lang/futures-rs,1
2017-07-01,34831,2888,GitHub/rust-lang/futures-rs,2
2017-07-01,34831,2986,GitHub/rust-lang/futures-rs,1
2017-07-01,34831,4290,GitHub/rust-lang/futures-rs,1
2017-07-01,34831,4287,GitHub/rust-lang/futures-rs,1
2017-07-01,34831,3949,GitHub/rust-lang/futures-rs,1
2017-07-01,34831,3878,GitHub/rust-lang/futures-rs,2
2017-07-01,34831,4289,GitHub/rust-lang/futures-rs,12
2017-07-01,34831,4253,GitHub/rust-lang/futures-rs,5
2017-07-01,34831,3318,GitHub/rust-lang/futures-rs,3
2017-07-01,34831,4288,GitHub/rust-lang/futures-rs,17
2017-07-01,34831,4285,GitHub/rust-lang/futures-rs,2
2017-07-01,34831,4292,GitHub/rust-lang/futures-rs,2
2017-07-01,34831,4277,GitHub/rust-lang/futures-rs,1
2017-07-01,34831,4283,GitHub/rust-lang/futures-rs,2
2017-07-01,34831,3147,GitHub/rust-lang/futures-rs,14
2017-07-01,34831,2933,GitHub/rust-lang/futures-rs,2
2017-07-01,34831,3427,GitHub/rust-lang/futures-rs,2
2017-07-01,34831,4284,GitHub/rust-lang/futures-rs,8
2017-07-01,34831,4251,GitHub/rust-lang/futures-rs,2
2017-07-01,34831,4282,GitHub/rust-lang/futures-rs,2
2017-07-01,34831,4291,GitHub/rust-lang/futures-rs,2
2017-07-01,34831,3435,GitHub/rust-lang/futures-rs,1
2017-07-01,34831,4293,GitHub/rust-lang/futures-rs,1
2017-07-01,35574,4220,GitHub/unicode-rs/unicode-normalization,3
2017-07-01,35574,2914,GitHub/unicode-rs/unicode-normalization,2
2017-07-01,35574,3413,GitHub/unicode-rs/unicode-normalization,4
2017-07-01,35574,2874,GitHub/unicode-rs/unicode-normalization,1
2017-07-01,35574,3173,GitHub/unicode-rs/unicode-normalization,2
2017-07-01,36114,3413,GitHub/SimonSapin/rust-std-candidates,5
2017-07-01,36114,268,GitHub/SimonSapin/rust-std-candidates,4
2017-07-01,36424,2950,GitHub/steveklabnik/semver-parser,6
2017-07-01,36424,4781,GitHub/steveklabnik/semver-parser,3
2017-07-01,36424,2475,GitHub/steveklabnik/semver-parser,2
2017-07-01,36424,2074,GitHub/steveklabnik/semver-parser,2
2017-07-01,37083,3312,GitHub/BurntSushi/termcolor,5
2017-07-01,37083,3315,GitHub/BurntSushi/termcolor,1
2017-07-01,37083,3310,GitHub/BurntSushi/termcolor,1
2017-07-01,37083,3305,GitHub/BurntSushi/termcolor,7
2017-07-01,37083,3326,GitHub/BurntSushi/termcolor,1
2017-07-01,37083,541,GitHub/BurntSushi/termcolor,1
2017-07-01,37083,3013,GitHub/BurntSushi/termcolor,1
2017-07-01,37083,3308,GitHub/BurntSushi/termcolor,1
2017-07-01,37083,3263,GitHub/BurntSushi/termcolor,8
2017-07-01,37083,3302,GitHub/BurntSushi/termcolor,2
2017-07-01,37083,3314,GitHub/BurntSushi/termcolor,1
2017-07-01,37083,209,GitHub/BurntSushi/termcolor,1
2017-07-01,37083,532,GitHub/BurntSushi/termcolor,1
2017-07-01,37083,2977,GitHub/BurntSushi/termcolor,2
2017-07-01,37083,3309,GitHub/BurntSushi/termcolor,1
2017-07-01,37083,542,GitHub/BurntSushi/termcolor,1
2017-07-01,37083,528,GitHub/BurntSushi/termcolor,1
2017-07-01,37083,3322,GitHub/BurntSushi/termcolor,1
2017-07-01,37083,3318,GitHub/BurntSushi/termcolor,1
2017-07-01,37083,2927,GitHub/BurntSushi/termcolor,1
2017-07-01,37083,3319,GitHub/BurntSushi/termcolor,2
2017-07-01,37083,3321,GitHub/BurntSushi/termcolor,1
2017-07-01,37083,3303,GitHub/BurntSushi/termcolor,1
2017-07-01,37083,3236,GitHub/BurntSushi/termcolor,1
2017-07-01,37083,3313,GitHub/BurntSushi/termcolor,1
2017-07-01,37083,3324,GitHub/BurntSushi/termcolor,4
2017-07-01,37083,3311,GitHub/BurntSushi/termcolor,1
2017-07-01,37083,3262,GitHub/BurntSushi/termcolor,1
2017-07-01,37083,3327,GitHub/BurntSushi/termcolor,1
2017-07-01,37083,3323,GitHub/BurntSushi/termcolor,1
2017-07-01,37083,3325,GitHub/BurntSushi/termcolor,2
2017-07-01,37083,2867,GitHub/BurntSushi/termcolor,1
2017-07-01,37083,529,GitHub/BurntSushi/termcolor,1
2017-07-01,37083,3134,GitHub/BurntSushi/termcolor,1
2017-07-01,37083,3307,GitHub/BurntSushi/termcolor,1
2017-07-01,37083,3304,GitHub/BurntSushi/termcolor,1
2017-07-01,37083,3317,GitHub/BurntSushi/termcolor,1
2017-07-01,37083,3043,GitHub/BurntSushi/termcolor,90
2017-07-01,37083,517,GitHub/BurntSushi/termcolor,1
2017-07-01,37083,3316,GitHub/BurntSushi/termcolor,1
2017-07-01,37612,3413,GitHub/dtolnay/quote,1
2017-07-01,37612,2973,GitHub/dtolnay/quote,1
2017-07-01,37612,2867,GitHub/dtolnay/quote,3
2017-07-01,37612,3021,GitHub/dtolnay/quote,2
2017-07-01,37612,2912,GitHub/dtolnay/quote,20
2017-07-01,37612,2922,GitHub/dtolnay/quote,1
2017-07-01,37844,3043,GitHub/softprops/atty,2
2017-07-01,37844,4270,GitHub/softprops/atty,4
2017-07-01,38667,3140,GitHub/bluss/indexmap,2
2017-07-01,38667,3139,GitHub/bluss/indexmap,1
2017-07-01,38667,268,GitHub/bluss/indexmap,17
2017-07-01,38667,2954,GitHub/bluss/indexmap,1
2017-07-01,38667,3142,GitHub/bluss/indexmap,3
2017-07-01,38667,3141,GitHub/bluss/indexmap,1
2017-07-01,39779,2510,GitHub/time-rs/time,1
2017-07-01,39779,209,GitHub/time-rs/time,1
2017-07-01,39779,4063,GitHub/time-rs/time,1
2017-07-01,39779,2867,GitHub/time-rs/time,6
2017-07-01,40494,1252,GitHub/servo/unicode-bidi,1
2017-07-01,40494,3173,GitHub/servo/unicode-bidi,1
2017-07-01,40494,2914,GitHub/servo/unicode-bidi,36
2017-07-01,40494,4848,GitHub/servo/unicode-bidi,3
2017-07-01,40937,794,GitHub/dtolnay/semver,1
2017-07-01,40937,470,GitHub/dtolnay/semver,1
2017-07-01,40937,3501,GitHub/dtolnay/semver,1
2017-07-01,40937,2970,GitHub/dtolnay/semver,2
2017-07-01,40937,2950,GitHub/dtolnay/semver,8
2017-07-01,40937,2912,GitHub/dtolnay/semver,2
2017-07-01,41752,4343,GitHub/servo/rust-url,2
2017-07-01,41752,3413,GitHub/servo/rust-url,20
2017-07-01,41752,4856,GitHub/servo/rust-url,1
2017-07-01,41752,2936,GitHub/servo/rust-url,8
2017-07-01,41752,4581,GitHub/servo/rust-url,2
2017-07-01,41752,4851,GitHub/servo/rust-url,4
2017-07-01,41752,2914,GitHub/servo/rust-url,8
2017-07-01,41752,1763,GitHub/servo/rust-url,2
2017-07-01,41752,4220,GitHub/servo/rust-url,5
2017-07-01,41752,4854,GitHub/servo/rust-url,3
2017-07-01,41752,3571,GitHub/servo/rust-url,1
2017-07-01,41752,3761,GitHub/servo/rust-url,3
2017-07-01,41752,3878,GitHub/servo/rust-url,1
2017-07-01,41752,4848,GitHub/servo/rust-url,1
2017-07-01,41752,2902,GitHub/servo/rust-url,1
2017-07-01,41752,3173,GitHub/servo/rust-url,3
2017-07-01,41752,1252,GitHub/servo/rust-url,2
2017-07-01,41752,4855,GitHub/servo/rust-url,1
2017-07-01,41752,4850,GitHub/servo/rust-url,1
2017-07-01,41752,2921,GitHub/servo/rust-url,7
2017-07-01,41752,4857,GitHub/servo/rust-url,1
2017-07-01,41752,3071,GitHub/servo/rust-url,1
2017-07-01,41752,3943,GitHub/servo/rust-url,6
2017-07-01,41752,2985,GitHub/servo/rust-url,1
2017-07-01,41752,4853,GitHub/servo/rust-url,1
2017-07-01,41752,3539,GitHub/servo/rust-url,1
2017-07-01,41752,3192,GitHub/servo/rust-url,4
2017-07-01,41752,4038,GitHub/servo/rust-url,2
2017-07-01,41752,3168,GitHub/servo/rust-url,1
2017-07-01,41752,2928,GitHub/servo/rust-url,1
2017-07-01,41752,2409,GitHub/servo/rust-url,1
2017-07-01,41957,2867,GitHub/dtolnay/proc-macro2,17
2017-07-01,41957,2912,GitHub/dtolnay/proc-macro2,29
2017-07-01,41957,3021,GitHub/dtolnay/proc-macro2,4
2017-07-01,42655,2945,GitHub/rust-lang/socket2,4
2017-07-01,42655,2867,GitHub/rust-lang/socket2,10
2017-07-01,42677,3905,GitHub/withoutboats/heck,10
2017-07-01,46027,2923,GitHub/alexcrichton/toml-rs,1
2017-07-01,46027,64,GitHub/alexcrichton/toml-rs,3
2017-07-01,46027,2926,GitHub/alexcrichton/toml-rs,1
2017-07-01,46027,46,GitHub/alexcrichton/toml-rs,4
2017-07-01,46027,2921,GitHub/alexcrichton/toml-rs,5
2017-07-01,46027,2927,GitHub/alexcrichton/toml-rs,3
2017-07-01,46027,2925,GitHub/alexcrichton/toml-rs,1
2017-07-01,46027,2867,GitHub/alexcrichton/toml-rs,40
2017-07-01,46027,2918,GitHub/alexcrichton/toml-rs,1
2017-07-01,46027,2922,GitHub/alexcrichton/toml-rs,4
2017-07-01,46027,2928,GitHub/alexcrichton/toml-rs,1
2017-07-01,46027,65,GitHub/alexcrichton/toml-rs,2
2017-07-01,46027,2343,GitHub/alexcrichton/toml-rs,2
2017-07-01,46027,2920,GitHub/alexcrichton/toml-rs,1
2017-07-01,46027,2916,GitHub/alexcrichton/toml-rs,1
2017-07-01,46027,2919,GitHub/alexcrichton/toml-rs,11
2017-07-01,46027,68,GitHub/alexcrichton/toml-rs,1
2017-07-01,46027,2924,GitHub/alexcrichton/toml-rs,1
2017-07-01,46178,1547,GitHub/rust-lang-nursery/lazy-static.rs,3
2017-07-01,46178,3071,GitHub/rust-lang-nursery/lazy-static.rs,1
2017-07-01,46178,2928,GitHub/rust-lang-nursery/lazy-static.rs,1
2017-07-01,46178,2921,GitHub/rust-lang-nursery/lazy-static.rs,3
2017-07-01,46178,3472,GitHub/rust-lang-nursery/lazy-static.rs,16
2017-07-01,46178,3070,GitHub/rust-lang-nursery/lazy-static.rs,1
2017-07-01,49067,2968,GitHub/Amanieu/thread_local-rs,6
2017-07-01,49067,209,GitHub/Amanieu/thread_local-rs,1
2017-07-01,49075,2909,GitHub/rust-lang/pkg-config-rs,1
2017-07-01,49075,2867,GitHub/rust-lang/pkg-config-rs,4
2017-07-01,52465,3610,GitHub/fizyk20/generic-array,1
2017-07-01,52465,3609,GitHub/fizyk20/generic-array,1
2017-07-01,52465,3206,GitHub/fizyk20/generic-array,3
2017-07-01,52465,3608,GitHub/fizyk20/generic-array,1
2017-07-01,52465,3606,GitHub/fizyk20/generic-array,18
2017-08-01,602,4538,GitHub/unicode-rs/unicode-segmentation,3
2017-08-01,602,3173,GitHub/unicode-rs/unicode-segmentation,3
2017-08-01,602,3413,GitHub/unicode-rs/unicode-segmentation,2
2017-08-01,602,4985,GitHub/unicode-rs/unicode-segmentation,2
2017-08-01,602,4781,GitHub/unicode-rs/unicode-segmentation,7
2017-08-01,602,2988,GitHub/unicode-rs/unicode-segmentation,4
2017-08-01,626,3878,GitHub/hyperium/http,22
2017-08-01,626,3906,GitHub/hyperium/http,1
2017-08-01,626,2867,GitHub/hyperium/http,40
2017-08-01,626,3905,GitHub/hyperium/http,5
2017-08-01,626,3433,GitHub/hyperium/http,35
2017-08-01,626,3904,GitHub/hyperium/http,8
2017-08-01,3150,4618,GitHub/seanmonstar/num_cpus,1
2017-08-01,3150,2927,GitHub/seanmonstar/num_cpus,1
2017-08-01,3150,3066,GitHub/seanmonstar/num_cpus,9
2017-08-01,3150,4734,GitHub/seanmonstar/num_cpus,1
2017-08-01,3150,2930,GitHub/seanmonstar/num_cpus,1
2017-08-01,3150,4735,GitHub/seanmonstar/num_cpus,1
2017-08-01,3150,3878,GitHub/seanmonstar/num_cpus,32
2017-08-01,3150,4731,GitHub/seanmonstar/num_cpus,4
2017-08-01,4484,3189,GitHub/BurntSushi/byteorder,1
2017-08-01,4484,3043,GitHub/BurntSushi/byteorder,12
2017-08-01,4484,3071,GitHub/BurntSushi/byteorder,4
2017-08-01,4484,3194,GitHub/BurntSushi/byteorder,2
2017-08-01,4484,3195,GitHub/BurntSushi/byteorder,1
2017-08-01,4484,2872,GitHub/BurntSushi/byteorder,1
2017-08-01,4484,2928,GitHub/BurntSushi/byteorder,8
2017-08-01,4486,3361,GitHub/contain-rs/vec-map,2
2017-08-01,4486,2993,GitHub/contain-rs/vec-map,3
2017-08-01,4486,2868,GitHub/contain-rs/vec-map,1
2017-08-01,4486,3362,GitHub/contain-rs/vec-map,1
2017-08-01,4486,3363,GitHub/contain-rs/vec-map,1
2017-08-01,4486,3143,GitHub/contain-rs/vec-map,2
2017-08-01,4486,3193,GitHub/contain-rs/vec-map,4
2017-08-01,4486,2874,GitHub/contain-rs/vec-map,2
2017-08-01,4486,586,GitHub/contain-rs/vec-map,7
2017-08-01,4486,209,GitHub/contain-rs/vec-map,1
2017-08-01,4733,3413,GitHub/dtolnay/syn,5
2017-08-01,4733,2867,GitHub/dtolnay/syn,26
2017-08-01,4733,3597,GitHub/dtolnay/syn,2
2017-08-01,4733,3021,GitHub/dtolnay/syn,47
2017-08-01,4733,3114,GitHub/dtolnay/syn,1
2017-08-01,4733,2922,GitHub/dtolnay/syn,3
2017-08-01,4733,3599,GitHub/dtolnay/syn,1
2017-08-01,4733,3598,GitHub/dtolnay/syn,20
2017-08-01,4733,2874,GitHub/dtolnay/syn,1
2017-08-01,4733,2912,GitHub/dtolnay/syn,127
2017-08-01,4733,3097,GitHub/dtolnay/syn,1
2017-08-01,4733,3600,GitHub/dtolnay/syn,1
2017-08-01,6681,2921,GitHub/djc/rustc-version-rs,2
2017-08-01,6681,2872,GitHub/djc/rustc-version-rs,1
2017-08-01,6681,3472,GitHub/djc/rustc-version-rs,13
2017-08-01,6681,3476,GitHub/djc/rustc-version-rs,1
2017-08-01,6681,2927,GitHub/djc/rustc-version-rs,1
2017-08-01,7322,3438,GitHub/servo/rust-smallvec,1
2017-08-01,7322,2343,GitHub/servo/rust-smallvec,3
2017-08-01,7322,3824,GitHub/servo/rust-smallvec,8
2017-08-01,7322,508,GitHub/servo/rust-smallvec,2
2017-08-01,7322,4799,GitHub/servo/rust-smallvec,1
2017-08-01,7322,3610,GitHub/servo/rust-smallvec,1
2017-08-01,7322,2988,GitHub/servo/rust-smallvec,10
2017-08-01,7415,3043,GitHub/BurntSushi/aho-corasick,7
2017-08-01,7415,2872,GitHub/BurntSushi/aho-corasick,1
2017-08-01,7415,3173,GitHub/BurntSushi/aho-corasick,1
2017-08-01,7415,3172,GitHub/BurntSushi/aho-corasick,1
2017-08-01,12228,3587,GitHub/seanmonstar/httparse,2
2017-08-01,12228,3878,GitHub/seanmonstar/httparse,12
2017-08-01,12266,3074,GitHub/bitflags/bitflags,3
2017-08-01,12266,3068,GitHub/bitflags/bitflags,4
2017-08-01,12266,3070,GitHub/bitflags/bitflags,1
2017-08-01,12266,245,GitHub/bitflags/bitflags,2
2017-08-01,12266,241,GitHub/bitflags/bitflags,1
2017-08-01,12266,2912,GitHub/bitflags/bitflags,11
2017-08-01,12266,3071,GitHub/bitflags/bitflags,2
2017-08-01,12266,3072,GitHub/bitflags/bitflags,4
2017-08-01,12266,2873,GitHub/bitflags/bitflags,2
2017-08-01,12266,3073,GitHub/bitflags/bitflags,3
2017-08-01,12266,3069,GitHub/bitflags/bitflags,1
2017-08-01,12266,3077,GitHub/bitflags/bitflags,6
2017-08-01,12266,64,GitHub/bitflags/bitflags,2
2017-08-01,12266,3076,GitHub/bitflags/bitflags,1
2017-08-01,12266,3075,GitHub/bitflags/bitflags,1
2017-08-01,12266,2867,GitHub/bitflags/bitflags,25
2017-08-01,12842,3433,GitHub/tokio-rs/slab,1
2017-08-01,12842,2991,GitHub/tokio-rs/slab,1
2017-08-01,12842,2927,GitHub/tokio-rs/slab,1
2017-08-01,14306,3205,GitHub/rust-num/num-integer,1
2017-08-01,14306,4698,GitHub/rust-num/num-integer,22
2017-08-01,14306,2872,GitHub/rust-num/num-integer,2
2017-08-01,14306,4650,GitHub/rust-num/num-integer,1
2017-08-01,14306,3194,GitHub/rust-num/num-integer,1
2017-08-01,14306,2931,GitHub/rust-num/num-integer,21
2017-08-01,14306,4646,GitHub/rust-num/num-integer,20
2017-08-01,14306,4644,GitHub/rust-num/num-integer,3
2017-08-01,14306,3191,GitHub/rust-num/num-integer,4
2017-08-01,14306,27,GitHub/rust-num/num-integer,2
2017-08-01,14306,2170,GitHub/rust-num/num-integer,4
2017-08-01,14306,3025,GitHub/rust-num/num-integer,54
2017-08-01,14306,4647,GitHub/rust-num/num-integer,4
2017-08-01,14306,2163,GitHub/rust-num/num-integer,2
2017-08-01,14306,3106,GitHub/rust-num/num-integer,8
2017-08-01,14306,3192,GitHub/rust-num/num-integer,3
2017-08-01,14306,2955,GitHub/rust-num/num-integer,1
2017-08-01,14306,2936,GitHub/rust-num/num-integer,1
2017-08-01,14306,4649,GitHub/rust-num/num-integer,6
2017-08-01,14306,268,GitHub/rust-num/num-integer,3
2017-08-01,14306,4648,GitHub/rust-num/num-integer,19
2017-08-01,14306,4643,GitHub/rust-num/num-integer,7
2017-08-01,14306,3435,GitHub/rust-num/num-integer,1
2017-08-01,16183,3145,GitHub/rust-lang/cc-rs,1
2017-08-01,16183,2988,GitHub/rust-lang/cc-rs,1
2017-08-01,16183,4156,GitHub/rust-lang/cc-rs,1
2017-08-01,16183,4154,GitHub/rust-lang/cc-rs,1
2017-08-01,16183,3025,GitHub/rust-lang/cc-rs,1
2017-08-01,16183,64,GitHub/rust-lang/cc-rs,2
2017-08-01,16183,3571,GitHub/rust-lang/cc-rs,4
2017-08-01,16183,4152,GitHub/rust-lang/cc-rs,1
2017-08-01,16183,3070,GitHub/rust-lang/cc-rs,8
2017-08-01,16183,4163,GitHub/rust-lang/cc-rs,1
2017-08-01,16183,4155,GitHub/rust-lang/cc-rs,1
2017-08-01,16183,4146,GitHub/rust-lang/cc-rs,5
2017-08-01,16183,4148,GitHub/rust-lang/cc-rs,2
2017-08-01,16183,4151,GitHub/rust-lang/cc-rs,1
2017-08-01,16183,4153,GitHub/rust-lang/cc-rs,1
2017-08-01,16183,4159,GitHub/rust-lang/cc-rs,1
2017-08-01,16183,2921,GitHub/rust-lang/cc-rs,5
2017-08-01,16183,209,GitHub/rust-lang/cc-rs,1
2017-08-01,16183,4145,GitHub/rust-lang/cc-rs,2
2017-08-01,16183,2945,GitHub/rust-lang/cc-rs,1
2017-08-01,16183,4149,GitHub/rust-lang/cc-rs,2
2017-08-01,16183,4157,GitHub/rust-lang/cc-rs,1
2017-08-01,16183,4162,GitHub/rust-lang/cc-rs,2
2017-08-01,16183,1547,GitHub/rust-lang/cc-rs,3
2017-08-01,16183,4022,GitHub/rust-lang/cc-rs,1
2017-08-01,16183,2867,GitHub/rust-lang/cc-rs,70
2017-08-01,16183,4158,GitHub/rust-lang/cc-rs,2
2017-08-01,16183,3435,GitHub/rust-lang/cc-rs,1
2017-08-01,16183,4160,GitHub/rust-lang/cc-rs,1
2017-08-01,16183,3071,GitHub/rust-lang/cc-rs,5
2017-08-01,16183,4147,GitHub/rust-lang/cc-rs,1
2017-08-01,16492,4962,GitHub/tokio-rs/bytes,1
2017-08-01,16492,209,GitHub/tokio-rs/bytes,1
2017-08-01,16492,4963,GitHub/tokio-rs/bytes,1
2017-08-01,16492,3433,GitHub/tokio-rs/bytes,52
2017-08-01,16492,2991,GitHub/tokio-rs/bytes,2
2017-08-01,16492,2997,GitHub/tokio-rs/bytes,1
2017-08-01,16492,2867,GitHub/tokio-rs/bytes,3
2017-08-01,16492,3186,GitHub/tokio-rs/bytes,1
2017-08-01,16492,3170,GitHub/tokio-rs/bytes,4
2017-08-01,16492,3878,GitHub/tokio-rs/bytes,3
2017-08-01,16492,2558,GitHub/tokio-rs/bytes,1
2017-08-01,16492,3147,GitHub/tokio-rs/bytes,12
2017-08-01,16492,4285,GitHub/tokio-rs/bytes,1
2017-08-01,16492,4290,GitHub/tokio-rs/bytes,1
2017-08-01,16492,4961,GitHub/tokio-rs/bytes,1
2017-08-01,17630,3133,GitHub/bluss/either,1
2017-08-01,17630,2891,GitHub/bluss/either,1
2017-08-01,17630,3132,GitHub/bluss/either,1
2017-08-01,17630,268,GitHub/bluss/either,5
2017-08-01,18006,3180,GitHub/crossbeam-rs/crossbeam,1
2017-08-01,18006,682,GitHub/crossbeam-rs/crossbeam,1
2017-08-01,18006,3426,GitHub/crossbeam-rs/crossbeam,3
2017-08-01,18006,3431,GitHub/crossbeam-rs/crossbeam,1
2017-08-01,18006,3096,GitHub/crossbeam-rs/crossbeam,8
2017-08-01,18006,3429,GitHub/crossbeam-rs/crossbeam,2
2017-08-01,18006,3433,GitHub/crossbeam-rs/crossbeam,1
2017-08-01,18006,2927,GitHub/crossbeam-rs/crossbeam,1
2017-08-01,18006,3432,GitHub/crossbeam-rs/crossbeam,1
2017-08-01,18006,673,GitHub/crossbeam-rs/crossbeam,1
2017-08-01,18006,353,GitHub/crossbeam-rs/crossbeam,48
2017-08-01,18006,3428,GitHub/crossbeam-rs/crossbeam,1
2017-08-01,18006,2973,GitHub/crossbeam-rs/crossbeam,1
2017-08-01,19184,268,GitHub/bluss/scopeguard,1
2017-08-01,20410,2872,GitHub/mgeisler/textwrap,199
2017-08-01,20699,2992,GitHub/Amanieu/parking_lot,1
2017-08-01,20699,2968,GitHub/Amanieu/parking_lot,24
2017-08-01,20699,2936,GitHub/Amanieu/parking_lot,1
2017-08-01,20699,2985,GitHub/Amanieu/parking_lot,1
2017-08-01,20949,3768,GitHub/Geal/nom,1
2017-08-01,20949,1067,GitHub/Geal/nom,1
2017-08-01,20949,3753,GitHub/Geal/nom,1
2017-08-01,20949,3739,GitHub/Geal/nom,1
2017-08-01,20949,3754,GitHub/Geal/nom,1
2017-08-01,20949,658,GitHub/Geal/nom,3
2017-08-01,20949,3194,GitHub/Geal/nom,4
2017-08-01,20949,3587,GitHub/Geal/nom,2
2017-08-01,20949,3765,GitHub/Geal/nom,1
2017-08-01,20949,3762,GitHub/Geal/nom,1
2017-08-01,20949,3766,GitHub/Geal/nom,1
2017-08-01,20949,3712,GitHub/Geal/nom,1
2017-08-01,20949,3214,GitHub/Geal/nom,5
2017-08-01,20949,29,GitHub/Geal/nom,2
2017-08-01,20949,3654,GitHub/Geal/nom,1
2017-08-01,20949,3726,GitHub/Geal/nom,1
2017-08-01,20949,1068,GitHub/Geal/nom,1
2017-08-01,20949,3764,GitHub/Geal/nom,2
2017-08-01,20949,3651,GitHub/Geal/nom,5
2017-08-01,20949,3747,GitHub/Geal/nom,1
2017-08-01,20949,3665,GitHub/Geal/nom,5
2017-08-01,20949,2927,GitHub/Geal/nom,1
2017-08-01,20949,3751,GitHub/Geal/nom,1
2017-08-01,20949,3756,GitHub/Geal/nom,1
2017-08-01,20949,3769,GitHub/Geal/nom,1
2017-08-01,20949,3225,GitHub/Geal/nom,1
2017-08-01,20949,3760,GitHub/Geal/nom,2
2017-08-01,20949,1060,GitHub/Geal/nom,1
2017-08-01,20949,3255,GitHub/Geal/nom,3
2017-08-01,20949,3741,GitHub/Geal/nom,1
2017-08-01,20949,3759,GitHub/Geal/nom,3
2017-08-01,20949,3763,GitHub/Geal/nom,1
2017-08-01,20949,1038,GitHub/Geal/nom,5
2017-08-01,20949,2902,GitHub/Geal/nom,1
2017-08-01,20949,3761,GitHub/Geal/nom,4
2017-08-01,20949,1058,GitHub/Geal/nom,1
2017-08-01,20949,3757,GitHub/Geal/nom,1
2017-08-01,20949,3534,GitHub/Geal/nom,134
2017-08-01,20949,3750,GitHub/Geal/nom,1
2017-08-01,20949,3755,GitHub/Geal/nom,3
2017-08-01,20949,3646,GitHub/Geal/nom,1
2017-08-01,20949,1052,GitHub/Geal/nom,1
2017-08-01,20949,1043,GitHub/Geal/nom,2
2017-08-01,21282,3092,GitHub/bluss/arrayvec,3
2017-08-01,21282,268,GitHub/bluss/arrayvec,31
2017-08-01,21282,3099,GitHub/bluss/arrayvec,5
2017-08-01,21282,3051,GitHub/bluss/arrayvec,3
2017-08-01,21445,209,GitHub/marshallpierce/rust-base64,1
2017-08-01,21445,1280,GitHub/marshallpierce/rust-base64,2
2017-08-01,21445,46,GitHub/marshallpierce/rust-base64,1
2017-08-01,21445,2930,GitHub/marshallpierce/rust-base64,1
2017-08-01,21445,1279,GitHub/marshallpierce/rust-base64,6
2017-08-01,21445,1278,GitHub/marshallpierce/rust-base64,34
2017-08-01,21445,1252,GitHub/marshallpierce/rust-base64,1
2017-08-01,21445,1281,GitHub/marshallpierce/rust-base64,33
2017-08-01,21445,3936,GitHub/marshallpierce/rust-base64,2
2017-08-01,21445,1272,GitHub/marshallpierce/rust-base64,3
2017-08-01,22724,2912,GitHub/rust-lang/log,32
2017-08-01,22724,1953,GitHub/rust-lang/log,1
2017-08-01,22724,4149,GitHub/rust-lang/log,9
2017-08-01,22724,64,GitHub/rust-lang/log,2
2017-08-01,22724,2945,GitHub/rust-lang/log,8
2017-08-01,22724,2867,GitHub/rust-lang/log,10
2017-08-01,22724,1928,GitHub/rust-lang/log,1
2017-08-01,22724,1961,GitHub/rust-lang/log,6
2017-08-01,22724,3691,GitHub/rust-lang/log,2
2017-08-01,22724,4477,GitHub/rust-lang/log,1
2017-08-01,22724,3071,GitHub/rust-lang/log,6
2017-08-01,22724,4479,GitHub/rust-lang/log,8
2017-08-01,22724,2936,GitHub/rust-lang/log,1
2017-08-01,22724,3070,GitHub/rust-lang/log,2
2017-08-01,22724,4482,GitHub/rust-lang/log,1
2017-08-01,22724,3741,GitHub/rust-lang/log,1
2017-08-01,22724,4481,GitHub/rust-lang/log,2
2017-08-01,22724,2927,GitHub/rust-lang/log,1
2017-08-01,22724,3571,GitHub/rust-lang/log,3
2017-08-01,22724,4146,GitHub/rust-lang/log,5
2017-08-01,22724,4478,GitHub/rust-lang/log,1
2017-08-01,22724,1962,GitHub/rust-lang/log,1
2017-08-01,22724,4480,GitHub/rust-lang/log,10
2017-08-01,22804,2867,GitHub/alexcrichton/cfg-if,5
2017-08-01,22804,2872,GitHub/alexcrichton/cfg-if,1
2017-08-01,22804,2874,GitHub/alexcrichton/cfg-if,1
2017-08-01,23287,3637,GitHub/rust-itertools/itertools,1
2017-08-01,23287,268,GitHub/rust-itertools/itertools,37
2017-08-01,23287,2927,GitHub/rust-itertools/itertools,1
2017-08-01,23287,771,GitHub/rust-itertools/itertools,6
2017-08-01,24440,496,GitHub/ogham/rust-ansi-term,17
2017-08-01,24440,3992,GitHub/ogham/rust-ansi-term,1
2017-08-01,24455,4775,GitHub/serde-rs/json,1
2017-08-01,24455,4770,GitHub/serde-rs/json,1
2017-08-01,24455,2888,GitHub/serde-rs/json,1
2017-08-01,24455,4065,GitHub/serde-rs/json,3
2017-08-01,24455,3423,GitHub/serde-rs/json,14
2017-08-01,24455,4771,GitHub/serde-rs/json,2
2017-08-01,24455,65,GitHub/serde-rs/json,13
2017-08-01,24455,4412,GitHub/serde-rs/json,2
2017-08-01,24455,4772,GitHub/serde-rs/json,1
2017-08-01,24455,4773,GitHub/serde-rs/json,3
2017-08-01,24455,4290,GitHub/serde-rs/json,2
2017-08-01,24455,2942,GitHub/serde-rs/json,1
2017-08-01,24455,2936,GitHub/serde-rs/json,3
2017-08-01,24455,1252,GitHub/serde-rs/json,3
2017-08-01,24455,2912,GitHub/serde-rs/json,263
2017-08-01,25976,2927,GitHub/rust-lang/regex,1
2017-08-01,25976,4553,GitHub/rust-lang/regex,1
2017-08-01,25976,4518,GitHub/rust-lang/regex,1
2017-08-01,25976,64,GitHub/rust-lang/regex,1
2017-08-01,25976,3587,GitHub/rust-lang/regex,1
2017-08-01,25976,2961,GitHub/rust-lang/regex,1
2017-08-01,25976,4552,GitHub/rust-lang/regex,1
2017-08-01,25976,3933,GitHub/rust-lang/regex,4
2017-08-01,25976,2047,GitHub/rust-lang/regex,1
2017-08-01,25976,4517,GitHub/rust-lang/regex,1
2017-08-01,25976,4520,GitHub/rust-lang/regex,1
2017-08-01,25976,4519,GitHub/rust-lang/regex,1
2017-08-01,25976,2872,GitHub/rust-lang/regex,1
2017-08-01,25976,3505,GitHub/rust-lang/regex,4
2017-08-01,25976,4516,GitHub/rust-lang/regex,1
2017-08-01,25976,3043,GitHub/rust-lang/regex,19
2017-08-01,26074,4006,GitHub/paholg/typenum,2
2017-08-01,26074,3614,GitHub/paholg/typenum,38
2017-08-01,28336,3189,GitHub/RustCrypto/traits,24
2017-08-01,28705,2872,GitHub/dguo/strsim-rs,1
2017-08-01,28877,1252,GitHub/unicode-rs/unicode-xid,1
2017-08-01,28877,3021,GitHub/unicode-rs/unicode-xid,1
2017-08-01,28877,3413,GitHub/unicode-rs/unicode-xid,1
2017-08-01,30968,2343,GitHub/SergioBenitez/version_check,12
2017-08-01,32560,3043,GitHub/BurntSushi/memchr,2
2017-08-01,32560,2872,GitHub/BurntSushi/memchr,1
2017-08-01,32560,3214,GitHub/BurntSushi/memchr,2
2017-08-01,32560,2988,GitHub/BurntSushi/memchr,1
2017-08-01,33435,2912,GitHub/dtolnay/itoa,11
2017-08-01,33435,1252,GitHub/dtolnay/itoa,2
2017-08-01,34191,3189,GitHub/RustCrypto/utils,35
2017-08-01,34191,4042,GitHub/RustCrypto/utils,1
2017-08-01,34831,3891,GitHub/rust-lang/futures-rs,1
2017-08-01,34831,3761,GitHub/rust-lang/futures-rs,6
2017-08-01,34831,2933,GitHub/rust-lang/futures-rs,2
2017-08-01,34831,3637,GitHub/rust-lang/futures-rs,2
2017-08-01,34831,3147,GitHub/rust-lang/futures-rs,14
2017-08-01,34831,3732,GitHub/rust-lang/futures-rs,1
2017-08-01,34831,4293,GitHub/rust-lang/futures-rs,1
2017-08-01,34831,3435,GitHub/rust-lang/futures-rs,1
2017-08-01,34831,3883,GitHub/rust-lang/futures-rs,6
2017-08-01,34831,2256,GitHub/rust-lang/futures-rs,3
2017-08-01,34831,771,GitHub/rust-lang/futures-rs,1
2017-08-01,34831,3427,GitHub/rust-lang/futures-rs,2
2017-08-01,34831,4289,GitHub/rust-lang/futures-rs,12
2017-08-01,34831,4280,GitHub/rust-lang/futures-rs,1
2017-08-01,34831,2867,GitHub/rust-lang/futures-rs,210
2017-08-01,34831,4253,GitHub/rust-lang/futures-rs,5
2017-08-01,34831,4278,GitHub/rust-lang/futures-rs,1
2017-08-01,34831,4286,GitHub/rust-lang/futures-rs,1
2017-08-01,34831,1710,GitHub/rust-lang/futures-rs,6
2017-08-01,34831,3949,GitHub/rust-lang/futures-rs,1
2017-08-01,34831,2888,GitHub/rust-lang/futures-rs,2
2017-08-01,34831,4291,GitHub/rust-lang/futures-rs,2
2017-08-01,34831,4283,GitHub/rust-lang/futures-rs,2
2017-08-01,34831,4294,GitHub/rust-lang/futures-rs,1
2017-08-01,34831,4251,GitHub/rust-lang/futures-rs,2
2017-08-01,34831,4279,GitHub/rust-lang/futures-rs,1
2017-08-01,34831,2986,GitHub/rust-lang/futures-rs,1
2017-08-01,34831,4287,GitHub/rust-lang/futures-rs,1
2017-08-01,34831,3433,GitHub/rust-lang/futures-rs,24
2017-08-01,34831,4285,GitHub/rust-lang/futures-rs,2
2017-08-01,34831,4288,GitHub/rust-lang/futures-rs,17
2017-08-01,34831,2936,GitHub/rust-lang/futures-rs,6
2017-08-01,34831,4277,GitHub/rust-lang/futures-rs,1
2017-08-01,34831,4292,GitHub/rust-lang/futures-rs,2
2017-08-01,34831,3318,GitHub/rust-lang/futures-rs,3
2017-08-01,34831,4290,GitHub/rust-lang/futures-rs,1
2017-08-01,34831,4284,GitHub/rust-lang/futures-rs,8
2017-08-01,34831,3878,GitHub/rust-lang/futures-rs,2
2017-08-01,34831,1703,GitHub/rust-lang/futures-rs,1
2017-08-01,34831,4276,GitHub/rust-lang/futures-rs,2
2017-08-01,34831,4282,GitHub/rust-lang/futures-rs,2
2017-08-01,35574,3413,GitHub/unicode-rs/unicode-normalization,4
2017-08-01,35574,2874,GitHub/unicode-rs/unicode-normalization,1
2017-08-01,35574,3173,GitHub/unicode-rs/unicode-normalization,2
2017-08-01,35574,4220,GitHub/unicode-rs/unicode-normalization,3
2017-08-01,35574,2914,GitHub/unicode-rs/unicode-normalization,2
2017-08-01,36114,268,GitHub/SimonSapin/rust-std-candidates,4
2017-08-01,36114,3413,GitHub/SimonSapin/rust-std-candidates,6
2017-08-01,36424,2950,GitHub/steveklabnik/semver-parser,6
2017-08-01,36424,4781,GitHub/steveklabnik/semver-parser,3
2017-08-01,36424,2074,GitHub/steveklabnik/semver-parser,2
2017-08-01,36424,2475,GitHub/steveklabnik/semver-parser,2
2017-08-01,37083,3303,GitHub/BurntSushi/termcolor,1
2017-08-01,37083,3324,GitHub/BurntSushi/termcolor,4
2017-08-01,37083,3262,GitHub/BurntSushi/termcolor,1
2017-08-01,37083,3013,GitHub/BurntSushi/termcolor,1
2017-08-01,37083,3236,GitHub/BurntSushi/termcolor,1
2017-08-01,37083,3327,GitHub/BurntSushi/termcolor,1
2017-08-01,37083,3300,GitHub/BurntSushi/termcolor,2
2017-08-01,37083,3299,GitHub/BurntSushi/termcolor,1
2017-08-01,37083,3302,GitHub/BurntSushi/termcolor,2
2017-08-01,37083,3307,GitHub/BurntSushi/termcolor,1
2017-08-01,37083,3263,GitHub/BurntSushi/termcolor,8
2017-08-01,37083,3134,GitHub/BurntSushi/termcolor,1
2017-08-01,37083,529,GitHub/BurntSushi/termcolor,1
2017-08-01,37083,209,GitHub/BurntSushi/termcolor,2
2017-08-01,37083,3232,GitHub/BurntSushi/termcolor,13
2017-08-01,37083,2977,GitHub/BurntSushi/termcolor,2
2017-08-01,37083,3317,GitHub/BurntSushi/termcolor,1
2017-08-01,37083,3298,GitHub/BurntSushi/termcolor,1
2017-08-01,37083,528,GitHub/BurntSushi/termcolor,1
2017-08-01,37083,3301,GitHub/BurntSushi/termcolor,1
2017-08-01,37083,3043,GitHub/BurntSushi/termcolor,97
2017-08-01,37083,3308,GitHub/BurntSushi/termcolor,1
2017-08-01,37083,3326,GitHub/BurntSushi/termcolor,1
2017-08-01,37083,3319,GitHub/BurntSushi/termcolor,2
2017-08-01,37083,3310,GitHub/BurntSushi/termcolor,1
2017-08-01,37083,3315,GitHub/BurntSushi/termcolor,1
2017-08-01,37083,3325,GitHub/BurntSushi/termcolor,2
2017-08-01,37083,542,GitHub/BurntSushi/termcolor,1
2017-08-01,37083,3309,GitHub/BurntSushi/termcolor,1
2017-08-01,37083,3323,GitHub/BurntSushi/termcolor,1
2017-08-01,37083,3321,GitHub/BurntSushi/termcolor,1
2017-08-01,37083,3316,GitHub/BurntSushi/termcolor,1
2017-08-01,37083,532,GitHub/BurntSushi/termcolor,1
2017-08-01,37083,3322,GitHub/BurntSushi/termcolor,1
2017-08-01,37083,3318,GitHub/BurntSushi/termcolor,1
2017-08-01,37083,3304,GitHub/BurntSushi/termcolor,1
2017-08-01,37083,3312,GitHub/BurntSushi/termcolor,5
2017-08-01,37083,3311,GitHub/BurntSushi/termcolor,1
2017-08-01,37083,3297,GitHub/BurntSushi/termcolor,1
2017-08-01,37083,3313,GitHub/BurntSushi/termcolor,1
2017-08-01,37083,517,GitHub/BurntSushi/termcolor,1
2017-08-01,37083,510,GitHub/BurntSushi/termcolor,1
2017-08-01,37083,2927,GitHub/BurntSushi/termcolor,1
2017-08-01,37083,3314,GitHub/BurntSushi/termcolor,1
2017-08-01,37083,2867,GitHub/BurntSushi/termcolor,1
2017-08-01,37083,3305,GitHub/BurntSushi/termcolor,7
2017-08-01,37083,541,GitHub/BurntSushi/termcolor,1
2017-08-01,37083,2914,GitHub/BurntSushi/termcolor,2
2017-08-01,37612,2973,GitHub/dtolnay/quote,1
2017-08-01,37612,2867,GitHub/dtolnay/quote,7
2017-08-01,37612,3021,GitHub/dtolnay/quote,2
2017-08-01,37612,2922,GitHub/dtolnay/quote,1
2017-08-01,37612,2912,GitHub/dtolnay/quote,22
2017-08-01,37612,3413,GitHub/dtolnay/quote,1
2017-08-01,37844,4270,GitHub/softprops/atty,4
2017-08-01,37844,3043,GitHub/softprops/atty,2
2017-08-01,38667,3141,GitHub/bluss/indexmap,1
2017-08-01,38667,268,GitHub/bluss/indexmap,17
2017-08-01,38667,2954,GitHub/bluss/indexmap,1
2017-08-01,38667,3142,GitHub/bluss/indexmap,3
2017-08-01,38667,3139,GitHub/bluss/indexmap,1
2017-08-01,38667,3140,GitHub/bluss/indexmap,2
2017-08-01,39779,2867,GitHub/time-rs/time,8
2017-08-01,39779,209,GitHub/time-rs/time,1
2017-08-01,39779,2510,GitHub/time-rs/time,1
2017-08-01,39779,4063,GitHub/time-rs/time,1
2017-08-01,39779,2872,GitHub/time-rs/time,1
2017-08-01,40494,1252,GitHub/servo/unicode-bidi,1
2017-08-01,40494,4848,GitHub/servo/unicode-bidi,3
2017-08-01,40494,2872,GitHub/servo/unicode-bidi,1
2017-08-01,40494,2914,GitHub/servo/unicode-bidi,49
2017-08-01,40494,3173,GitHub/servo/unicode-bidi,1
2017-08-01,40937,3501,GitHub/dtolnay/semver,1
2017-08-01,40937,2950,GitHub/dtolnay/semver,9
2017-08-01,40937,2872,GitHub/dtolnay/semver,1
2017-08-01,40937,2912,GitHub/dtolnay/semver,2
2017-08-01,40937,470,GitHub/dtolnay/semver,1
2017-08-01,40937,2970,GitHub/dtolnay/semver,2
2017-08-01,40937,794,GitHub/dtolnay/semver,1
2017-08-01,41752,3539,GitHub/servo/rust-url,1
2017-08-01,41752,4851,GitHub/servo/rust-url,4
2017-08-01,41752,3192,GitHub/servo/rust-url,4
2017-08-01,41752,2936,GitHub/servo/rust-url,8
2017-08-01,41752,209,GitHub/servo/rust-url,2
2017-08-01,41752,2409,GitHub/servo/rust-url,1
2017-08-01,41752,3168,GitHub/servo/rust-url,1
2017-08-01,41752,3413,GitHub/servo/rust-url,21
2017-08-01,41752,4581,GitHub/servo/rust-url,2
2017-08-01,41752,1763,GitHub/servo/rust-url,2
2017-08-01,41752,3878,GitHub/servo/rust-url,1
2017-08-01,41752,2914,GitHub/servo/rust-url,11
2017-08-01,41752,2872,GitHub/servo/rust-url,1
2017-08-01,41752,4343,GitHub/servo/rust-url,2
2017-08-01,41752,3761,GitHub/servo/rust-url,3
2017-08-01,41752,4848,GitHub/servo/rust-url,1
2017-08-01,41752,64,GitHub/servo/rust-url,2
2017-08-01,41752,3943,GitHub/servo/rust-url,6
2017-08-01,41752,3173,GitHub/servo/rust-url,3
2017-08-01,41752,4038,GitHub/servo/rust-url,2
2017-08-01,41752,4854,GitHub/servo/rust-url,3
2017-08-01,41752,4850,GitHub/servo/rust-url,1
2017-08-01,41752,2928,GitHub/servo/rust-url,1
2017-08-01,41752,3571,GitHub/servo/rust-url,1
2017-08-01,41752,2921,GitHub/servo/rust-url,7
2017-08-01,41752,4857,GitHub/servo/rust-url,1
2017-08-01,41752,3071,GitHub/servo/rust-url,1
2017-08-01,41752,1252,GitHub/servo/rust-url,2
2017-08-01,41752,2985,GitHub/servo/rust-url,1
2017-08-01,41752,2902,GitHub/servo/rust-url,1
2017-08-01,41752,4856,GitHub/servo/rust-url,1
2017-08-01,41752,4855,GitHub/servo/rust-url,1
2017-08-01,41752,4853,GitHub/servo/rust-url,1
2017-08-01,41752,4220,GitHub/servo/rust-url,5
2017-08-01,41752,1716,GitHub/servo/rust-url,1
2017-08-01,41957,2867,GitHub/dtolnay/proc-macro2,28
2017-08-01,41957,3021,GitHub/dtolnay/proc-macro2,4
2017-08-01,41957,2912,GitHub/dtolnay/proc-macro2,29
2017-08-01,42655,2867,GitHub/rust-lang/socket2,13
2017-08-01,42655,2945,GitHub/rust-lang/socket2,9
2017-08-01,42677,3905,GitHub/withoutboats/heck,10
2017-08-01,46027,46,GitHub/alexcrichton/toml-rs,4
2017-08-01,46027,2915,GitHub/alexcrichton/toml-rs,19
2017-08-01,46027,65,GitHub/alexcrichton/toml-rs,2
2017-08-01,46027,2924,GitHub/alexcrichton/toml-rs,1
2017-08-01,46027,2918,GitHub/alexcrichton/toml-rs,1
2017-08-01,46027,2343,GitHub/alexcrichton/toml-rs,2
2017-08-01,46027,2867,GitHub/alexcrichton/toml-rs,49
2017-08-01,46027,2922,GitHub/alexcrichton/toml-rs,4
2017-08-01,46027,68,GitHub/alexcrichton/toml-rs,1
2017-08-01,46027,2926,GitHub/alexcrichton/toml-rs,1
2017-08-01,46027,2923,GitHub/alexcrichton/toml-rs,1
2017-08-01,46027,2928,GitHub/alexcrichton/toml-rs,1
2017-08-01,46027,2927,GitHub/alexcrichton/toml-rs,3
2017-08-01,46027,2920,GitHub/alexcrichton/toml-rs,1
2017-08-01,46027,2919,GitHub/alexcrichton/toml-rs,11
2017-08-01,46027,2925,GitHub/alexcrichton/toml-rs,1
2017-08-01,46027,64,GitHub/alexcrichton/toml-rs,3
2017-08-01,46027,2916,GitHub/alexcrichton/toml-rs,1
2017-08-01,46027,2921,GitHub/alexcrichton/toml-rs,5
2017-08-01,46178,3472,GitHub/rust-lang-nursery/lazy-static.rs,16
2017-08-01,46178,2921,GitHub/rust-lang-nursery/lazy-static.rs,3
2017-08-01,46178,3071,GitHub/rust-lang-nursery/lazy-static.rs,1
2017-08-01,46178,4630,GitHub/rust-lang-nursery/lazy-static.rs,1
2017-08-01,46178,2928,GitHub/rust-lang-nursery/lazy-static.rs,1
2017-08-01,46178,3070,GitHub/rust-lang-nursery/lazy-static.rs,1
2017-08-01,46178,4539,GitHub/rust-lang-nursery/lazy-static.rs,1
2017-08-01,46178,1547,GitHub/rust-lang-nursery/lazy-static.rs,3
2017-08-01,49067,2872,GitHub/Amanieu/thread_local-rs,1
2017-08-01,49067,209,GitHub/Amanieu/thread_local-rs,1
2017-08-01,49067,2968,GitHub/Amanieu/thread_local-rs,7
2017-08-01,49075,2872,GitHub/rust-lang/pkg-config-rs,1
2017-08-01,49075,2867,GitHub/rust-lang/pkg-config-rs,5
2017-08-01,49075,2909,GitHub/rust-lang/pkg-config-rs,1
2017-08-01,52462,2970,GitHub/Frommi/miniz_oxide,1
2017-08-01,52462,3636,GitHub/Frommi/miniz_oxide,65
2017-08-01,52465,3606,GitHub/fizyk20/generic-array,18
2017-08-01,52465,3608,GitHub/fizyk20/generic-array,1
2017-08-01,52465,3609,GitHub/fizyk20/generic-array,1
2017-08-01,52465,3610,GitHub/fizyk20/generic-array,1
2017-08-01,52465,3206,GitHub/fizyk20/generic-array,3
2017-09-01,602,3173,GitHub/unicode-rs/unicode-segmentation,3
2017-09-01,602,4538,GitHub/unicode-rs/unicode-segmentation,3
2017-09-01,602,4781,GitHub/unicode-rs/unicode-segmentation,7
2017-09-01,602,3413,GitHub/unicode-rs/unicode-segmentation,2
2017-09-01,602,4985,GitHub/unicode-rs/unicode-segmentation,2
2017-09-01,602,2988,GitHub/unicode-rs/unicode-segmentation,4
2017-09-01,626,3531,GitHub/hyperium/http,1
2017-09-01,626,3905,GitHub/hyperium/http,5
2017-09-01,626,3904,GitHub/hyperium/http,8
2017-09-01,626,3903,GitHub/hyperium/http,1
2017-09-01,626,2880,GitHub/hyperium/http,2
2017-09-01,626,3433,GitHub/hyperium/http,43
2017-09-01,626,2867,GitHub/hyperium/http,51
2017-09-01,626,3906,GitHub/hyperium/http,1
2017-09-01,626,1235,GitHub/hyperium/http,1
2017-09-01,626,2936,GitHub/hyperium/http,1
2017-09-01,626,1232,GitHub/hyperium/http,1
2017-09-01,626,3878,GitHub/hyperium/http,36
2017-09-01,3150,4735,GitHub/seanmonstar/num_cpus,1
2017-09-01,3150,4618,GitHub/seanmonstar/num_cpus,1
2017-09-01,3150,4734,GitHub/seanmonstar/num_cpus,1
2017-09-01,3150,3878,GitHub/seanmonstar/num_cpus,32
2017-09-01,3150,2930,GitHub/seanmonstar/num_cpus,1
2017-09-01,3150,2927,GitHub/seanmonstar/num_cpus,1
2017-09-01,3150,3066,GitHub/seanmonstar/num_cpus,9
2017-09-01,3150,4731,GitHub/seanmonstar/num_cpus,4
2017-09-01,4484,3043,GitHub/BurntSushi/byteorder,12
2017-09-01,4484,3189,GitHub/BurntSushi/byteorder,1
2017-09-01,4484,3195,GitHub/BurntSushi/byteorder,1
2017-09-01,4484,2872,GitHub/BurntSushi/byteorder,1
2017-09-01,4484,3194,GitHub/BurntSushi/byteorder,2
2017-09-01,4484,2928,GitHub/BurntSushi/byteorder,8
2017-09-01,4484,3071,GitHub/BurntSushi/byteorder,4
2017-09-01,4486,2993,GitHub/contain-rs/vec-map,3
2017-09-01,4486,3193,GitHub/contain-rs/vec-map,4
2017-09-01,4486,3143,GitHub/contain-rs/vec-map,2
2017-09-01,4486,209,GitHub/contain-rs/vec-map,1
2017-09-01,4486,3363,GitHub/contain-rs/vec-map,1
2017-09-01,4486,2874,GitHub/contain-rs/vec-map,2
2017-09-01,4486,3362,GitHub/contain-rs/vec-map,1
2017-09-01,4486,586,GitHub/contain-rs/vec-map,7
2017-09-01,4486,3361,GitHub/contain-rs/vec-map,2
2017-09-01,4486,2868,GitHub/contain-rs/vec-map,1
2017-09-01,4733,3021,GitHub/dtolnay/syn,47
2017-09-01,4733,2922,GitHub/dtolnay/syn,3
2017-09-01,4733,2867,GitHub/dtolnay/syn,39
2017-09-01,4733,2874,GitHub/dtolnay/syn,1
2017-09-01,4733,2912,GitHub/dtolnay/syn,127
2017-09-01,4733,3097,GitHub/dtolnay/syn,1
2017-09-01,4733,3114,GitHub/dtolnay/syn,1
2017-09-01,4733,3600,GitHub/dtolnay/syn,1
2017-09-01,4733,3599,GitHub/dtolnay/syn,1
2017-09-01,4733,3597,GitHub/dtolnay/syn,2
2017-09-01,4733,3598,GitHub/dtolnay/syn,20
2017-09-01,4733,3413,GitHub/dtolnay/syn,5
2017-09-01,6681,3472,GitHub/djc/rustc-version-rs,13
2017-09-01,6681,2927,GitHub/djc/rustc-version-rs,1
2017-09-01,6681,3476,GitHub/djc/rustc-version-rs,1
2017-09-01,6681,2872,GitHub/djc/rustc-version-rs,1
2017-09-01,6681,2921,GitHub/djc/rustc-version-rs,2
2017-09-01,7322,3824,GitHub/servo/rust-smallvec,8
2017-09-01,7322,2343,GitHub/servo/rust-smallvec,3
2017-09-01,7322,4799,GitHub/servo/rust-smallvec,1
2017-09-01,7322,3438,GitHub/servo/rust-smallvec,1
2017-09-01,7322,3610,GitHub/servo/rust-smallvec,1
2017-09-01,7322,3106,GitHub/servo/rust-smallvec,6
2017-09-01,7322,2988,GitHub/servo/rust-smallvec,11
2017-09-01,7322,508,GitHub/servo/rust-smallvec,2
2017-09-01,7415,2971,GitHub/BurntSushi/aho-corasick,1
2017-09-01,7415,3043,GitHub/BurntSushi/aho-corasick,7
2017-09-01,7415,3172,GitHub/BurntSushi/aho-corasick,1
2017-09-01,7415,3173,GitHub/BurntSushi/aho-corasick,1
2017-09-01,7415,2872,GitHub/BurntSushi/aho-corasick,1
2017-09-01,12228,3587,GitHub/seanmonstar/httparse,2
2017-09-01,12228,3878,GitHub/seanmonstar/httparse,12
2017-09-01,12266,3076,GitHub/bitflags/bitflags,1
2017-09-01,12266,2873,GitHub/bitflags/bitflags,2
2017-09-01,12266,3072,GitHub/bitflags/bitflags,4
2017-09-01,12266,64,GitHub/bitflags/bitflags,2
2017-09-01,12266,245,GitHub/bitflags/bitflags,2
2017-09-01,12266,3070,GitHub/bitflags/bitflags,1
2017-09-01,12266,3067,GitHub/bitflags/bitflags,2
2017-09-01,12266,3069,GitHub/bitflags/bitflags,1
2017-09-01,12266,3073,GitHub/bitflags/bitflags,3
2017-09-01,12266,2867,GitHub/bitflags/bitflags,26
2017-09-01,12266,2912,GitHub/bitflags/bitflags,12
2017-09-01,12266,3075,GitHub/bitflags/bitflags,1
2017-09-01,12266,3071,GitHub/bitflags/bitflags,2
2017-09-01,12266,241,GitHub/bitflags/bitflags,1
2017-09-01,12266,3077,GitHub/bitflags/bitflags,6
2017-09-01,12266,3074,GitHub/bitflags/bitflags,3
2017-09-01,12266,3068,GitHub/bitflags/bitflags,4
2017-09-01,12842,3433,GitHub/tokio-rs/slab,1
2017-09-01,12842,2927,GitHub/tokio-rs/slab,1
2017-09-01,12842,2991,GitHub/tokio-rs/slab,1
2017-09-01,14306,3192,GitHub/rust-num/num-integer,3
2017-09-01,14306,4649,GitHub/rust-num/num-integer,6
2017-09-01,14306,3106,GitHub/rust-num/num-integer,8
2017-09-01,14306,2159,GitHub/rust-num/num-integer,9
2017-09-01,14306,3435,GitHub/rust-num/num-integer,1
2017-09-01,14306,4642,GitHub/rust-num/num-integer,5
2017-09-01,14306,4647,GitHub/rust-num/num-integer,4
2017-09-01,14306,4648,GitHub/rust-num/num-integer,19
2017-09-01,14306,2931,GitHub/rust-num/num-integer,21
2017-09-01,14306,2170,GitHub/rust-num/num-integer,4
2017-09-01,14306,3191,GitHub/rust-num/num-integer,4
2017-09-01,14306,27,GitHub/rust-num/num-integer,2
2017-09-01,14306,2955,GitHub/rust-num/num-integer,1
2017-09-01,14306,3194,GitHub/rust-num/num-integer,1
2017-09-01,14306,4650,GitHub/rust-num/num-integer,1
2017-09-01,14306,4643,GitHub/rust-num/num-integer,7
2017-09-01,14306,268,GitHub/rust-num/num-integer,3
2017-09-01,14306,4372,GitHub/rust-num/num-integer,4
2017-09-01,14306,4646,GitHub/rust-num/num-integer,20
2017-09-01,14306,4644,GitHub/rust-num/num-integer,3
2017-09-01,14306,4698,GitHub/rust-num/num-integer,22
2017-09-01,14306,3205,GitHub/rust-num/num-integer,1
2017-09-01,14306,3025,GitHub/rust-num/num-integer,54
2017-09-01,14306,2936,GitHub/rust-num/num-integer,1
2017-09-01,14306,2872,GitHub/rust-num/num-integer,2
2017-09-01,14306,2163,GitHub/rust-num/num-integer,2
2017-09-01,16183,209,GitHub/rust-lang/cc-rs,1
2017-09-01,16183,4156,GitHub/rust-lang/cc-rs,1
2017-09-01,16183,4149,GitHub/rust-lang/cc-rs,2
2017-09-01,16183,4022,GitHub/rust-lang/cc-rs,1
2017-09-01,16183,1547,GitHub/rust-lang/cc-rs,3
2017-09-01,16183,4154,GitHub/rust-lang/cc-rs,1
2017-09-01,16183,4158,GitHub/rust-lang/cc-rs,2
2017-09-01,16183,4146,GitHub/rust-lang/cc-rs,5
2017-09-01,16183,3071,GitHub/rust-lang/cc-rs,5
2017-09-01,16183,4143,GitHub/rust-lang/cc-rs,1
2017-09-01,16183,4144,GitHub/rust-lang/cc-rs,1
2017-09-01,16183,4162,GitHub/rust-lang/cc-rs,2
2017-09-01,16183,3145,GitHub/rust-lang/cc-rs,1
2017-09-01,16183,4145,GitHub/rust-lang/cc-rs,10
2017-09-01,16183,2921,GitHub/rust-lang/cc-rs,5
2017-09-01,16183,4153,GitHub/rust-lang/cc-rs,1
2017-09-01,16183,3571,GitHub/rust-lang/cc-rs,4
2017-09-01,16183,2945,GitHub/rust-lang/cc-rs,1
2017-09-01,16183,3025,GitHub/rust-lang/cc-rs,1
2017-09-01,16183,4147,GitHub/rust-lang/cc-rs,1
2017-09-01,16183,64,GitHub/rust-lang/cc-rs,2
2017-09-01,16183,4142,GitHub/rust-lang/cc-rs,3
2017-09-01,16183,4148,GitHub/rust-lang/cc-rs,2
2017-09-01,16183,4152,GitHub/rust-lang/cc-rs,1
2017-09-01,16183,4160,GitHub/rust-lang/cc-rs,1
2017-09-01,16183,2867,GitHub/rust-lang/cc-rs,86
2017-09-01,16183,4155,GitHub/rust-lang/cc-rs,1
2017-09-01,16183,3435,GitHub/rust-lang/cc-rs,1
2017-09-01,16183,4163,GitHub/rust-lang/cc-rs,1
2017-09-01,16183,3070,GitHub/rust-lang/cc-rs,15
2017-09-01,16183,4151,GitHub/rust-lang/cc-rs,1
2017-09-01,16183,2988,GitHub/rust-lang/cc-rs,1
2017-09-01,16183,4157,GitHub/rust-lang/cc-rs,1
2017-09-01,16183,1539,GitHub/rust-lang/cc-rs,4
2017-09-01,16183,4159,GitHub/rust-lang/cc-rs,1
2017-09-01,16492,4961,GitHub/tokio-rs/bytes,1
2017-09-01,16492,4962,GitHub/tokio-rs/bytes,1
2017-09-01,16492,3147,GitHub/tokio-rs/bytes,12
2017-09-01,16492,3878,GitHub/tokio-rs/bytes,4
2017-09-01,16492,2558,GitHub/tokio-rs/bytes,1
2017-09-01,16492,4963,GitHub/tokio-rs/bytes,1
2017-09-01,16492,4285,GitHub/tokio-rs/bytes,1
2017-09-01,16492,3186,GitHub/tokio-rs/bytes,1
2017-09-01,16492,2867,GitHub/tokio-rs/bytes,4
2017-09-01,16492,3170,GitHub/tokio-rs/bytes,5
2017-09-01,16492,2997,GitHub/tokio-rs/bytes,1
2017-09-01,16492,2991,GitHub/tokio-rs/bytes,2
2017-09-01,16492,4804,GitHub/tokio-rs/bytes,1
2017-09-01,16492,3433,GitHub/tokio-rs/bytes,53
2017-09-01,16492,209,GitHub/tokio-rs/bytes,1
2017-09-01,16492,4290,GitHub/tokio-rs/bytes,1
2017-09-01,17630,268,GitHub/bluss/either,5
2017-09-01,17630,3132,GitHub/bluss/either,1
2017-09-01,17630,2891,GitHub/bluss/either,1
2017-09-01,17630,3133,GitHub/bluss/either,1
2017-09-01,18006,3428,GitHub/crossbeam-rs/crossbeam,1
2017-09-01,18006,673,GitHub/crossbeam-rs/crossbeam,1
2017-09-01,18006,3431,GitHub/crossbeam-rs/crossbeam,1
2017-09-01,18006,2973,GitHub/crossbeam-rs/crossbeam,1
2017-09-01,18006,3432,GitHub/crossbeam-rs/crossbeam,1
2017-09-01,18006,2936,GitHub/crossbeam-rs/crossbeam,1
2017-09-01,18006,3426,GitHub/crossbeam-rs/crossbeam,3
2017-09-01,18006,3096,GitHub/crossbeam-rs/crossbeam,14
2017-09-01,18006,353,GitHub/crossbeam-rs/crossbeam,102
2017-09-01,18006,682,GitHub/crossbeam-rs/crossbeam,1
2017-09-01,18006,3429,GitHub/crossbeam-rs/crossbeam,2
2017-09-01,18006,3433,GitHub/crossbeam-rs/crossbeam,1
2017-09-01,18006,3180,GitHub/crossbeam-rs/crossbeam,1
2017-09-01,18006,3425,GitHub/crossbeam-rs/crossbeam,2
2017-09-01,18006,2927,GitHub/crossbeam-rs/crossbeam,1
2017-09-01,19184,268,GitHub/bluss/scopeguard,1
2017-09-01,20410,1228,GitHub/mgeisler/textwrap,3
2017-09-01,20410,2872,GitHub/mgeisler/textwrap,208
2017-09-01,20699,2985,GitHub/Amanieu/parking_lot,1
2017-09-01,20699,2992,GitHub/Amanieu/parking_lot,1
2017-09-01,20699,2968,GitHub/Amanieu/parking_lot,30
2017-09-01,20699,2936,GitHub/Amanieu/parking_lot,1
2017-09-01,20949,1060,GitHub/Geal/nom,1
2017-09-01,20949,1043,GitHub/Geal/nom,3
2017-09-01,20949,3768,GitHub/Geal/nom,1
2017-09-01,20949,29,GitHub/Geal/nom,2
2017-09-01,20949,3746,GitHub/Geal/nom,2
2017-09-01,20949,3742,GitHub/Geal/nom,1
2017-09-01,20949,3665,GitHub/Geal/nom,5
2017-09-01,20949,3755,GitHub/Geal/nom,3
2017-09-01,20949,1042,GitHub/Geal/nom,1
2017-09-01,20949,3225,GitHub/Geal/nom,1
2017-09-01,20949,3194,GitHub/Geal/nom,4
2017-09-01,20949,3764,GitHub/Geal/nom,2
2017-09-01,20949,3587,GitHub/Geal/nom,2
2017-09-01,20949,3766,GitHub/Geal/nom,1
2017-09-01,20949,3214,GitHub/Geal/nom,5
2017-09-01,20949,3726,GitHub/Geal/nom,6
2017-09-01,20949,3712,GitHub/Geal/nom,1
2017-09-01,20949,3763,GitHub/Geal/nom,1
2017-09-01,20949,3765,GitHub/Geal/nom,1
2017-09-01,20949,3750,GitHub/Geal/nom,1
2017-09-01,20949,3739,GitHub/Geal/nom,1
2017-09-01,20949,3757,GitHub/Geal/nom,1
2017-09-01,20949,1058,GitHub/Geal/nom,1
2017-09-01,20949,3762,GitHub/Geal/nom,1
2017-09-01,20949,3646,GitHub/Geal/nom,1
2017-09-01,20949,3747,GitHub/Geal/nom,2
2017-09-01,20949,3769,GitHub/Geal/nom,1
2017-09-01,20949,2927,GitHub/Geal/nom,1
2017-09-01,20949,3760,GitHub/Geal/nom,2
2017-09-01,20949,3753,GitHub/Geal/nom,1
2017-09-01,20949,3651,GitHub/Geal/nom,5
2017-09-01,20949,3748,GitHub/Geal/nom,1
2017-09-01,20949,3751,GitHub/Geal/nom,1
2017-09-01,20949,3689,GitHub/Geal/nom,1
2017-09-01,20949,3754,GitHub/Geal/nom,1
2017-09-01,20949,1052,GitHub/Geal/nom,1
2017-09-01,20949,3741,GitHub/Geal/nom,1
2017-09-01,20949,3745,GitHub/Geal/nom,1
2017-09-01,20949,2902,GitHub/Geal/nom,1
2017-09-01,20949,3756,GitHub/Geal/nom,1
2017-09-01,20949,1038,GitHub/Geal/nom,5
2017-09-01,20949,1068,GitHub/Geal/nom,1
2017-09-01,20949,658,GitHub/Geal/nom,3
2017-09-01,20949,3654,GitHub/Geal/nom,1
2017-09-01,20949,3534,GitHub/Geal/nom,138
2017-09-01,20949,3759,GitHub/Geal/nom,3
2017-09-01,20949,3761,GitHub/Geal/nom,4
2017-09-01,20949,1067,GitHub/Geal/nom,1
2017-09-01,20949,3255,GitHub/Geal/nom,3
2017-09-01,21282,3051,GitHub/bluss/arrayvec,3
2017-09-01,21282,268,GitHub/bluss/arrayvec,52
2017-09-01,21282,3099,GitHub/bluss/arrayvec,5
2017-09-01,21282,3092,GitHub/bluss/arrayvec,3
2017-09-01,21445,1280,GitHub/marshallpierce/rust-base64,2
2017-09-01,21445,1252,GitHub/marshallpierce/rust-base64,1
2017-09-01,21445,1281,GitHub/marshallpierce/rust-base64,36
2017-09-01,21445,46,GitHub/marshallpierce/rust-base64,1
2017-09-01,21445,1272,GitHub/marshallpierce/rust-base64,5
2017-09-01,21445,1278,GitHub/marshallpierce/rust-base64,34
2017-09-01,21445,3936,GitHub/marshallpierce/rust-base64,2
2017-09-01,21445,2930,GitHub/marshallpierce/rust-base64,1
2017-09-01,21445,1279,GitHub/marshallpierce/rust-base64,6
2017-09-01,21445,209,GitHub/marshallpierce/rust-base64,1
2017-09-01,22724,4477,GitHub/rust-lang/log,1
2017-09-01,22724,4479,GitHub/rust-lang/log,8
2017-09-01,22724,1928,GitHub/rust-lang/log,1
2017-09-01,22724,3691,GitHub/rust-lang/log,2
2017-09-01,22724,3741,GitHub/rust-lang/log,1
2017-09-01,22724,1961,GitHub/rust-lang/log,6
2017-09-01,22724,4146,GitHub/rust-lang/log,5
2017-09-01,22724,1953,GitHub/rust-lang/log,2
2017-09-01,22724,4482,GitHub/rust-lang/log,1
2017-09-01,22724,2936,GitHub/rust-lang/log,1
2017-09-01,22724,4149,GitHub/rust-lang/log,10
2017-09-01,22724,2912,GitHub/rust-lang/log,32
2017-09-01,22724,3071,GitHub/rust-lang/log,6
2017-09-01,22724,4480,GitHub/rust-lang/log,10
2017-09-01,22724,64,GitHub/rust-lang/log,2
2017-09-01,22724,4481,GitHub/rust-lang/log,2
2017-09-01,22724,3070,GitHub/rust-lang/log,2
2017-09-01,22724,3571,GitHub/rust-lang/log,3
2017-09-01,22724,2945,GitHub/rust-lang/log,22
2017-09-01,22724,2867,GitHub/rust-lang/log,13
2017-09-01,22724,1962,GitHub/rust-lang/log,1
2017-09-01,22724,2927,GitHub/rust-lang/log,1
2017-09-01,22724,4478,GitHub/rust-lang/log,1
2017-09-01,22804,2867,GitHub/alexcrichton/cfg-if,5
2017-09-01,22804,2874,GitHub/alexcrichton/cfg-if,1
2017-09-01,22804,2872,GitHub/alexcrichton/cfg-if,1
2017-09-01,23287,3637,GitHub/rust-itertools/itertools,1
2017-09-01,23287,268,GitHub/rust-itertools/itertools,52
2017-09-01,23287,2927,GitHub/rust-itertools/itertools,3
2017-09-01,23287,4060,GitHub/rust-itertools/itertools,3
2017-09-01,23287,771,GitHub/rust-itertools/itertools,6
2017-09-01,24440,496,GitHub/ogham/rust-ansi-term,17
2017-09-01,24440,3992,GitHub/ogham/rust-ansi-term,1
2017-09-01,24455,2912,GitHub/serde-rs/json,265
2017-09-01,24455,4771,GitHub/serde-rs/json,2
2017-09-01,24455,4412,GitHub/serde-rs/json,2
2017-09-01,24455,2942,GitHub/serde-rs/json,1
2017-09-01,24455,4770,GitHub/serde-rs/json,1
2017-09-01,24455,2936,GitHub/serde-rs/json,3
2017-09-01,24455,3423,GitHub/serde-rs/json,14
2017-09-01,24455,4773,GitHub/serde-rs/json,3
2017-09-01,24455,4065,GitHub/serde-rs/json,3
2017-09-01,24455,2888,GitHub/serde-rs/json,1
2017-09-01,24455,4290,GitHub/serde-rs/json,2
2017-09-01,24455,4775,GitHub/serde-rs/json,1
2017-09-01,24455,4772,GitHub/serde-rs/json,1
2017-09-01,24455,1252,GitHub/serde-rs/json,3
2017-09-01,24455,65,GitHub/serde-rs/json,13
2017-09-01,25976,4517,GitHub/rust-lang/regex,1
2017-09-01,25976,2047,GitHub/rust-lang/regex,1
2017-09-01,25976,4516,GitHub/rust-lang/regex,1
2017-09-01,25976,2927,GitHub/rust-lang/regex,1
2017-09-01,25976,3505,GitHub/rust-lang/regex,4
2017-09-01,25976,3587,GitHub/rust-lang/regex,1
2017-09-01,25976,2872,GitHub/rust-lang/regex,1
2017-09-01,25976,4552,GitHub/rust-lang/regex,1
2017-09-01,25976,4520,GitHub/rust-lang/regex,1
2017-09-01,25976,64,GitHub/rust-lang/regex,1
2017-09-01,25976,2961,GitHub/rust-lang/regex,1
2017-09-01,25976,4518,GitHub/rust-lang/regex,1
2017-09-01,25976,3043,GitHub/rust-lang/regex,19
2017-09-01,25976,4553,GitHub/rust-lang/regex,1
2017-09-01,25976,4519,GitHub/rust-lang/regex,1
2017-09-01,25976,3933,GitHub/rust-lang/regex,4
2017-09-01,26074,3614,GitHub/paholg/typenum,38
2017-09-01,26074,4006,GitHub/paholg/typenum,2
2017-09-01,28336,3189,GitHub/RustCrypto/traits,24
2017-09-01,28705,2872,GitHub/dguo/strsim-rs,1
2017-09-01,28877,3021,GitHub/unicode-rs/unicode-xid,1
2017-09-01,28877,3413,GitHub/unicode-rs/unicode-xid,1
2017-09-01,28877,1252,GitHub/unicode-rs/unicode-xid,1
2017-09-01,30968,2343,GitHub/SergioBenitez/version_check,12
2017-09-01,32560,3214,GitHub/BurntSushi/memchr,2
2017-09-01,32560,2872,GitHub/BurntSushi/memchr,1
2017-09-01,32560,3043,GitHub/BurntSushi/memchr,2
2017-09-01,32560,2988,GitHub/BurntSushi/memchr,1
2017-09-01,33435,2912,GitHub/dtolnay/itoa,16
2017-09-01,33435,3413,GitHub/dtolnay/itoa,3
2017-09-01,33435,1252,GitHub/dtolnay/itoa,2
2017-09-01,34191,3189,GitHub/RustCrypto/utils,35
2017-09-01,34191,4042,GitHub/RustCrypto/utils,1
2017-09-01,34831,2256,GitHub/rust-lang/futures-rs,4
2017-09-01,34831,4294,GitHub/rust-lang/futures-rs,1
2017-09-01,34831,2986,GitHub/rust-lang/futures-rs,1
2017-09-01,34831,4288,GitHub/rust-lang/futures-rs,17
2017-09-01,34831,4631,GitHub/rust-lang/futures-rs,1
2017-09-01,34831,4284,GitHub/rust-lang/futures-rs,8
2017-09-01,34831,4293,GitHub/rust-lang/futures-rs,1
2017-09-01,34831,3393,GitHub/rust-lang/futures-rs,2
2017-09-01,34831,4279,GitHub/rust-lang/futures-rs,1
2017-09-01,34831,4285,GitHub/rust-lang/futures-rs,2
2017-09-01,34831,771,GitHub/rust-lang/futures-rs,1
2017-09-01,34831,2933,GitHub/rust-lang/futures-rs,2
2017-09-01,34831,4283,GitHub/rust-lang/futures-rs,2
2017-09-01,34831,4278,GitHub/rust-lang/futures-rs,1
2017-09-01,34831,4257,GitHub/rust-lang/futures-rs,2
2017-09-01,34831,2888,GitHub/rust-lang/futures-rs,2
2017-09-01,34831,3949,GitHub/rust-lang/futures-rs,1
2017-09-01,34831,4334,GitHub/rust-lang/futures-rs,1
2017-09-01,34831,3147,GitHub/rust-lang/futures-rs,14
2017-09-01,34831,3427,GitHub/rust-lang/futures-rs,2
2017-09-01,34831,2867,GitHub/rust-lang/futures-rs,251
2017-09-01,34831,3891,GitHub/rust-lang/futures-rs,1
2017-09-01,34831,2980,GitHub/rust-lang/futures-rs,1
2017-09-01,34831,4276,GitHub/rust-lang/futures-rs,2
2017-09-01,34831,4286,GitHub/rust-lang/futures-rs,1
2017-09-01,34831,3637,GitHub/rust-lang/futures-rs,2
2017-09-01,34831,4291,GitHub/rust-lang/futures-rs,2
2017-09-01,34831,4287,GitHub/rust-lang/futures-rs,1
2017-09-01,34831,4289,GitHub/rust-lang/futures-rs,12
2017-09-01,34831,4292,GitHub/rust-lang/futures-rs,2
2017-09-01,34831,4277,GitHub/rust-lang/futures-rs,1
2017-09-01,34831,4333,GitHub/rust-lang/futures-rs,1
2017-09-01,34831,3435,GitHub/rust-lang/futures-rs,1
2017-09-01,34831,3883,GitHub/rust-lang/futures-rs,6
2017-09-01,34831,4253,GitHub/rust-lang/futures-rs,5
2017-09-01,34831,1710,GitHub/rust-lang/futures-rs,6
2017-09-01,34831,4290,GitHub/rust-lang/futures-rs,1
2017-09-01,34831,4282,GitHub/rust-lang/futures-rs,2
2017-09-01,34831,4280,GitHub/rust-lang/futures-rs,1
2017-09-01,34831,2936,GitHub/rust-lang/futures-rs,6
2017-09-01,34831,3433,GitHub/rust-lang/futures-rs,27
2017-09-01,34831,3761,GitHub/rust-lang/futures-rs,9
2017-09-01,34831,4251,GitHub/rust-lang/futures-rs,4
2017-09-01,34831,3318,GitHub/rust-lang/futures-rs,3
2017-09-01,34831,3878,GitHub/rust-lang/futures-rs,2
2017-09-01,34831,3732,GitHub/rust-lang/futures-rs,1
2017-09-01,34831,1703,GitHub/rust-lang/futures-rs,1
2017-09-01,35574,2874,GitHub/unicode-rs/unicode-normalization,1
2017-09-01,35574,3173,GitHub/unicode-rs/unicode-normalization,2
2017-09-01,35574,4220,GitHub/unicode-rs/unicode-normalization,3
2017-09-01,35574,2914,GitHub/unicode-rs/unicode-normalization,2
2017-09-01,35574,3413,GitHub/unicode-rs/unicode-normalization,4
2017-09-01,36114,268,GitHub/SimonSapin/rust-std-candidates,4
2017-09-01,36114,3413,GitHub/SimonSapin/rust-std-candidates,6
2017-09-01,36424,2950,GitHub/steveklabnik/semver-parser,6
2017-09-01,36424,2074,GitHub/steveklabnik/semver-parser,2
2017-09-01,36424,2475,GitHub/steveklabnik/semver-parser,2
2017-09-01,36424,4781,GitHub/steveklabnik/semver-parser,3
2017-09-01,37083,3318,GitHub/BurntSushi/termcolor,1
2017-09-01,37083,3323,GitHub/BurntSushi/termcolor,1
2017-09-01,37083,3325,GitHub/BurntSushi/termcolor,2
2017-09-01,37083,3322,GitHub/BurntSushi/termcolor,1
2017-09-01,37083,542,GitHub/BurntSushi/termcolor,1
2017-09-01,37083,529,GitHub/BurntSushi/termcolor,1
2017-09-01,37083,3294,GitHub/BurntSushi/termcolor,2
2017-09-01,37083,3134,GitHub/BurntSushi/termcolor,1
2017-09-01,37083,3304,GitHub/BurntSushi/termcolor,1
2017-09-01,37083,517,GitHub/BurntSushi/termcolor,1
2017-09-01,37083,3302,GitHub/BurntSushi/termcolor,2
2017-09-01,37083,3326,GitHub/BurntSushi/termcolor,1
2017-09-01,37083,3315,GitHub/BurntSushi/termcolor,1
2017-09-01,37083,3043,GitHub/BurntSushi/termcolor,113
2017-09-01,37083,3312,GitHub/BurntSushi/termcolor,5
2017-09-01,37083,3300,GitHub/BurntSushi/termcolor,2
2017-09-01,37083,482,GitHub/BurntSushi/termcolor,1
2017-09-01,37083,3305,GitHub/BurntSushi/termcolor,7
2017-09-01,37083,541,GitHub/BurntSushi/termcolor,1
2017-09-01,37083,3316,GitHub/BurntSushi/termcolor,1
2017-09-01,37083,3013,GitHub/BurntSushi/termcolor,1
2017-09-01,37083,3262,GitHub/BurntSushi/termcolor,1
2017-09-01,37083,2914,GitHub/BurntSushi/termcolor,2
2017-09-01,37083,3313,GitHub/BurntSushi/termcolor,1
2017-09-01,37083,508,GitHub/BurntSushi/termcolor,1
2017-09-01,37083,3232,GitHub/BurntSushi/termcolor,14
2017-09-01,37083,532,GitHub/BurntSushi/termcolor,1
2017-09-01,37083,3309,GitHub/BurntSushi/termcolor,1
2017-09-01,37083,3298,GitHub/BurntSushi/termcolor,1
2017-09-01,37083,3270,GitHub/BurntSushi/termcolor,1
2017-09-01,37083,528,GitHub/BurntSushi/termcolor,1
2017-09-01,37083,3314,GitHub/BurntSushi/termcolor,1
2017-09-01,37083,3308,GitHub/BurntSushi/termcolor,1
2017-09-01,37083,3319,GitHub/BurntSushi/termcolor,2
2017-09-01,37083,3321,GitHub/BurntSushi/termcolor,1
2017-09-01,37083,3327,GitHub/BurntSushi/termcolor,1
2017-09-01,37083,3310,GitHub/BurntSushi/termcolor,1
2017-09-01,37083,3263,GitHub/BurntSushi/termcolor,8
2017-09-01,37083,2867,GitHub/BurntSushi/termcolor,1
2017-09-01,37083,3299,GitHub/BurntSushi/termcolor,1
2017-09-01,37083,209,GitHub/BurntSushi/termcolor,2
2017-09-01,37083,2977,GitHub/BurntSushi/termcolor,2
2017-09-01,37083,3186,GitHub/BurntSushi/termcolor,1
2017-09-01,37083,3293,GitHub/BurntSushi/termcolor,1
2017-09-01,37083,2927,GitHub/BurntSushi/termcolor,1
2017-09-01,37083,3301,GitHub/BurntSushi/termcolor,1
2017-09-01,37083,3296,GitHub/BurntSushi/termcolor,1
2017-09-01,37083,3303,GitHub/BurntSushi/termcolor,1
2017-09-01,37083,3236,GitHub/BurntSushi/termcolor,1
2017-09-01,37083,3307,GitHub/BurntSushi/termcolor,1
2017-09-01,37083,3297,GitHub/BurntSushi/termcolor,1
2017-09-01,37083,3311,GitHub/BurntSushi/termcolor,1
2017-09-01,37083,3317,GitHub/BurntSushi/termcolor,1
2017-09-01,37083,3324,GitHub/BurntSushi/termcolor,4
2017-09-01,37083,510,GitHub/BurntSushi/termcolor,1
2017-09-01,37612,2973,GitHub/dtolnay/quote,1
2017-09-01,37612,2867,GitHub/dtolnay/quote,7
2017-09-01,37612,2912,GitHub/dtolnay/quote,22
2017-09-01,37612,3413,GitHub/dtolnay/quote,1
2017-09-01,37612,2922,GitHub/dtolnay/quote,1
2017-09-01,37612,3021,GitHub/dtolnay/quote,2
2017-09-01,37844,3043,GitHub/softprops/atty,2
2017-09-01,37844,4270,GitHub/softprops/atty,12
2017-09-01,37844,3377,GitHub/softprops/atty,2
2017-09-01,37844,4735,GitHub/softprops/atty,1
2017-09-01,38667,3142,GitHub/bluss/indexmap,3
2017-09-01,38667,3140,GitHub/bluss/indexmap,2
2017-09-01,38667,2954,GitHub/bluss/indexmap,1
2017-09-01,38667,268,GitHub/bluss/indexmap,27
2017-09-01,38667,3141,GitHub/bluss/indexmap,1
2017-09-01,38667,3139,GitHub/bluss/indexmap,3
2017-09-01,39779,209,GitHub/time-rs/time,1
2017-09-01,39779,2510,GitHub/time-rs/time,1
2017-09-01,39779,4063,GitHub/time-rs/time,1
2017-09-01,39779,2872,GitHub/time-rs/time,1
2017-09-01,39779,2867,GitHub/time-rs/time,8
2017-09-01,40494,2988,GitHub/servo/unicode-bidi,2
2017-09-01,40494,1252,GitHub/servo/unicode-bidi,1
2017-09-01,40494,2872,GitHub/servo/unicode-bidi,1
2017-09-01,40494,3173,GitHub/servo/unicode-bidi,1
2017-09-01,40494,4848,GitHub/servo/unicode-bidi,3
2017-09-01,40494,2914,GitHub/servo/unicode-bidi,49
2017-09-01,40937,794,GitHub/dtolnay/semver,1
2017-09-01,40937,2911,GitHub/dtolnay/semver,1
2017-09-01,40937,2912,GitHub/dtolnay/semver,2
2017-09-01,40937,3531,GitHub/dtolnay/semver,2
2017-09-01,40937,3501,GitHub/dtolnay/semver,1
2017-09-01,40937,2872,GitHub/dtolnay/semver,1
2017-09-01,40937,2950,GitHub/dtolnay/semver,15
2017-09-01,40937,2970,GitHub/dtolnay/semver,2
2017-09-01,40937,470,GitHub/dtolnay/semver,1
2017-09-01,41752,4848,GitHub/servo/rust-url,1
2017-09-01,41752,3943,GitHub/servo/rust-url,6
2017-09-01,41752,2936,GitHub/servo/rust-url,8
2017-09-01,41752,3168,GitHub/servo/rust-url,1
2017-09-01,41752,3539,GitHub/servo/rust-url,1
2017-09-01,41752,3192,GitHub/servo/rust-url,4
2017-09-01,41752,4856,GitHub/servo/rust-url,1
2017-09-01,41752,4581,GitHub/servo/rust-url,2
2017-09-01,41752,1763,GitHub/servo/rust-url,2
2017-09-01,41752,2902,GitHub/servo/rust-url,1
2017-09-01,41752,64,GitHub/servo/rust-url,2
2017-09-01,41752,4220,GitHub/servo/rust-url,5
2017-09-01,41752,2872,GitHub/servo/rust-url,1
2017-09-01,41752,2409,GitHub/servo/rust-url,1
2017-09-01,41752,3571,GitHub/servo/rust-url,1
2017-09-01,41752,4847,GitHub/servo/rust-url,2
2017-09-01,41752,4854,GitHub/servo/rust-url,3
2017-09-01,41752,3413,GitHub/servo/rust-url,21
2017-09-01,41752,3173,GitHub/servo/rust-url,3
2017-09-01,41752,1252,GitHub/servo/rust-url,2
2017-09-01,41752,4853,GitHub/servo/rust-url,1
2017-09-01,41752,1716,GitHub/servo/rust-url,1
2017-09-01,41752,2921,GitHub/servo/rust-url,7
2017-09-01,41752,4850,GitHub/servo/rust-url,1
2017-09-01,41752,4343,GitHub/servo/rust-url,2
2017-09-01,41752,209,GitHub/servo/rust-url,2
2017-09-01,41752,3878,GitHub/servo/rust-url,1
2017-09-01,41752,4857,GitHub/servo/rust-url,1
2017-09-01,41752,2985,GitHub/servo/rust-url,1
2017-09-01,41752,4855,GitHub/servo/rust-url,1
2017-09-01,41752,2928,GitHub/servo/rust-url,1
2017-09-01,41752,4851,GitHub/servo/rust-url,4
2017-09-01,41752,2914,GitHub/servo/rust-url,11
2017-09-01,41752,4038,GitHub/servo/rust-url,2
2017-09-01,41752,3761,GitHub/servo/rust-url,3
2017-09-01,41752,3071,GitHub/servo/rust-url,1
2017-09-01,41957,2976,GitHub/dtolnay/proc-macro2,1
2017-09-01,41957,2912,GitHub/dtolnay/proc-macro2,29
2017-09-01,41957,2867,GitHub/dtolnay/proc-macro2,32
2017-09-01,41957,3021,GitHub/dtolnay/proc-macro2,4
2017-09-01,42655,2867,GitHub/rust-lang/socket2,16
2017-09-01,42655,2945,GitHub/rust-lang/socket2,12
2017-09-01,42677,3170,GitHub/withoutboats/heck,1
2017-09-01,42677,3905,GitHub/withoutboats/heck,12
2017-09-01,46027,2915,GitHub/alexcrichton/toml-rs,22
2017-09-01,46027,2921,GitHub/alexcrichton/toml-rs,5
2017-09-01,46027,2918,GitHub/alexcrichton/toml-rs,1
2017-09-01,46027,2928,GitHub/alexcrichton/toml-rs,1
2017-09-01,46027,68,GitHub/alexcrichton/toml-rs,1
2017-09-01,46027,46,GitHub/alexcrichton/toml-rs,4
2017-09-01,46027,64,GitHub/alexcrichton/toml-rs,3
2017-09-01,46027,2924,GitHub/alexcrichton/toml-rs,1
2017-09-01,46027,2922,GitHub/alexcrichton/toml-rs,4
2017-09-01,46027,2867,GitHub/alexcrichton/toml-rs,54
2017-09-01,46027,2920,GitHub/alexcrichton/toml-rs,1
2017-09-01,46027,2926,GitHub/alexcrichton/toml-rs,1
2017-09-01,46027,2916,GitHub/alexcrichton/toml-rs,1
2017-09-01,46027,2919,GitHub/alexcrichton/toml-rs,11
2017-09-01,46027,2927,GitHub/alexcrichton/toml-rs,3
2017-09-01,46027,65,GitHub/alexcrichton/toml-rs,2
2017-09-01,46027,2925,GitHub/alexcrichton/toml-rs,1
2017-09-01,46027,2923,GitHub/alexcrichton/toml-rs,1
2017-09-01,46027,2343,GitHub/alexcrichton/toml-rs,2
2017-09-01,46178,1547,GitHub/rust-lang-nursery/lazy-static.rs,3
2017-09-01,46178,2928,GitHub/rust-lang-nursery/lazy-static.rs,1
2017-09-01,46178,2921,GitHub/rust-lang-nursery/lazy-static.rs,3
2017-09-01,46178,3071,GitHub/rust-lang-nursery/lazy-static.rs,1
2017-09-01,46178,4539,GitHub/rust-lang-nursery/lazy-static.rs,1
2017-09-01,46178,4630,GitHub/rust-lang-nursery/lazy-static.rs,1
2017-09-01,46178,3070,GitHub/rust-lang-nursery/lazy-static.rs,1
2017-09-01,46178,3472,GitHub/rust-lang-nursery/lazy-static.rs,16
2017-09-01,49067,2872,GitHub/Amanieu/thread_local-rs,1
2017-09-01,49067,209,GitHub/Amanieu/thread_local-rs,1
2017-09-01,49067,2968,GitHub/Amanieu/thread_local-rs,7
2017-09-01,49075,2909,GitHub/rust-lang/pkg-config-rs,1
2017-09-01,49075,2867,GitHub/rust-lang/pkg-config-rs,5
2017-09-01,49075,2872,GitHub/rust-lang/pkg-config-rs,1
2017-09-01,52462,2970,GitHub/Frommi/miniz_oxide,1
2017-09-01,52462,898,GitHub/Frommi/miniz_oxide,18
2017-09-01,52462,3636,GitHub/Frommi/miniz_oxide,125
2017-09-01,52465,3609,GitHub/fizyk20/generic-array,1
2017-09-01,52465,3608,GitHub/fizyk20/generic-array,1
2017-09-01,52465,3607,GitHub/fizyk20/generic-array,7
2017-09-01,52465,3206,GitHub/fizyk20/generic-array,3
2017-09-01,52465,3610,GitHub/fizyk20/generic-array,1
2017-09-01,52465,3606,GitHub/fizyk20/generic-array,18
2017-10-01,602,4781,GitHub/unicode-rs/unicode-segmentation,7
2017-10-01,602,3413,GitHub/unicode-rs/unicode-segmentation,2
2017-10-01,602,4985,GitHub/unicode-rs/unicode-segmentation,2
2017-10-01,602,3173,GitHub/unicode-rs/unicode-segmentation,3
2017-10-01,602,2988,GitHub/unicode-rs/unicode-segmentation,5
2017-10-01,602,4538,GitHub/unicode-rs/unicode-segmentation,3
2017-10-01,626,1230,GitHub/hyperium/http,1
2017-10-01,626,1235,GitHub/hyperium/http,1
2017-10-01,626,2880,GitHub/hyperium/http,2
2017-10-01,626,3531,GitHub/hyperium/http,1
2017-10-01,626,3903,GitHub/hyperium/http,1
2017-10-01,626,3905,GitHub/hyperium/http,5
2017-10-01,626,2936,GitHub/hyperium/http,1
2017-10-01,626,2867,GitHub/hyperium/http,52
2017-10-01,626,3906,GitHub/hyperium/http,1
2017-10-01,626,1232,GitHub/hyperium/http,1
2017-10-01,626,3878,GitHub/hyperium/http,38
2017-10-01,626,3433,GitHub/hyperium/http,45
2017-10-01,626,3904,GitHub/hyperium/http,8
2017-10-01,3150,2927,GitHub/seanmonstar/num_cpus,1
2017-10-01,3150,3878,GitHub/seanmonstar/num_cpus,36
2017-10-01,3150,3066,GitHub/seanmonstar/num_cpus,9
2017-10-01,3150,2276,GitHub/seanmonstar/num_cpus,1
2017-10-01,3150,2930,GitHub/seanmonstar/num_cpus,1
2017-10-01,3150,4731,GitHub/seanmonstar/num_cpus,4
2017-10-01,3150,4618,GitHub/seanmonstar/num_cpus,1
2017-10-01,3150,4735,GitHub/seanmonstar/num_cpus,1
2017-10-01,3150,4734,GitHub/seanmonstar/num_cpus,1
2017-10-01,3509,2606,GitHub/unicode-rs/unicode-width,1
2017-10-01,4484,2872,GitHub/BurntSushi/byteorder,1
2017-10-01,4484,3071,GitHub/BurntSushi/byteorder,4
2017-10-01,4484,3194,GitHub/BurntSushi/byteorder,2
2017-10-01,4484,3195,GitHub/BurntSushi/byteorder,1
2017-10-01,4484,3189,GitHub/BurntSushi/byteorder,1
2017-10-01,4484,3043,GitHub/BurntSushi/byteorder,12
2017-10-01,4484,2928,GitHub/BurntSushi/byteorder,8
2017-10-01,4486,2993,GitHub/contain-rs/vec-map,3
2017-10-01,4486,3363,GitHub/contain-rs/vec-map,1
2017-10-01,4486,3362,GitHub/contain-rs/vec-map,1
2017-10-01,4486,2868,GitHub/contain-rs/vec-map,1
2017-10-01,4486,2874,GitHub/contain-rs/vec-map,2
2017-10-01,4486,586,GitHub/contain-rs/vec-map,7
2017-10-01,4486,3143,GitHub/contain-rs/vec-map,2
2017-10-01,4486,209,GitHub/contain-rs/vec-map,1
2017-10-01,4486,3361,GitHub/contain-rs/vec-map,2
2017-10-01,4486,3193,GitHub/contain-rs/vec-map,4
2017-10-01,4733,3413,GitHub/dtolnay/syn,5
2017-10-01,4733,3598,GitHub/dtolnay/syn,20
2017-10-01,4733,3600,GitHub/dtolnay/syn,1
2017-10-01,4733,2922,GitHub/dtolnay/syn,3
2017-10-01,4733,3114,GitHub/dtolnay/syn,1
2017-10-01,4733,3597,GitHub/dtolnay/syn,2
2017-10-01,4733,3097,GitHub/dtolnay/syn,1
2017-10-01,4733,3599,GitHub/dtolnay/syn,1
2017-10-01,4733,2874,GitHub/dtolnay/syn,1
2017-10-01,4733,2912,GitHub/dtolnay/syn,127
2017-10-01,4733,2867,GitHub/dtolnay/syn,39
2017-10-01,4733,3021,GitHub/dtolnay/syn,47
2017-10-01,6681,2872,GitHub/djc/rustc-version-rs,1
2017-10-01,6681,2921,GitHub/djc/rustc-version-rs,2
2017-10-01,6681,3476,GitHub/djc/rustc-version-rs,1
2017-10-01,6681,3472,GitHub/djc/rustc-version-rs,13
2017-10-01,6681,2927,GitHub/djc/rustc-version-rs,1
2017-10-01,7322,508,GitHub/servo/rust-smallvec,2
2017-10-01,7322,3610,GitHub/servo/rust-smallvec,1
2017-10-01,7322,4246,GitHub/servo/rust-smallvec,3
2017-10-01,7322,4799,GitHub/servo/rust-smallvec,1
2017-10-01,7322,2988,GitHub/servo/rust-smallvec,15
2017-10-01,7322,3438,GitHub/servo/rust-smallvec,1
2017-10-01,7322,3106,GitHub/servo/rust-smallvec,6
2017-10-01,7322,3824,GitHub/servo/rust-smallvec,8
2017-10-01,7322,2343,GitHub/servo/rust-smallvec,3
2017-10-01,7415,3173,GitHub/BurntSushi/aho-corasick,1
2017-10-01,7415,3043,GitHub/BurntSushi/aho-corasick,7
2017-10-01,7415,3172,GitHub/BurntSushi/aho-corasick,1
2017-10-01,7415,2971,GitHub/BurntSushi/aho-corasick,1
2017-10-01,7415,2872,GitHub/BurntSushi/aho-corasick,1
2017-10-01,12228,3587,GitHub/seanmonstar/httparse,2
2017-10-01,12228,3878,GitHub/seanmonstar/httparse,12
2017-10-01,12266,64,GitHub/bitflags/bitflags,2
2017-10-01,12266,3071,GitHub/bitflags/bitflags,2
2017-10-01,12266,3072,GitHub/bitflags/bitflags,4
2017-10-01,12266,3068,GitHub/bitflags/bitflags,6
2017-10-01,12266,3070,GitHub/bitflags/bitflags,1
2017-10-01,12266,2968,GitHub/bitflags/bitflags,1
2017-10-01,12266,3075,GitHub/bitflags/bitflags,1
2017-10-01,12266,3074,GitHub/bitflags/bitflags,3
2017-10-01,12266,3077,GitHub/bitflags/bitflags,6
2017-10-01,12266,2873,GitHub/bitflags/bitflags,2
2017-10-01,12266,2912,GitHub/bitflags/bitflags,12
2017-10-01,12266,3076,GitHub/bitflags/bitflags,1
2017-10-01,12266,3069,GitHub/bitflags/bitflags,1
2017-10-01,12266,3073,GitHub/bitflags/bitflags,3
2017-10-01,12266,3067,GitHub/bitflags/bitflags,5
2017-10-01,12266,241,GitHub/bitflags/bitflags,1
2017-10-01,12266,2867,GitHub/bitflags/bitflags,33
2017-10-01,12266,245,GitHub/bitflags/bitflags,2
2017-10-01,12842,4976,GitHub/tokio-rs/slab,1
2017-10-01,12842,2991,GitHub/tokio-rs/slab,1
2017-10-01,12842,2927,GitHub/tokio-rs/slab,1
2017-10-01,12842,3433,GitHub/tokio-rs/slab,1
2017-10-01,14306,3205,GitHub/rust-num/num-integer,1
2017-10-01,14306,4647,GitHub/rust-num/num-integer,4
2017-10-01,14306,3435,GitHub/rust-num/num-integer,1
2017-10-01,14306,4643,GitHub/rust-num/num-integer,7
2017-10-01,14306,268,GitHub/rust-num/num-integer,3
2017-10-01,14306,3194,GitHub/rust-num/num-integer,1
2017-10-01,14306,2872,GitHub/rust-num/num-integer,2
2017-10-01,14306,4650,GitHub/rust-num/num-integer,1
2017-10-01,14306,27,GitHub/rust-num/num-integer,2
2017-10-01,14306,4644,GitHub/rust-num/num-integer,3
2017-10-01,14306,3106,GitHub/rust-num/num-integer,8
2017-10-01,14306,4698,GitHub/rust-num/num-integer,22
2017-10-01,14306,3025,GitHub/rust-num/num-integer,67
2017-10-01,14306,2955,GitHub/rust-num/num-integer,1
2017-10-01,14306,2170,GitHub/rust-num/num-integer,4
2017-10-01,14306,4648,GitHub/rust-num/num-integer,19
2017-10-01,14306,4649,GitHub/rust-num/num-integer,6
2017-10-01,14306,2931,GitHub/rust-num/num-integer,21
2017-10-01,14306,4372,GitHub/rust-num/num-integer,10
2017-10-01,14306,4646,GitHub/rust-num/num-integer,20
2017-10-01,14306,3192,GitHub/rust-num/num-integer,3
2017-10-01,14306,2163,GitHub/rust-num/num-integer,2
2017-10-01,14306,4642,GitHub/rust-num/num-integer,6
2017-10-01,14306,3191,GitHub/rust-num/num-integer,4
2017-10-01,14306,2159,GitHub/rust-num/num-integer,9
2017-10-01,14306,2936,GitHub/rust-num/num-integer,1
2017-10-01,16183,4155,GitHub/rust-lang/cc-rs,1
2017-10-01,16183,4156,GitHub/rust-lang/cc-rs,1
2017-10-01,16183,1536,GitHub/rust-lang/cc-rs,1
2017-10-01,16183,4119,GitHub/rust-lang/cc-rs,4
2017-10-01,16183,3145,GitHub/rust-lang/cc-rs,1
2017-10-01,16183,4158,GitHub/rust-lang/cc-rs,2
2017-10-01,16183,4159,GitHub/rust-lang/cc-rs,1
2017-10-01,16183,4145,GitHub/rust-lang/cc-rs,10
2017-10-01,16183,2921,GitHub/rust-lang/cc-rs,5
2017-10-01,16183,4144,GitHub/rust-lang/cc-rs,1
2017-10-01,16183,2945,GitHub/rust-lang/cc-rs,1
2017-10-01,16183,4135,GitHub/rust-lang/cc-rs,1
2017-10-01,16183,2867,GitHub/rust-lang/cc-rs,98
2017-10-01,16183,3070,GitHub/rust-lang/cc-rs,15
2017-10-01,16183,4143,GitHub/rust-lang/cc-rs,1
2017-10-01,16183,3025,GitHub/rust-lang/cc-rs,1
2017-10-01,16183,4022,GitHub/rust-lang/cc-rs,1
2017-10-01,16183,4163,GitHub/rust-lang/cc-rs,1
2017-10-01,16183,4157,GitHub/rust-lang/cc-rs,1
2017-10-01,16183,4147,GitHub/rust-lang/cc-rs,1
2017-10-01,16183,64,GitHub/rust-lang/cc-rs,2
2017-10-01,16183,4142,GitHub/rust-lang/cc-rs,3
2017-10-01,16183,4152,GitHub/rust-lang/cc-rs,1
2017-10-01,16183,3571,GitHub/rust-lang/cc-rs,4
2017-10-01,16183,4153,GitHub/rust-lang/cc-rs,1
2017-10-01,16183,4160,GitHub/rust-lang/cc-rs,1
2017-10-01,16183,4162,GitHub/rust-lang/cc-rs,2
2017-10-01,16183,4148,GitHub/rust-lang/cc-rs,2
2017-10-01,16183,2988,GitHub/rust-lang/cc-rs,1
2017-10-01,16183,1547,GitHub/rust-lang/cc-rs,3
2017-10-01,16183,3435,GitHub/rust-lang/cc-rs,1
2017-10-01,16183,4154,GitHub/rust-lang/cc-rs,1
2017-10-01,16183,4151,GitHub/rust-lang/cc-rs,1
2017-10-01,16183,4146,GitHub/rust-lang/cc-rs,5
2017-10-01,16183,209,GitHub/rust-lang/cc-rs,1
2017-10-01,16183,3071,GitHub/rust-lang/cc-rs,5
2017-10-01,16183,4149,GitHub/rust-lang/cc-rs,2
2017-10-01,16183,1539,GitHub/rust-lang/cc-rs,4
2017-10-01,16492,3433,GitHub/tokio-rs/bytes,53
2017-10-01,16492,4804,GitHub/tokio-rs/bytes,1
2017-10-01,16492,3186,GitHub/tokio-rs/bytes,1
2017-10-01,16492,4963,GitHub/tokio-rs/bytes,1
2017-10-01,16492,3878,GitHub/tokio-rs/bytes,4
2017-10-01,16492,4962,GitHub/tokio-rs/bytes,1
2017-10-01,16492,3170,GitHub/tokio-rs/bytes,5
2017-10-01,16492,209,GitHub/tokio-rs/bytes,1
2017-10-01,16492,2867,GitHub/tokio-rs/bytes,4
2017-10-01,16492,2558,GitHub/tokio-rs/bytes,1
2017-10-01,16492,4290,GitHub/tokio-rs/bytes,1
2017-10-01,16492,4285,GitHub/tokio-rs/bytes,1
2017-10-01,16492,2997,GitHub/tokio-rs/bytes,1
2017-10-01,16492,2991,GitHub/tokio-rs/bytes,2
2017-10-01,16492,3147,GitHub/tokio-rs/bytes,12
2017-10-01,16492,4961,GitHub/tokio-rs/bytes,1
2017-10-01,17630,2891,GitHub/bluss/either,1
2017-10-01,17630,268,GitHub/bluss/either,9
2017-10-01,17630,3133,GitHub/bluss/either,1
2017-10-01,17630,3132,GitHub/bluss/either,1
2017-10-01,18006,2936,GitHub/crossbeam-rs/crossbeam,1
2017-10-01,18006,353,GitHub/crossbeam-rs/crossbeam,107
2017-10-01,18006,3429,GitHub/crossbeam-rs/crossbeam,2
2017-10-01,18006,2973,GitHub/crossbeam-rs/crossbeam,1
2017-10-01,18006,3432,GitHub/crossbeam-rs/crossbeam,1
2017-10-01,18006,3096,GitHub/crossbeam-rs/crossbeam,17
2017-10-01,18006,3426,GitHub/crossbeam-rs/crossbeam,3
2017-10-01,18006,3428,GitHub/crossbeam-rs/crossbeam,1
2017-10-01,18006,682,GitHub/crossbeam-rs/crossbeam,1
2017-10-01,18006,3180,GitHub/crossbeam-rs/crossbeam,1
2017-10-01,18006,3425,GitHub/crossbeam-rs/crossbeam,2
2017-10-01,18006,2927,GitHub/crossbeam-rs/crossbeam,1
2017-10-01,18006,3431,GitHub/crossbeam-rs/crossbeam,1
2017-10-01,18006,673,GitHub/crossbeam-rs/crossbeam,1
2017-10-01,18006,3433,GitHub/crossbeam-rs/crossbeam,1
2017-10-01,19184,268,GitHub/bluss/scopeguard,1
2017-10-01,20410,3981,GitHub/mgeisler/textwrap,4
2017-10-01,20410,1228,GitHub/mgeisler/textwrap,4
2017-10-01,20410,2872,GitHub/mgeisler/textwrap,249
2017-10-01,20699,2992,GitHub/Amanieu/parking_lot,1
2017-10-01,20699,2991,GitHub/Amanieu/parking_lot,3
2017-10-01,20699,2985,GitHub/Amanieu/parking_lot,1
2017-10-01,20699,2343,GitHub/Amanieu/parking_lot,2
2017-10-01,20699,2968,GitHub/Amanieu/parking_lot,38
2017-10-01,20699,2936,GitHub/Amanieu/parking_lot,1
2017-10-01,20949,3646,GitHub/Geal/nom,1
2017-10-01,20949,3255,GitHub/Geal/nom,3
2017-10-01,20949,3769,GitHub/Geal/nom,1
2017-10-01,20949,3748,GitHub/Geal/nom,1
2017-10-01,20949,1038,GitHub/Geal/nom,5
2017-10-01,20949,3759,GitHub/Geal/nom,3
2017-10-01,20949,3755,GitHub/Geal/nom,3
2017-10-01,20949,3712,GitHub/Geal/nom,1
2017-10-01,20949,3689,GitHub/Geal/nom,1
2017-10-01,20949,3726,GitHub/Geal/nom,6
2017-10-01,20949,2902,GitHub/Geal/nom,1
2017-10-01,20949,1060,GitHub/Geal/nom,1
2017-10-01,20949,3214,GitHub/Geal/nom,5
2017-10-01,20949,3766,GitHub/Geal/nom,1
2017-10-01,20949,1042,GitHub/Geal/nom,1
2017-10-01,20949,3768,GitHub/Geal/nom,1
2017-10-01,20949,3587,GitHub/Geal/nom,2
2017-10-01,20949,1043,GitHub/Geal/nom,3
2017-10-01,20949,3194,GitHub/Geal/nom,4
2017-10-01,20949,658,GitHub/Geal/nom,3
2017-10-01,20949,3760,GitHub/Geal/nom,2
2017-10-01,20949,2927,GitHub/Geal/nom,1
2017-10-01,20949,1052,GitHub/Geal/nom,1
2017-10-01,20949,3690,GitHub/Geal/nom,2
2017-10-01,20949,3746,GitHub/Geal/nom,2
2017-10-01,20949,3761,GitHub/Geal/nom,4
2017-10-01,20949,3754,GitHub/Geal/nom,1
2017-10-01,20949,3764,GitHub/Geal/nom,2
2017-10-01,20949,1058,GitHub/Geal/nom,1
2017-10-01,20949,3757,GitHub/Geal/nom,1
2017-10-01,20949,3762,GitHub/Geal/nom,1
2017-10-01,20949,3742,GitHub/Geal/nom,1
2017-10-01,20949,3534,GitHub/Geal/nom,159
2017-10-01,20949,3741,GitHub/Geal/nom,1
2017-10-01,20949,3225,GitHub/Geal/nom,1
2017-10-01,20949,3753,GitHub/Geal/nom,1
2017-10-01,20949,3665,GitHub/Geal/nom,5
2017-10-01,20949,3750,GitHub/Geal/nom,1
2017-10-01,20949,3756,GitHub/Geal/nom,1
2017-10-01,20949,3765,GitHub/Geal/nom,1
2017-10-01,20949,1067,GitHub/Geal/nom,1
2017-10-01,20949,3763,GitHub/Geal/nom,1
2017-10-01,20949,3745,GitHub/Geal/nom,1
2017-10-01,20949,29,GitHub/Geal/nom,2
2017-10-01,20949,3654,GitHub/Geal/nom,1
2017-10-01,20949,3751,GitHub/Geal/nom,1
2017-10-01,20949,3651,GitHub/Geal/nom,5
2017-10-01,20949,3747,GitHub/Geal/nom,2
2017-10-01,20949,1068,GitHub/Geal/nom,1
2017-10-01,20949,3739,GitHub/Geal/nom,1
2017-10-01,21282,3092,GitHub/bluss/arrayvec,4
2017-10-01,21282,3099,GitHub/bluss/arrayvec,5
2017-10-01,21282,268,GitHub/bluss/arrayvec,60
2017-10-01,21282,3051,GitHub/bluss/arrayvec,3
2017-10-01,21445,1252,GitHub/marshallpierce/rust-base64,1
2017-10-01,21445,2930,GitHub/marshallpierce/rust-base64,1
2017-10-01,21445,1279,GitHub/marshallpierce/rust-base64,6
2017-10-01,21445,209,GitHub/marshallpierce/rust-base64,1
2017-10-01,21445,1272,GitHub/marshallpierce/rust-base64,9
2017-10-01,21445,3180,GitHub/marshallpierce/rust-base64,1
2017-10-01,21445,1278,GitHub/marshallpierce/rust-base64,34
2017-10-01,21445,1281,GitHub/marshallpierce/rust-base64,48
2017-10-01,21445,1280,GitHub/marshallpierce/rust-base64,2
2017-10-01,21445,3936,GitHub/marshallpierce/rust-base64,2
2017-10-01,21445,46,GitHub/marshallpierce/rust-base64,1
2017-10-01,22724,155,GitHub/rust-lang/log,1
2017-10-01,22724,4482,GitHub/rust-lang/log,1
2017-10-01,22724,64,GitHub/rust-lang/log,2
2017-10-01,22724,2912,GitHub/rust-lang/log,32
2017-10-01,22724,3571,GitHub/rust-lang/log,3
2017-10-01,22724,4478,GitHub/rust-lang/log,1
2017-10-01,22724,3691,GitHub/rust-lang/log,2
2017-10-01,22724,4480,GitHub/rust-lang/log,10
2017-10-01,22724,1962,GitHub/rust-lang/log,1
2017-10-01,22724,1953,GitHub/rust-lang/log,2
2017-10-01,22724,4146,GitHub/rust-lang/log,5
2017-10-01,22724,2867,GitHub/rust-lang/log,16
2017-10-01,22724,2945,GitHub/rust-lang/log,26
2017-10-01,22724,3741,GitHub/rust-lang/log,1
2017-10-01,22724,4149,GitHub/rust-lang/log,10
2017-10-01,22724,2936,GitHub/rust-lang/log,1
2017-10-01,22724,4477,GitHub/rust-lang/log,1
2017-10-01,22724,4481,GitHub/rust-lang/log,2
2017-10-01,22724,3070,GitHub/rust-lang/log,2
2017-10-01,22724,3071,GitHub/rust-lang/log,6
2017-10-01,22724,3044,GitHub/rust-lang/log,1
2017-10-01,22724,1928,GitHub/rust-lang/log,1
2017-10-01,22724,4479,GitHub/rust-lang/log,8
2017-10-01,22724,2927,GitHub/rust-lang/log,1
2017-10-01,22724,1961,GitHub/rust-lang/log,6
2017-10-01,22804,2867,GitHub/alexcrichton/cfg-if,5
2017-10-01,22804,2872,GitHub/alexcrichton/cfg-if,1
2017-10-01,22804,2874,GitHub/alexcrichton/cfg-if,1
2017-10-01,23287,2927,GitHub/rust-itertools/itertools,3
2017-10-01,23287,3108,GitHub/rust-itertools/itertools,1
2017-10-01,23287,4060,GitHub/rust-itertools/itertools,3
2017-10-01,23287,771,GitHub/rust-itertools/itertools,6
2017-10-01,23287,2889,GitHub/rust-itertools/itertools,1
2017-10-01,23287,3637,GitHub/rust-itertools/itertools,1
2017-10-01,23287,3761,GitHub/rust-itertools/itertools,3
2017-10-01,23287,268,GitHub/rust-itertools/itertools,65
2017-10-01,24440,3992,GitHub/ogham/rust-ansi-term,1
2017-10-01,24440,496,GitHub/ogham/rust-ansi-term,22
2017-10-01,24455,4770,GitHub/serde-rs/json,1
2017-10-01,24455,3423,GitHub/serde-rs/json,14
2017-10-01,24455,2912,GitHub/serde-rs/json,274
2017-10-01,24455,4773,GitHub/serde-rs/json,3
2017-10-01,24455,2936,GitHub/serde-rs/json,3
2017-10-01,24455,1252,GitHub/serde-rs/json,3
2017-10-01,24455,4065,GitHub/serde-rs/json,3
2017-10-01,24455,4772,GitHub/serde-rs/json,1
2017-10-01,24455,2888,GitHub/serde-rs/json,1
2017-10-01,24455,4769,GitHub/serde-rs/json,2
2017-10-01,24455,4412,GitHub/serde-rs/json,2
2017-10-01,24455,4290,GitHub/serde-rs/json,2
2017-10-01,24455,2942,GitHub/serde-rs/json,1
2017-10-01,24455,4771,GitHub/serde-rs/json,2
2017-10-01,24455,4775,GitHub/serde-rs/json,1
2017-10-01,24455,65,GitHub/serde-rs/json,13
2017-10-01,25976,2872,GitHub/rust-lang/regex,1
2017-10-01,25976,2927,GitHub/rust-lang/regex,1
2017-10-01,25976,4519,GitHub/rust-lang/regex,1
2017-10-01,25976,4553,GitHub/rust-lang/regex,1
2017-10-01,25976,2047,GitHub/rust-lang/regex,1
2017-10-01,25976,3587,GitHub/rust-lang/regex,1
2017-10-01,25976,4552,GitHub/rust-lang/regex,1
2017-10-01,25976,3933,GitHub/rust-lang/regex,4
2017-10-01,25976,2961,GitHub/rust-lang/regex,1
2017-10-01,25976,2044,GitHub/rust-lang/regex,3
2017-10-01,25976,3505,GitHub/rust-lang/regex,4
2017-10-01,25976,4518,GitHub/rust-lang/regex,1
2017-10-01,25976,4517,GitHub/rust-lang/regex,1
2017-10-01,25976,64,GitHub/rust-lang/regex,1
2017-10-01,25976,3043,GitHub/rust-lang/regex,19
2017-10-01,25976,4516,GitHub/rust-lang/regex,1
2017-10-01,25976,4520,GitHub/rust-lang/regex,1
2017-10-01,25976,3025,GitHub/rust-lang/regex,2
2017-10-01,26074,4006,GitHub/paholg/typenum,2
2017-10-01,26074,3614,GitHub/paholg/typenum,38
2017-10-01,28336,3189,GitHub/RustCrypto/traits,28
2017-10-01,28705,2872,GitHub/dguo/strsim-rs,1
2017-10-01,28877,1252,GitHub/unicode-rs/unicode-xid,1
2017-10-01,28877,3413,GitHub/unicode-rs/unicode-xid,1
2017-10-01,28877,3021,GitHub/unicode-rs/unicode-xid,1
2017-10-01,30968,2343,GitHub/SergioBenitez/version_check,12
2017-10-01,32560,3214,GitHub/BurntSushi/memchr,2
2017-10-01,32560,3043,GitHub/BurntSushi/memchr,2
2017-10-01,32560,2872,GitHub/BurntSushi/memchr,1
2017-10-01,32560,2988,GitHub/BurntSushi/memchr,1
2017-10-01,33435,2912,GitHub/dtolnay/itoa,24
2017-10-01,33435,3413,GitHub/dtolnay/itoa,3
2017-10-01,33435,1252,GitHub/dtolnay/itoa,2
2017-10-01,33435,3493,GitHub/dtolnay/itoa,2
2017-10-01,34191,4042,GitHub/RustCrypto/utils,1
2017-10-01,34191,3189,GitHub/RustCrypto/utils,39
2017-10-01,34831,4294,GitHub/rust-lang/futures-rs,1
2017-10-01,34831,4286,GitHub/rust-lang/futures-rs,1
2017-10-01,34831,3761,GitHub/rust-lang/futures-rs,9
2017-10-01,34831,3637,GitHub/rust-lang/futures-rs,2
2017-10-01,34831,4291,GitHub/rust-lang/futures-rs,2
2017-10-01,34831,4251,GitHub/rust-lang/futures-rs,4
2017-10-01,34831,4276,GitHub/rust-lang/futures-rs,2
2017-10-01,34831,4287,GitHub/rust-lang/futures-rs,1
2017-10-01,34831,4289,GitHub/rust-lang/futures-rs,12
2017-10-01,34831,2980,GitHub/rust-lang/futures-rs,1
2017-10-01,34831,3891,GitHub/rust-lang/futures-rs,1
2017-10-01,34831,2867,GitHub/rust-lang/futures-rs,287
2017-10-01,34831,2256,GitHub/rust-lang/futures-rs,4
2017-10-01,34831,3433,GitHub/rust-lang/futures-rs,30
2017-10-01,34831,2936,GitHub/rust-lang/futures-rs,6
2017-10-01,34831,4292,GitHub/rust-lang/futures-rs,2
2017-10-01,34831,4277,GitHub/rust-lang/futures-rs,1
2017-10-01,34831,1246,GitHub/rust-lang/futures-rs,2
2017-10-01,34831,3427,GitHub/rust-lang/futures-rs,2
2017-10-01,34831,3377,GitHub/rust-lang/futures-rs,1
2017-10-01,34831,3147,GitHub/rust-lang/futures-rs,14
2017-10-01,34831,3793,GitHub/rust-lang/futures-rs,1
2017-10-01,34831,4280,GitHub/rust-lang/futures-rs,1
2017-10-01,34831,4334,GitHub/rust-lang/futures-rs,1
2017-10-01,34831,4333,GitHub/rust-lang/futures-rs,1
2017-10-01,34831,3435,GitHub/rust-lang/futures-rs,1
2017-10-01,34831,3949,GitHub/rust-lang/futures-rs,2
2017-10-01,34831,2888,GitHub/rust-lang/futures-rs,2
2017-10-01,34831,4257,GitHub/rust-lang/futures-rs,2
2017-10-01,34831,4278,GitHub/rust-lang/futures-rs,1
2017-10-01,34831,4283,GitHub/rust-lang/futures-rs,2
2017-10-01,34831,2933,GitHub/rust-lang/futures-rs,2
2017-10-01,34831,4272,GitHub/rust-lang/futures-rs,1
2017-10-01,34831,3318,GitHub/rust-lang/futures-rs,3
2017-10-01,34831,2974,GitHub/rust-lang/futures-rs,1
2017-10-01,34831,3883,GitHub/rust-lang/futures-rs,6
2017-10-01,34831,4282,GitHub/rust-lang/futures-rs,2
2017-10-01,34831,771,GitHub/rust-lang/futures-rs,1
2017-10-01,34831,4270,GitHub/rust-lang/futures-rs,1
2017-10-01,34831,4285,GitHub/rust-lang/futures-rs,2
2017-10-01,34831,3878,GitHub/rust-lang/futures-rs,3
2017-10-01,34831,4279,GitHub/rust-lang/futures-rs,1
2017-10-01,34831,4274,GitHub/rust-lang/futures-rs,2
2017-10-01,34831,4253,GitHub/rust-lang/futures-rs,5
2017-10-01,34831,3393,GitHub/rust-lang/futures-rs,2
2017-10-01,34831,4290,GitHub/rust-lang/futures-rs,1
2017-10-01,34831,3732,GitHub/rust-lang/futures-rs,1
2017-10-01,34831,4293,GitHub/rust-lang/futures-rs,1
2017-10-01,34831,4284,GitHub/rust-lang/futures-rs,8
2017-10-01,34831,4631,GitHub/rust-lang/futures-rs,1
2017-10-01,34831,3170,GitHub/rust-lang/futures-rs,2
2017-10-01,34831,4288,GitHub/rust-lang/futures-rs,17
2017-10-01,34831,1710,GitHub/rust-lang/futures-rs,6
2017-10-01,34831,1703,GitHub/rust-lang/futures-rs,1
2017-10-01,34831,2986,GitHub/rust-lang/futures-rs,1
2017-10-01,34831,3613,GitHub/rust-lang/futures-rs,2
2017-10-01,35574,3173,GitHub/unicode-rs/unicode-normalization,2
2017-10-01,35574,4220,GitHub/unicode-rs/unicode-normalization,3
2017-10-01,35574,3413,GitHub/unicode-rs/unicode-normalization,4
2017-10-01,35574,2914,GitHub/unicode-rs/unicode-normalization,2
2017-10-01,35574,2874,GitHub/unicode-rs/unicode-normalization,1
2017-10-01,36114,268,GitHub/SimonSapin/rust-std-candidates,4
2017-10-01,36114,3413,GitHub/SimonSapin/rust-std-candidates,6
2017-10-01,36424,2074,GitHub/steveklabnik/semver-parser,2
2017-10-01,36424,2950,GitHub/steveklabnik/semver-parser,6
2017-10-01,36424,2475,GitHub/steveklabnik/semver-parser,2
2017-10-01,36424,4781,GitHub/steveklabnik/semver-parser,3
2017-10-01,37083,3186,GitHub/BurntSushi/termcolor,1
2017-10-01,37083,3294,GitHub/BurntSushi/termcolor,2
2017-10-01,37083,3293,GitHub/BurntSushi/termcolor,2
2017-10-01,37083,3270,GitHub/BurntSushi/termcolor,1
2017-10-01,37083,3298,GitHub/BurntSushi/termcolor,1
2017-10-01,37083,3134,GitHub/BurntSushi/termcolor,1
2017-10-01,37083,3043,GitHub/BurntSushi/termcolor,114
2017-10-01,37083,2927,GitHub/BurntSushi/termcolor,1
2017-10-01,37083,3319,GitHub/BurntSushi/termcolor,2
2017-10-01,37083,3309,GitHub/BurntSushi/termcolor,1
2017-10-01,37083,3301,GitHub/BurntSushi/termcolor,1
2017-10-01,37083,3013,GitHub/BurntSushi/termcolor,1
2017-10-01,37083,3291,GitHub/BurntSushi/termcolor,1
2017-10-01,37083,3296,GitHub/BurntSushi/termcolor,1
2017-10-01,37083,3303,GitHub/BurntSushi/termcolor,1
2017-10-01,37083,3236,GitHub/BurntSushi/termcolor,1
2017-10-01,37083,3318,GitHub/BurntSushi/termcolor,1
2017-10-01,37083,3290,GitHub/BurntSushi/termcolor,1
2017-10-01,37083,3302,GitHub/BurntSushi/termcolor,2
2017-10-01,37083,3297,GitHub/BurntSushi/termcolor,1
2017-10-01,37083,3232,GitHub/BurntSushi/termcolor,14
2017-10-01,37083,3311,GitHub/BurntSushi/termcolor,1
2017-10-01,37083,3304,GitHub/BurntSushi/termcolor,1
2017-10-01,37083,517,GitHub/BurntSushi/termcolor,1
2017-10-01,37083,532,GitHub/BurntSushi/termcolor,1
2017-10-01,37083,3326,GitHub/BurntSushi/termcolor,1
2017-10-01,37083,508,GitHub/BurntSushi/termcolor,1
2017-10-01,37083,2867,GitHub/BurntSushi/termcolor,1
2017-10-01,37083,3316,GitHub/BurntSushi/termcolor,1
2017-10-01,37083,3315,GitHub/BurntSushi/termcolor,1
2017-10-01,37083,3300,GitHub/BurntSushi/termcolor,2
2017-10-01,37083,3321,GitHub/BurntSushi/termcolor,1
2017-10-01,37083,3312,GitHub/BurntSushi/termcolor,5
2017-10-01,37083,3327,GitHub/BurntSushi/termcolor,1
2017-10-01,37083,3292,GitHub/BurntSushi/termcolor,1
2017-10-01,37083,3325,GitHub/BurntSushi/termcolor,2
2017-10-01,37083,3314,GitHub/BurntSushi/termcolor,1
2017-10-01,37083,3289,GitHub/BurntSushi/termcolor,1
2017-10-01,37083,541,GitHub/BurntSushi/termcolor,1
2017-10-01,37083,3322,GitHub/BurntSushi/termcolor,1
2017-10-01,37083,209,GitHub/BurntSushi/termcolor,2
2017-10-01,37083,529,GitHub/BurntSushi/termcolor,1
2017-10-01,37083,542,GitHub/BurntSushi/termcolor,1
2017-10-01,37083,2977,GitHub/BurntSushi/termcolor,2
2017-10-01,37083,3317,GitHub/BurntSushi/termcolor,1
2017-10-01,37083,3305,GitHub/BurntSushi/termcolor,7
2017-10-01,37083,2914,GitHub/BurntSushi/termcolor,2
2017-10-01,37083,528,GitHub/BurntSushi/termcolor,1
2017-10-01,37083,510,GitHub/BurntSushi/termcolor,1
2017-10-01,37083,3307,GitHub/BurntSushi/termcolor,1
2017-10-01,37083,3308,GitHub/BurntSushi/termcolor,1
2017-10-01,37083,3263,GitHub/BurntSushi/termcolor,8
2017-10-01,37083,3299,GitHub/BurntSushi/termcolor,1
2017-10-01,37083,3262,GitHub/BurntSushi/termcolor,1
2017-10-01,37083,3323,GitHub/BurntSushi/termcolor,1
2017-10-01,37083,3313,GitHub/BurntSushi/termcolor,1
2017-10-01,37083,3310,GitHub/BurntSushi/termcolor,1
2017-10-01,37083,482,GitHub/BurntSushi/termcolor,1
2017-10-01,37083,3324,GitHub/BurntSushi/termcolor,4
2017-10-01,37612,2912,GitHub/dtolnay/quote,22
2017-10-01,37612,3413,GitHub/dtolnay/quote,1
2017-10-01,37612,2922,GitHub/dtolnay/quote,1
2017-10-01,37612,2867,GitHub/dtolnay/quote,9
2017-10-01,37612,3021,GitHub/dtolnay/quote,2
2017-10-01,37612,2973,GitHub/dtolnay/quote,1
2017-10-01,37844,3043,GitHub/softprops/atty,2
2017-10-01,37844,3377,GitHub/softprops/atty,2
2017-10-01,37844,4735,GitHub/softprops/atty,1
2017-10-01,37844,4270,GitHub/softprops/atty,17
2017-10-01,38667,3138,GitHub/bluss/indexmap,1
2017-10-01,38667,3139,GitHub/bluss/indexmap,3
2017-10-01,38667,3142,GitHub/bluss/indexmap,3
2017-10-01,38667,322,GitHub/bluss/indexmap,3
2017-10-01,38667,3140,GitHub/bluss/indexmap,2
2017-10-01,38667,268,GitHub/bluss/indexmap,40
2017-10-01,38667,3141,GitHub/bluss/indexmap,1
2017-10-01,38667,2954,GitHub/bluss/indexmap,1
2017-10-01,39779,209,GitHub/time-rs/time,1
2017-10-01,39779,4063,GitHub/time-rs/time,1
2017-10-01,39779,2867,GitHub/time-rs/time,10
2017-10-01,39779,2509,GitHub/time-rs/time,3
2017-10-01,39779,2872,GitHub/time-rs/time,1
2017-10-01,39779,2510,GitHub/time-rs/time,1
2017-10-01,40494,3173,GitHub/servo/unicode-bidi,1
2017-10-01,40494,2988,GitHub/servo/unicode-bidi,2
2017-10-01,40494,1252,GitHub/servo/unicode-bidi,1
2017-10-01,40494,4848,GitHub/servo/unicode-bidi,3
2017-10-01,40494,2872,GitHub/servo/unicode-bidi,1
2017-10-01,40494,2914,GitHub/servo/unicode-bidi,49
2017-10-01,40937,3501,GitHub/dtolnay/semver,1
2017-10-01,40937,470,GitHub/dtolnay/semver,1
2017-10-01,40937,2912,GitHub/dtolnay/semver,2
2017-10-01,40937,2872,GitHub/dtolnay/semver,1
2017-10-01,40937,3531,GitHub/dtolnay/semver,2
2017-10-01,40937,3070,GitHub/dtolnay/semver,1
2017-10-01,40937,2911,GitHub/dtolnay/semver,1
2017-10-01,40937,794,GitHub/dtolnay/semver,1
2017-10-01,40937,2970,GitHub/dtolnay/semver,2
2017-10-01,40937,2950,GitHub/dtolnay/semver,15
2017-10-01,41752,4343,GitHub/servo/rust-url,2
2017-10-01,41752,2921,GitHub/servo/rust-url,7
2017-10-01,41752,3168,GitHub/servo/rust-url,1
2017-10-01,41752,1763,GitHub/servo/rust-url,2
2017-10-01,41752,3071,GitHub/servo/rust-url,1
2017-10-01,41752,3943,GitHub/servo/rust-url,6
2017-10-01,41752,4855,GitHub/servo/rust-url,1
2017-10-01,41752,2985,GitHub/servo/rust-url,1
2017-10-01,41752,1716,GitHub/servo/rust-url,1
2017-10-01,41752,4853,GitHub/servo/rust-url,1
2017-10-01,41752,1252,GitHub/servo/rust-url,2
2017-10-01,41752,4851,GitHub/servo/rust-url,4
2017-10-01,41752,3878,GitHub/servo/rust-url,1
2017-10-01,41752,4847,GitHub/servo/rust-url,2
2017-10-01,41752,3571,GitHub/servo/rust-url,1
2017-10-01,41752,2936,GitHub/servo/rust-url,12
2017-10-01,41752,64,GitHub/servo/rust-url,2
2017-10-01,41752,4856,GitHub/servo/rust-url,1
2017-10-01,41752,4846,GitHub/servo/rust-url,1
2017-10-01,41752,2902,GitHub/servo/rust-url,1
2017-10-01,41752,2928,GitHub/servo/rust-url,1
2017-10-01,41752,4857,GitHub/servo/rust-url,1
2017-10-01,41752,4038,GitHub/servo/rust-url,2
2017-10-01,41752,4850,GitHub/servo/rust-url,1
2017-10-01,41752,3413,GitHub/servo/rust-url,21
2017-10-01,41752,4848,GitHub/servo/rust-url,1
2017-10-01,41752,4854,GitHub/servo/rust-url,3
2017-10-01,41752,209,GitHub/servo/rust-url,2
2017-10-01,41752,3539,GitHub/servo/rust-url,1
2017-10-01,41752,3192,GitHub/servo/rust-url,4
2017-10-01,41752,2914,GitHub/servo/rust-url,11
2017-10-01,41752,4581,GitHub/servo/rust-url,2
2017-10-01,41752,2872,GitHub/servo/rust-url,1
2017-10-01,41752,2409,GitHub/servo/rust-url,1
2017-10-01,41752,3761,GitHub/servo/rust-url,3
2017-10-01,41752,4220,GitHub/servo/rust-url,5
2017-10-01,41752,3173,GitHub/servo/rust-url,3
2017-10-01,41957,2912,GitHub/dtolnay/proc-macro2,29
2017-10-01,41957,2976,GitHub/dtolnay/proc-macro2,1
2017-10-01,41957,3021,GitHub/dtolnay/proc-macro2,4
2017-10-01,41957,2867,GitHub/dtolnay/proc-macro2,32
2017-10-01,42655,2867,GitHub/rust-lang/socket2,20
2017-10-01,42655,2945,GitHub/rust-lang/socket2,12
2017-10-01,42655,4618,GitHub/rust-lang/socket2,1
2017-10-01,42655,3313,GitHub/rust-lang/socket2,2
2017-10-01,42677,3170,GitHub/withoutboats/heck,1
2017-10-01,42677,3905,GitHub/withoutboats/heck,12
2017-10-01,46027,2923,GitHub/alexcrichton/toml-rs,1
2017-10-01,46027,2343,GitHub/alexcrichton/toml-rs,2
2017-10-01,46027,2920,GitHub/alexcrichton/toml-rs,1
2017-10-01,46027,2867,GitHub/alexcrichton/toml-rs,55
2017-10-01,46027,2926,GitHub/alexcrichton/toml-rs,1
2017-10-01,46027,2924,GitHub/alexcrichton/toml-rs,1
2017-10-01,46027,2919,GitHub/alexcrichton/toml-rs,11
2017-10-01,46027,46,GitHub/alexcrichton/toml-rs,4
2017-10-01,46027,2921,GitHub/alexcrichton/toml-rs,5
2017-10-01,46027,2916,GitHub/alexcrichton/toml-rs,1
2017-10-01,46027,68,GitHub/alexcrichton/toml-rs,1
2017-10-01,46027,2915,GitHub/alexcrichton/toml-rs,22
2017-10-01,46027,64,GitHub/alexcrichton/toml-rs,3
2017-10-01,46027,2925,GitHub/alexcrichton/toml-rs,1
2017-10-01,46027,2928,GitHub/alexcrichton/toml-rs,1
2017-10-01,46027,2927,GitHub/alexcrichton/toml-rs,3
2017-10-01,46027,2918,GitHub/alexcrichton/toml-rs,1
2017-10-01,46027,2922,GitHub/alexcrichton/toml-rs,4
2017-10-01,46027,2914,GitHub/alexcrichton/toml-rs,1
2017-10-01,46027,65,GitHub/alexcrichton/toml-rs,2
2017-10-01,46178,2928,GitHub/rust-lang-nursery/lazy-static.rs,1
2017-10-01,46178,3472,GitHub/rust-lang-nursery/lazy-static.rs,21
2017-10-01,46178,3071,GitHub/rust-lang-nursery/lazy-static.rs,1
2017-10-01,46178,4627,GitHub/rust-lang-nursery/lazy-static.rs,1
2017-10-01,46178,4630,GitHub/rust-lang-nursery/lazy-static.rs,1
2017-10-01,46178,3070,GitHub/rust-lang-nursery/lazy-static.rs,1
2017-10-01,46178,4539,GitHub/rust-lang-nursery/lazy-static.rs,1
2017-10-01,46178,1547,GitHub/rust-lang-nursery/lazy-static.rs,3
2017-10-01,46178,2921,GitHub/rust-lang-nursery/lazy-static.rs,3
2017-10-01,46178,3044,GitHub/rust-lang-nursery/lazy-static.rs,1
2017-10-01,49067,2872,GitHub/Amanieu/thread_local-rs,1
2017-10-01,49067,209,GitHub/Amanieu/thread_local-rs,1
2017-10-01,49067,2968,GitHub/Amanieu/thread_local-rs,7
2017-10-01,49075,2867,GitHub/rust-lang/pkg-config-rs,5
2017-10-01,49075,2872,GitHub/rust-lang/pkg-config-rs,1
2017-10-01,49075,2909,GitHub/rust-lang/pkg-config-rs,1
2017-10-01,52462,898,GitHub/Frommi/miniz_oxide,40
2017-10-01,52462,2970,GitHub/Frommi/miniz_oxide,1
2017-10-01,52462,3636,GitHub/Frommi/miniz_oxide,134
2017-10-01,52465,3608,GitHub/fizyk20/generic-array,1
2017-10-01,52465,3606,GitHub/fizyk20/generic-array,25
2017-10-01,52465,3206,GitHub/fizyk20/generic-array,3
2017-10-01,52465,3610,GitHub/fizyk20/generic-array,1
2017-10-01,52465,3607,GitHub/fizyk20/generic-array,16
2017-10-01,52465,879,GitHub/fizyk20/generic-array,1
2017-10-01,52465,3609,GitHub/fizyk20/generic-array,1
2017-11-01,602,4985,GitHub/unicode-rs/unicode-segmentation,2
2017-11-01,602,2988,GitHub/unicode-rs/unicode-segmentation,5
2017-11-01,602,4781,GitHub/unicode-rs/unicode-segmentation,7
2017-11-01,602,3173,GitHub/unicode-rs/unicode-segmentation,4
2017-11-01,602,4538,GitHub/unicode-rs/unicode-segmentation,3
2017-11-01,602,3413,GitHub/unicode-rs/unicode-segmentation,2
2017-11-01,626,1232,GitHub/hyperium/http,1
2017-11-01,626,2936,GitHub/hyperium/http,1
2017-11-01,626,1235,GitHub/hyperium/http,1
2017-11-01,626,3878,GitHub/hyperium/http,42
2017-11-01,626,1230,GitHub/hyperium/http,1
2017-11-01,626,3433,GitHub/hyperium/http,47
2017-11-01,626,3903,GitHub/hyperium/http,1
2017-11-01,626,3906,GitHub/hyperium/http,1
2017-11-01,626,2880,GitHub/hyperium/http,2
2017-11-01,626,3904,GitHub/hyperium/http,8
2017-11-01,626,3531,GitHub/hyperium/http,1
2017-11-01,626,3905,GitHub/hyperium/http,5
2017-11-01,626,2867,GitHub/hyperium/http,52
2017-11-01,3150,2927,GitHub/seanmonstar/num_cpus,1
2017-11-01,3150,2930,GitHub/seanmonstar/num_cpus,1
2017-11-01,3150,2275,GitHub/seanmonstar/num_cpus,1
2017-11-01,3150,4734,GitHub/seanmonstar/num_cpus,1
2017-11-01,3150,4735,GitHub/seanmonstar/num_cpus,1
2017-11-01,3150,3878,GitHub/seanmonstar/num_cpus,37
2017-11-01,3150,2276,GitHub/seanmonstar/num_cpus,1
2017-11-01,3150,4731,GitHub/seanmonstar/num_cpus,4
2017-11-01,3150,3066,GitHub/seanmonstar/num_cpus,10
2017-11-01,3150,4618,GitHub/seanmonstar/num_cpus,1
2017-11-01,3150,3255,GitHub/seanmonstar/num_cpus,1
2017-11-01,3509,2606,GitHub/unicode-rs/unicode-width,1
2017-11-01,4484,385,GitHub/BurntSushi/byteorder,1
2017-11-01,4484,3189,GitHub/BurntSushi/byteorder,1
2017-11-01,4484,3195,GitHub/BurntSushi/byteorder,1
2017-11-01,4484,3194,GitHub/BurntSushi/byteorder,2
2017-11-01,4484,2872,GitHub/BurntSushi/byteorder,1
2017-11-01,4484,3043,GitHub/BurntSushi/byteorder,12
2017-11-01,4484,3071,GitHub/BurntSushi/byteorder,4
2017-11-01,4484,2928,GitHub/BurntSushi/byteorder,8
2017-11-01,4486,3193,GitHub/contain-rs/vec-map,4
2017-11-01,4486,3362,GitHub/contain-rs/vec-map,1
2017-11-01,4486,2993,GitHub/contain-rs/vec-map,3
2017-11-01,4486,586,GitHub/contain-rs/vec-map,7
2017-11-01,4486,209,GitHub/contain-rs/vec-map,1
2017-11-01,4486,2868,GitHub/contain-rs/vec-map,1
2017-11-01,4486,2874,GitHub/contain-rs/vec-map,2
2017-11-01,4486,3363,GitHub/contain-rs/vec-map,1
2017-11-01,4486,3143,GitHub/contain-rs/vec-map,2
2017-11-01,4486,3361,GitHub/contain-rs/vec-map,2
2017-11-01,4733,2867,GitHub/dtolnay/syn,39
2017-11-01,4733,3599,GitHub/dtolnay/syn,1
2017-11-01,4733,3413,GitHub/dtolnay/syn,5
2017-11-01,4733,3021,GitHub/dtolnay/syn,60
2017-11-01,4733,3600,GitHub/dtolnay/syn,1
2017-11-01,4733,2922,GitHub/dtolnay/syn,3
2017-11-01,4733,3597,GitHub/dtolnay/syn,2
2017-11-01,4733,3114,GitHub/dtolnay/syn,1
2017-11-01,4733,3598,GitHub/dtolnay/syn,20
2017-11-01,4733,2874,GitHub/dtolnay/syn,1
2017-11-01,4733,3097,GitHub/dtolnay/syn,1
2017-11-01,4733,2912,GitHub/dtolnay/syn,129
2017-11-01,4733,3596,GitHub/dtolnay/syn,2
2017-11-01,6681,3476,GitHub/djc/rustc-version-rs,1
2017-11-01,6681,2921,GitHub/djc/rustc-version-rs,2
2017-11-01,6681,3472,GitHub/djc/rustc-version-rs,13
2017-11-01,6681,2872,GitHub/djc/rustc-version-rs,1
2017-11-01,6681,2927,GitHub/djc/rustc-version-rs,1
2017-11-01,7322,3106,GitHub/servo/rust-smallvec,6
2017-11-01,7322,3610,GitHub/servo/rust-smallvec,1
2017-11-01,7322,3581,GitHub/servo/rust-smallvec,1
2017-11-01,7322,3506,GitHub/servo/rust-smallvec,1
2017-11-01,7322,2343,GitHub/servo/rust-smallvec,3
2017-11-01,7322,2988,GitHub/servo/rust-smallvec,15
2017-11-01,7322,4799,GitHub/servo/rust-smallvec,1
2017-11-01,7322,4246,GitHub/servo/rust-smallvec,3
2017-11-01,7322,3438,GitHub/servo/rust-smallvec,1
2017-11-01,7322,3824,GitHub/servo/rust-smallvec,8
2017-11-01,7322,508,GitHub/servo/rust-smallvec,2
2017-11-01,7415,3173,GitHub/BurntSushi/aho-corasick,1
2017-11-01,7415,2872,GitHub/BurntSushi/aho-corasick,1
2017-11-01,7415,2971,GitHub/BurntSushi/aho-corasick,1
2017-11-01,7415,3172,GitHub/BurntSushi/aho-corasick,1
2017-11-01,7415,3043,GitHub/BurntSushi/aho-corasick,7
2017-11-01,12228,3878,GitHub/seanmonstar/httparse,12
2017-11-01,12228,3587,GitHub/seanmonstar/httparse,2
2017-11-01,12266,2873,GitHub/bitflags/bitflags,2
2017-11-01,12266,3073,GitHub/bitflags/bitflags,3
2017-11-01,12266,3068,GitHub/bitflags/bitflags,6
2017-11-01,12266,3077,GitHub/bitflags/bitflags,6
2017-11-01,12266,3072,GitHub/bitflags/bitflags,4
2017-11-01,12266,3067,GitHub/bitflags/bitflags,9
2017-11-01,12266,3070,GitHub/bitflags/bitflags,1
2017-11-01,12266,3066,GitHub/bitflags/bitflags,2
2017-11-01,12266,3071,GitHub/bitflags/bitflags,2
2017-11-01,12266,245,GitHub/bitflags/bitflags,2
2017-11-01,12266,2912,GitHub/bitflags/bitflags,19
2017-11-01,12266,3076,GitHub/bitflags/bitflags,1
2017-11-01,12266,3074,GitHub/bitflags/bitflags,3
2017-11-01,12266,239,GitHub/bitflags/bitflags,1
2017-11-01,12266,64,GitHub/bitflags/bitflags,2
2017-11-01,12266,3075,GitHub/bitflags/bitflags,1
2017-11-01,12266,241,GitHub/bitflags/bitflags,1
2017-11-01,12266,2968,GitHub/bitflags/bitflags,1
2017-11-01,12266,2867,GitHub/bitflags/bitflags,35
2017-11-01,12266,3069,GitHub/bitflags/bitflags,1
2017-11-01,12842,2991,GitHub/tokio-rs/slab,1
2017-11-01,12842,3186,GitHub/tokio-rs/slab,1
2017-11-01,12842,2927,GitHub/tokio-rs/slab,1
2017-11-01,12842,4976,GitHub/tokio-rs/slab,1
2017-11-01,12842,3433,GitHub/tokio-rs/slab,1
2017-11-01,14306,3192,GitHub/rust-num/num-integer,3
2017-11-01,14306,2988,GitHub/rust-num/num-integer,1
2017-11-01,14306,4644,GitHub/rust-num/num-integer,3
2017-11-01,14306,3453,GitHub/rust-num/num-integer,2
2017-11-01,14306,2159,GitHub/rust-num/num-integer,9
2017-11-01,14306,4646,GitHub/rust-num/num-integer,20
2017-11-01,14306,27,GitHub/rust-num/num-integer,2
2017-11-01,14306,268,GitHub/rust-num/num-integer,3
2017-11-01,14306,4643,GitHub/rust-num/num-integer,7
2017-11-01,14306,2936,GitHub/rust-num/num-integer,1
2017-11-01,14306,2163,GitHub/rust-num/num-integer,2
2017-11-01,14306,2931,GitHub/rust-num/num-integer,21
2017-11-01,14306,4648,GitHub/rust-num/num-integer,19
2017-11-01,14306,3025,GitHub/rust-num/num-integer,79
2017-11-01,14306,3194,GitHub/rust-num/num-integer,1
2017-11-01,14306,4647,GitHub/rust-num/num-integer,4
2017-11-01,14306,3205,GitHub/rust-num/num-integer,1
2017-11-01,14306,3106,GitHub/rust-num/num-integer,8
2017-11-01,14306,2955,GitHub/rust-num/num-integer,1
2017-11-01,14306,3435,GitHub/rust-num/num-integer,1
2017-11-01,14306,3191,GitHub/rust-num/num-integer,4
2017-11-01,14306,4650,GitHub/rust-num/num-integer,1
2017-11-01,14306,4698,GitHub/rust-num/num-integer,22
2017-11-01,14306,4642,GitHub/rust-num/num-integer,6
2017-11-01,14306,2170,GitHub/rust-num/num-integer,4
2017-11-01,14306,2872,GitHub/rust-num/num-integer,2
2017-11-01,14306,4372,GitHub/rust-num/num-integer,10
2017-11-01,14306,4649,GitHub/rust-num/num-integer,6
2017-11-01,16183,1539,GitHub/rust-lang/cc-rs,4
2017-11-01,16183,1531,GitHub/rust-lang/cc-rs,6
2017-11-01,16183,4146,GitHub/rust-lang/cc-rs,5
2017-11-01,16183,4149,GitHub/rust-lang/cc-rs,2
2017-11-01,16183,1536,GitHub/rust-lang/cc-rs,1
2017-11-01,16183,4135,GitHub/rust-lang/cc-rs,1
2017-11-01,16183,2921,GitHub/rust-lang/cc-rs,5
2017-11-01,16183,4158,GitHub/rust-lang/cc-rs,2
2017-11-01,16183,4156,GitHub/rust-lang/cc-rs,1
2017-11-01,16183,3145,GitHub/rust-lang/cc-rs,1
2017-11-01,16183,3025,GitHub/rust-lang/cc-rs,1
2017-11-01,16183,4151,GitHub/rust-lang/cc-rs,1
2017-11-01,16183,4145,GitHub/rust-lang/cc-rs,10
2017-11-01,16183,4022,GitHub/rust-lang/cc-rs,1
2017-11-01,16183,3070,GitHub/rust-lang/cc-rs,15
2017-11-01,16183,4063,GitHub/rust-lang/cc-rs,2
2017-11-01,16183,4159,GitHub/rust-lang/cc-rs,1
2017-11-01,16183,4163,GitHub/rust-lang/cc-rs,1
2017-11-01,16183,4147,GitHub/rust-lang/cc-rs,1
2017-11-01,16183,3524,GitHub/rust-lang/cc-rs,1
2017-11-01,16183,4154,GitHub/rust-lang/cc-rs,1
2017-11-01,16183,4157,GitHub/rust-lang/cc-rs,1
2017-11-01,16183,64,GitHub/rust-lang/cc-rs,2
2017-11-01,16183,4160,GitHub/rust-lang/cc-rs,1
2017-11-01,16183,4142,GitHub/rust-lang/cc-rs,3
2017-11-01,16183,4140,GitHub/rust-lang/cc-rs,1
2017-11-01,16183,4152,GitHub/rust-lang/cc-rs,1
2017-11-01,16183,4144,GitHub/rust-lang/cc-rs,1
2017-11-01,16183,4155,GitHub/rust-lang/cc-rs,1
2017-11-01,16183,4139,GitHub/rust-lang/cc-rs,3
2017-11-01,16183,4143,GitHub/rust-lang/cc-rs,1
2017-11-01,16183,4162,GitHub/rust-lang/cc-rs,2
2017-11-01,16183,4138,GitHub/rust-lang/cc-rs,1
2017-11-01,16183,3092,GitHub/rust-lang/cc-rs,1
2017-11-01,16183,1547,GitHub/rust-lang/cc-rs,3
2017-11-01,16183,4153,GitHub/rust-lang/cc-rs,1
2017-11-01,16183,3071,GitHub/rust-lang/cc-rs,5
2017-11-01,16183,2867,GitHub/rust-lang/cc-rs,111
2017-11-01,16183,2988,GitHub/rust-lang/cc-rs,1
2017-11-01,16183,3435,GitHub/rust-lang/cc-rs,1
2017-11-01,16183,4119,GitHub/rust-lang/cc-rs,4
2017-11-01,16183,4148,GitHub/rust-lang/cc-rs,2
2017-11-01,16183,209,GitHub/rust-lang/cc-rs,1
2017-11-01,16183,2982,GitHub/rust-lang/cc-rs,1
2017-11-01,16183,2945,GitHub/rust-lang/cc-rs,1
2017-11-01,16183,3571,GitHub/rust-lang/cc-rs,4
2017-11-01,16492,4804,GitHub/tokio-rs/bytes,1
2017-11-01,16492,4961,GitHub/tokio-rs/bytes,1
2017-11-01,16492,4285,GitHub/tokio-rs/bytes,1
2017-11-01,16492,3186,GitHub/tokio-rs/bytes,1
2017-11-01,16492,4962,GitHub/tokio-rs/bytes,1
2017-11-01,16492,2558,GitHub/tokio-rs/bytes,1
2017-11-01,16492,4290,GitHub/tokio-rs/bytes,1
2017-11-01,16492,2991,GitHub/tokio-rs/bytes,2
2017-11-01,16492,3147,GitHub/tokio-rs/bytes,12
2017-11-01,16492,3170,GitHub/tokio-rs/bytes,5
2017-11-01,16492,2997,GitHub/tokio-rs/bytes,1
2017-11-01,16492,2867,GitHub/tokio-rs/bytes,4
2017-11-01,16492,3878,GitHub/tokio-rs/bytes,4
2017-11-01,16492,3433,GitHub/tokio-rs/bytes,54
2017-11-01,16492,209,GitHub/tokio-rs/bytes,1
2017-11-01,16492,4963,GitHub/tokio-rs/bytes,1
2017-11-01,17630,2891,GitHub/bluss/either,1
2017-11-01,17630,1228,GitHub/bluss/either,3
2017-11-01,17630,3133,GitHub/bluss/either,1
2017-11-01,17630,3132,GitHub/bluss/either,1
2017-11-01,17630,268,GitHub/bluss/either,15
2017-11-01,18006,3431,GitHub/crossbeam-rs/crossbeam,1
2017-11-01,18006,682,GitHub/crossbeam-rs/crossbeam,1
2017-11-01,18006,3426,GitHub/crossbeam-rs/crossbeam,3
2017-11-01,18006,3425,GitHub/crossbeam-rs/crossbeam,2
2017-11-01,18006,3413,GitHub/crossbeam-rs/crossbeam,1
2017-11-01,18006,3433,GitHub/crossbeam-rs/crossbeam,1
2017-11-01,18006,3432,GitHub/crossbeam-rs/crossbeam,1
2017-11-01,18006,2927,GitHub/crossbeam-rs/crossbeam,1
2017-11-01,18006,3096,GitHub/crossbeam-rs/crossbeam,20
2017-11-01,18006,353,GitHub/crossbeam-rs/crossbeam,131
2017-11-01,18006,3428,GitHub/crossbeam-rs/crossbeam,1
2017-11-01,18006,2936,GitHub/crossbeam-rs/crossbeam,1
2017-11-01,18006,673,GitHub/crossbeam-rs/crossbeam,1
2017-11-01,18006,3180,GitHub/crossbeam-rs/crossbeam,1
2017-11-01,18006,3429,GitHub/crossbeam-rs/crossbeam,2
2017-11-01,18006,2973,GitHub/crossbeam-rs/crossbeam,1
2017-11-01,19184,353,GitHub/bluss/scopeguard,1
2017-11-01,19184,268,GitHub/bluss/scopeguard,6
2017-11-01,19468,4133,GitHub/servo/rust-fnv,2
2017-11-01,20410,3981,GitHub/mgeisler/textwrap,4
2017-11-01,20410,2872,GitHub/mgeisler/textwrap,268
2017-11-01,20410,1228,GitHub/mgeisler/textwrap,5
2017-11-01,20699,2936,GitHub/Amanieu/parking_lot,1
2017-11-01,20699,2985,GitHub/Amanieu/parking_lot,1
2017-11-01,20699,2991,GitHub/Amanieu/parking_lot,3
2017-11-01,20699,2343,GitHub/Amanieu/parking_lot,2
2017-11-01,20699,2992,GitHub/Amanieu/parking_lot,1
2017-11-01,20699,2968,GitHub/Amanieu/parking_lot,38
2017-11-01,20949,3739,GitHub/Geal/nom,1
2017-11-01,20949,3743,GitHub/Geal/nom,4
2017-11-01,20949,1043,GitHub/Geal/nom,3
2017-11-01,20949,3768,GitHub/Geal/nom,1
2017-11-01,20949,29,GitHub/Geal/nom,2
2017-11-01,20949,658,GitHub/Geal/nom,3
2017-11-01,20949,3742,GitHub/Geal/nom,1
2017-11-01,20949,3665,GitHub/Geal/nom,5
2017-11-01,20949,3225,GitHub/Geal/nom,1
2017-11-01,20949,1042,GitHub/Geal/nom,1
2017-11-01,20949,3194,GitHub/Geal/nom,4
2017-11-01,20949,3755,GitHub/Geal/nom,3
2017-11-01,20949,3764,GitHub/Geal/nom,2
2017-11-01,20949,3726,GitHub/Geal/nom,6
2017-11-01,20949,3587,GitHub/Geal/nom,2
2017-11-01,20949,3766,GitHub/Geal/nom,1
2017-11-01,20949,3214,GitHub/Geal/nom,5
2017-11-01,20949,3712,GitHub/Geal/nom,1
2017-11-01,20949,3765,GitHub/Geal/nom,1
2017-11-01,20949,1036,GitHub/Geal/nom,1
2017-11-01,20949,3255,GitHub/Geal/nom,3
2017-11-01,20949,3763,GitHub/Geal/nom,1
2017-11-01,20949,3750,GitHub/Geal/nom,1
2017-11-01,20949,3757,GitHub/Geal/nom,1
2017-11-01,20949,1058,GitHub/Geal/nom,1
2017-11-01,20949,3762,GitHub/Geal/nom,1
2017-11-01,20949,3747,GitHub/Geal/nom,2
2017-11-01,20949,3646,GitHub/Geal/nom,1
2017-11-01,20949,3760,GitHub/Geal/nom,2
2017-11-01,20949,3690,GitHub/Geal/nom,2
2017-11-01,20949,1035,GitHub/Geal/nom,1
2017-11-01,20949,3746,GitHub/Geal/nom,2
2017-11-01,20949,3769,GitHub/Geal/nom,1
2017-11-01,20949,2927,GitHub/Geal/nom,1
2017-11-01,20949,3753,GitHub/Geal/nom,1
2017-11-01,20949,3651,GitHub/Geal/nom,5
2017-11-01,20949,3744,GitHub/Geal/nom,1
2017-11-01,20949,3748,GitHub/Geal/nom,1
2017-11-01,20949,3751,GitHub/Geal/nom,1
2017-11-01,20949,3754,GitHub/Geal/nom,1
2017-11-01,20949,1052,GitHub/Geal/nom,1
2017-11-01,20949,3689,GitHub/Geal/nom,1
2017-11-01,20949,1060,GitHub/Geal/nom,1
2017-11-01,20949,3741,GitHub/Geal/nom,1
2017-11-01,20949,3745,GitHub/Geal/nom,1
2017-11-01,20949,2902,GitHub/Geal/nom,1
2017-11-01,20949,3756,GitHub/Geal/nom,1
2017-11-01,20949,1068,GitHub/Geal/nom,1
2017-11-01,20949,1038,GitHub/Geal/nom,9
2017-11-01,20949,3654,GitHub/Geal/nom,1
2017-11-01,20949,3534,GitHub/Geal/nom,179
2017-11-01,20949,3761,GitHub/Geal/nom,4
2017-11-01,20949,3759,GitHub/Geal/nom,3
2017-11-01,20949,1067,GitHub/Geal/nom,1
2017-11-01,21282,3099,GitHub/bluss/arrayvec,5
2017-11-01,21282,3092,GitHub/bluss/arrayvec,5
2017-11-01,21282,268,GitHub/bluss/arrayvec,88
2017-11-01,21282,3098,GitHub/bluss/arrayvec,1
2017-11-01,21282,3051,GitHub/bluss/arrayvec,4
2017-11-01,21445,2930,GitHub/marshallpierce/rust-base64,1
2017-11-01,21445,46,GitHub/marshallpierce/rust-base64,1
2017-11-01,21445,1272,GitHub/marshallpierce/rust-base64,9
2017-11-01,21445,3180,GitHub/marshallpierce/rust-base64,1
2017-11-01,21445,3936,GitHub/marshallpierce/rust-base64,2
2017-11-01,21445,1281,GitHub/marshallpierce/rust-base64,50
2017-11-01,21445,209,GitHub/marshallpierce/rust-base64,1
2017-11-01,21445,1280,GitHub/marshallpierce/rust-base64,2
2017-11-01,21445,1279,GitHub/marshallpierce/rust-base64,6
2017-11-01,21445,1252,GitHub/marshallpierce/rust-base64,1
2017-11-01,21445,1278,GitHub/marshallpierce/rust-base64,34
2017-11-01,22724,155,GitHub/rust-lang/log,1
2017-11-01,22724,2927,GitHub/rust-lang/log,1
2017-11-01,22724,3044,GitHub/rust-lang/log,1
2017-11-01,22724,3070,GitHub/rust-lang/log,2
2017-11-01,22724,2936,GitHub/rust-lang/log,1
2017-11-01,22724,4146,GitHub/rust-lang/log,5
2017-11-01,22724,4481,GitHub/rust-lang/log,2
2017-11-01,22724,4482,GitHub/rust-lang/log,1
2017-11-01,22724,3071,GitHub/rust-lang/log,6
2017-11-01,22724,4477,GitHub/rust-lang/log,1
2017-11-01,22724,3900,GitHub/rust-lang/log,1
2017-11-01,22724,4478,GitHub/rust-lang/log,1
2017-11-01,22724,3691,GitHub/rust-lang/log,2
2017-11-01,22724,1962,GitHub/rust-lang/log,1
2017-11-01,22724,4149,GitHub/rust-lang/log,10
2017-11-01,22724,3571,GitHub/rust-lang/log,3
2017-11-01,22724,1953,GitHub/rust-lang/log,2
2017-11-01,22724,2912,GitHub/rust-lang/log,32
2017-11-01,22724,4479,GitHub/rust-lang/log,8
2017-11-01,22724,64,GitHub/rust-lang/log,2
2017-11-01,22724,2945,GitHub/rust-lang/log,44
2017-11-01,22724,2867,GitHub/rust-lang/log,20
2017-11-01,22724,1928,GitHub/rust-lang/log,1
2017-11-01,22724,1961,GitHub/rust-lang/log,6
2017-11-01,22724,3741,GitHub/rust-lang/log,1
2017-11-01,22724,4480,GitHub/rust-lang/log,10
2017-11-01,22804,2867,GitHub/alexcrichton/cfg-if,6
2017-11-01,22804,2872,GitHub/alexcrichton/cfg-if,1
2017-11-01,22804,2874,GitHub/alexcrichton/cfg-if,1
2017-11-01,23287,3108,GitHub/rust-itertools/itertools,1
2017-11-01,23287,268,GitHub/rust-itertools/itertools,94
2017-11-01,23287,4060,GitHub/rust-itertools/itertools,3
2017-11-01,23287,3637,GitHub/rust-itertools/itertools,2
2017-11-01,23287,2889,GitHub/rust-itertools/itertools,1
2017-11-01,23287,4058,GitHub/rust-itertools/itertools,1
2017-11-01,23287,3761,GitHub/rust-itertools/itertools,3
2017-11-01,23287,2927,GitHub/rust-itertools/itertools,3
2017-11-01,23287,771,GitHub/rust-itertools/itertools,6
2017-11-01,24440,3992,GitHub/ogham/rust-ansi-term,1
2017-11-01,24440,496,GitHub/ogham/rust-ansi-term,23
2017-11-01,24455,3423,GitHub/serde-rs/json,14
2017-11-01,24455,4771,GitHub/serde-rs/json,2
2017-11-01,24455,4065,GitHub/serde-rs/json,3
2017-11-01,24455,4412,GitHub/serde-rs/json,2
2017-11-01,24455,2888,GitHub/serde-rs/json,1
2017-11-01,24455,4772,GitHub/serde-rs/json,1
2017-11-01,24455,4770,GitHub/serde-rs/json,1
2017-11-01,24455,2912,GitHub/serde-rs/json,284
2017-11-01,24455,1838,GitHub/serde-rs/json,1
2017-11-01,24455,1252,GitHub/serde-rs/json,3
2017-11-01,24455,4775,GitHub/serde-rs/json,1
2017-11-01,24455,4767,GitHub/serde-rs/json,1
2017-11-01,24455,2942,GitHub/serde-rs/json,1
2017-11-01,24455,65,GitHub/serde-rs/json,14
2017-11-01,24455,4769,GitHub/serde-rs/json,2
2017-11-01,24455,2936,GitHub/serde-rs/json,3
2017-11-01,24455,4290,GitHub/serde-rs/json,2
2017-11-01,24455,4773,GitHub/serde-rs/json,3
2017-11-01,25976,4520,GitHub/rust-lang/regex,1
2017-11-01,25976,2047,GitHub/rust-lang/regex,1
2017-11-01,25976,3043,GitHub/rust-lang/regex,20
2017-11-01,25976,2044,GitHub/rust-lang/regex,3
2017-11-01,25976,4516,GitHub/rust-lang/regex,1
2017-11-01,25976,4553,GitHub/rust-lang/regex,1
2017-11-01,25976,3933,GitHub/rust-lang/regex,6
2017-11-01,25976,4550,GitHub/rust-lang/regex,1
2017-11-01,25976,3587,GitHub/rust-lang/regex,1
2017-11-01,25976,2961,GitHub/rust-lang/regex,1
2017-11-01,25976,2867,GitHub/rust-lang/regex,1
2017-11-01,25976,2927,GitHub/rust-lang/regex,1
2017-11-01,25976,3505,GitHub/rust-lang/regex,4
2017-11-01,25976,64,GitHub/rust-lang/regex,1
2017-11-01,25976,4518,GitHub/rust-lang/regex,1
2017-11-01,25976,4519,GitHub/rust-lang/regex,1
2017-11-01,25976,4517,GitHub/rust-lang/regex,1
2017-11-01,25976,2872,GitHub/rust-lang/regex,1
2017-11-01,25976,4552,GitHub/rust-lang/regex,1
2017-11-01,25976,2914,GitHub/rust-lang/regex,1
2017-11-01,25976,2038,GitHub/rust-lang/regex,1
2017-11-01,25976,3025,GitHub/rust-lang/regex,2
2017-11-01,26074,3614,GitHub/paholg/typenum,38
2017-11-01,26074,4006,GitHub/paholg/typenum,2
2017-11-01,28336,3189,GitHub/RustCrypto/traits,33
2017-11-01,28705,2872,GitHub/dguo/strsim-rs,1
2017-11-01,28705,707,GitHub/dguo/strsim-rs,1
2017-11-01,28877,3021,GitHub/unicode-rs/unicode-xid,1
2017-11-01,28877,1252,GitHub/unicode-rs/unicode-xid,1
2017-11-01,28877,3413,GitHub/unicode-rs/unicode-xid,1
2017-11-01,30968,2343,GitHub/SergioBenitez/version_check,12
2017-11-01,32560,2872,GitHub/BurntSushi/memchr,1
2017-11-01,32560,268,GitHub/BurntSushi/memchr,5
2017-11-01,32560,3214,GitHub/BurntSushi/memchr,2
2017-11-01,32560,3213,GitHub/BurntSushi/memchr,1
2017-11-01,32560,2968,GitHub/BurntSushi/memchr,1
2017-11-01,32560,2988,GitHub/BurntSushi/memchr,1
2017-11-01,32560,3043,GitHub/BurntSushi/memchr,5
2017-11-01,33435,1252,GitHub/dtolnay/itoa,2
2017-11-01,33435,3493,GitHub/dtolnay/itoa,2
2017-11-01,33435,2912,GitHub/dtolnay/itoa,24
2017-11-01,33435,3413,GitHub/dtolnay/itoa,3
2017-11-01,34191,4042,GitHub/RustCrypto/utils,1
2017-11-01,34191,4041,GitHub/RustCrypto/utils,1
2017-11-01,34191,3189,GitHub/RustCrypto/utils,49
2017-11-01,34831,3433,GitHub/rust-lang/futures-rs,34
2017-11-01,34831,4294,GitHub/rust-lang/futures-rs,1
2017-11-01,34831,2986,GitHub/rust-lang/futures-rs,1
2017-11-01,34831,4288,GitHub/rust-lang/futures-rs,17
2017-11-01,34831,3170,GitHub/rust-lang/futures-rs,2
2017-11-01,34831,4631,GitHub/rust-lang/futures-rs,1
2017-11-01,34831,4284,GitHub/rust-lang/futures-rs,8
2017-11-01,34831,4293,GitHub/rust-lang/futures-rs,1
2017-11-01,34831,4254,GitHub/rust-lang/futures-rs,2
2017-11-01,34831,3393,GitHub/rust-lang/futures-rs,2
2017-11-01,34831,4274,GitHub/rust-lang/futures-rs,2
2017-11-01,34831,4279,GitHub/rust-lang/futures-rs,1
2017-11-01,34831,3197,GitHub/rust-lang/futures-rs,3
2017-11-01,34831,4285,GitHub/rust-lang/futures-rs,2
2017-11-01,34831,4267,GitHub/rust-lang/futures-rs,1
2017-11-01,34831,4270,GitHub/rust-lang/futures-rs,1
2017-11-01,34831,771,GitHub/rust-lang/futures-rs,1
2017-11-01,34831,4272,GitHub/rust-lang/futures-rs,1
2017-11-01,34831,2933,GitHub/rust-lang/futures-rs,2
2017-11-01,34831,4283,GitHub/rust-lang/futures-rs,2
2017-11-01,34831,4278,GitHub/rust-lang/futures-rs,1
2017-11-01,34831,4257,GitHub/rust-lang/futures-rs,2
2017-11-01,34831,2888,GitHub/rust-lang/futures-rs,2
2017-11-01,34831,3581,GitHub/rust-lang/futures-rs,2
2017-11-01,34831,3949,GitHub/rust-lang/futures-rs,2
2017-11-01,34831,4334,GitHub/rust-lang/futures-rs,1
2017-11-01,34831,3793,GitHub/rust-lang/futures-rs,1
2017-11-01,34831,3147,GitHub/rust-lang/futures-rs,14
2017-11-01,34831,3427,GitHub/rust-lang/futures-rs,2
2017-11-01,34831,2867,GitHub/rust-lang/futures-rs,317
2017-11-01,34831,3891,GitHub/rust-lang/futures-rs,1
2017-11-01,34831,2980,GitHub/rust-lang/futures-rs,1
2017-11-01,34831,4276,GitHub/rust-lang/futures-rs,2
2017-11-01,34831,4332,GitHub/rust-lang/futures-rs,1
2017-11-01,34831,4286,GitHub/rust-lang/futures-rs,1
2017-11-01,34831,3613,GitHub/rust-lang/futures-rs,3
2017-11-01,34831,3637,GitHub/rust-lang/futures-rs,4
2017-11-01,34831,3741,GitHub/rust-lang/futures-rs,1
2017-11-01,34831,4291,GitHub/rust-lang/futures-rs,2
2017-11-01,34831,4287,GitHub/rust-lang/futures-rs,1
2017-11-01,34831,4289,GitHub/rust-lang/futures-rs,12
2017-11-01,34831,4292,GitHub/rust-lang/futures-rs,2
2017-11-01,34831,4277,GitHub/rust-lang/futures-rs,1
2017-11-01,34831,3377,GitHub/rust-lang/futures-rs,1
2017-11-01,34831,4266,GitHub/rust-lang/futures-rs,1
2017-11-01,34831,4268,GitHub/rust-lang/futures-rs,1
2017-11-01,34831,4333,GitHub/rust-lang/futures-rs,1
2017-11-01,34831,3435,GitHub/rust-lang/futures-rs,1
2017-11-01,34831,3883,GitHub/rust-lang/futures-rs,6
2017-11-01,34831,3502,GitHub/rust-lang/futures-rs,21
2017-11-01,34831,4253,GitHub/rust-lang/futures-rs,5
2017-11-01,34831,1228,GitHub/rust-lang/futures-rs,1
2017-11-01,34831,1710,GitHub/rust-lang/futures-rs,6
2017-11-01,34831,4290,GitHub/rust-lang/futures-rs,1
2017-11-01,34831,4265,GitHub/rust-lang/futures-rs,1
2017-11-01,34831,4282,GitHub/rust-lang/futures-rs,2
2017-11-01,34831,2974,GitHub/rust-lang/futures-rs,1
2017-11-01,34831,4280,GitHub/rust-lang/futures-rs,1
2017-11-01,34831,2936,GitHub/rust-lang/futures-rs,6
2017-11-01,34831,2256,GitHub/rust-lang/futures-rs,4
2017-11-01,34831,3761,GitHub/rust-lang/futures-rs,9
2017-11-01,34831,4251,GitHub/rust-lang/futures-rs,4
2017-11-01,34831,1246,GitHub/rust-lang/futures-rs,2
2017-11-01,34831,3318,GitHub/rust-lang/futures-rs,3
2017-11-01,34831,3878,GitHub/rust-lang/futures-rs,3
2017-11-01,34831,3732,GitHub/rust-lang/futures-rs,1
2017-11-01,34831,1703,GitHub/rust-lang/futures-rs,1
2017-11-01,35574,4220,GitHub/unicode-rs/unicode-normalization,3
2017-11-01,35574,2874,GitHub/unicode-rs/unicode-normalization,1
2017-11-01,35574,3173,GitHub/unicode-rs/unicode-normalization,2
2017-11-01,35574,3413,GitHub/unicode-rs/unicode-normalization,4
2017-11-01,35574,2914,GitHub/unicode-rs/unicode-normalization,2
2017-11-01,36114,268,GitHub/SimonSapin/rust-std-candidates,4
2017-11-01,36114,3413,GitHub/SimonSapin/rust-std-candidates,6
2017-11-01,36424,2074,GitHub/steveklabnik/semver-parser,2
2017-11-01,36424,2475,GitHub/steveklabnik/semver-parser,2
2017-11-01,36424,4781,GitHub/steveklabnik/semver-parser,3
2017-11-01,36424,2473,GitHub/steveklabnik/semver-parser,1
2017-11-01,36424,2950,GitHub/steveklabnik/semver-parser,6
2017-11-01,37083,3317,GitHub/BurntSushi/termcolor,1
2017-11-01,37083,3292,GitHub/BurntSushi/termcolor,1
2017-11-01,37083,3285,GitHub/BurntSushi/termcolor,1
2017-11-01,37083,532,GitHub/BurntSushi/termcolor,1
2017-11-01,37083,3314,GitHub/BurntSushi/termcolor,1
2017-11-01,37083,3309,GitHub/BurntSushi/termcolor,1
2017-11-01,37083,488,GitHub/BurntSushi/termcolor,1
2017-11-01,37083,510,GitHub/BurntSushi/termcolor,1
2017-11-01,37083,542,GitHub/BurntSushi/termcolor,1
2017-11-01,37083,3318,GitHub/BurntSushi/termcolor,1
2017-11-01,37083,3324,GitHub/BurntSushi/termcolor,4
2017-11-01,37083,529,GitHub/BurntSushi/termcolor,1
2017-11-01,37083,3294,GitHub/BurntSushi/termcolor,2
2017-11-01,37083,3134,GitHub/BurntSushi/termcolor,1
2017-11-01,37083,3283,GitHub/BurntSushi/termcolor,1
2017-11-01,37083,541,GitHub/BurntSushi/termcolor,1
2017-11-01,37083,3327,GitHub/BurntSushi/termcolor,1
2017-11-01,37083,3316,GitHub/BurntSushi/termcolor,1
2017-11-01,37083,3310,GitHub/BurntSushi/termcolor,1
2017-11-01,37083,3281,GitHub/BurntSushi/termcolor,1
2017-11-01,37083,3325,GitHub/BurntSushi/termcolor,2
2017-11-01,37083,3321,GitHub/BurntSushi/termcolor,1
2017-11-01,37083,3280,GitHub/BurntSushi/termcolor,4
2017-11-01,37083,3319,GitHub/BurntSushi/termcolor,2
2017-11-01,37083,3262,GitHub/BurntSushi/termcolor,1
2017-11-01,37083,3290,GitHub/BurntSushi/termcolor,1
2017-11-01,37083,2914,GitHub/BurntSushi/termcolor,2
2017-11-01,37083,3013,GitHub/BurntSushi/termcolor,1
2017-11-01,37083,3313,GitHub/BurntSushi/termcolor,1
2017-11-01,37083,3322,GitHub/BurntSushi/termcolor,1
2017-11-01,37083,3286,GitHub/BurntSushi/termcolor,2
2017-11-01,37083,3232,GitHub/BurntSushi/termcolor,17
2017-11-01,37083,3308,GitHub/BurntSushi/termcolor,1
2017-11-01,37083,3288,GitHub/BurntSushi/termcolor,1
2017-11-01,37083,508,GitHub/BurntSushi/termcolor,1
2017-11-01,37083,3298,GitHub/BurntSushi/termcolor,1
2017-11-01,37083,3270,GitHub/BurntSushi/termcolor,1
2017-11-01,37083,496,GitHub/BurntSushi/termcolor,1
2017-11-01,37083,3291,GitHub/BurntSushi/termcolor,1
2017-11-01,37083,528,GitHub/BurntSushi/termcolor,1
2017-11-01,37083,3304,GitHub/BurntSushi/termcolor,1
2017-11-01,37083,3307,GitHub/BurntSushi/termcolor,1
2017-11-01,37083,3284,GitHub/BurntSushi/termcolor,2
2017-11-01,37083,517,GitHub/BurntSushi/termcolor,1
2017-11-01,37083,3311,GitHub/BurntSushi/termcolor,1
2017-11-01,37083,3302,GitHub/BurntSushi/termcolor,2
2017-11-01,37083,3297,GitHub/BurntSushi/termcolor,1
2017-11-01,37083,3236,GitHub/BurntSushi/termcolor,1
2017-11-01,37083,3303,GitHub/BurntSushi/termcolor,1
2017-11-01,37083,3296,GitHub/BurntSushi/termcolor,1
2017-11-01,37083,3301,GitHub/BurntSushi/termcolor,1
2017-11-01,37083,2927,GitHub/BurntSushi/termcolor,1
2017-11-01,37083,3293,GitHub/BurntSushi/termcolor,2
2017-11-01,37083,3326,GitHub/BurntSushi/termcolor,1
2017-11-01,37083,491,GitHub/BurntSushi/termcolor,1
2017-11-01,37083,3186,GitHub/BurntSushi/termcolor,1
2017-11-01,37083,3282,GitHub/BurntSushi/termcolor,1
2017-11-01,37083,3043,GitHub/BurntSushi/termcolor,130
2017-11-01,37083,3315,GitHub/BurntSushi/termcolor,1
2017-11-01,37083,3323,GitHub/BurntSushi/termcolor,1
2017-11-01,37083,2867,GitHub/BurntSushi/termcolor,1
2017-11-01,37083,2977,GitHub/BurntSushi/termcolor,2
2017-11-01,37083,3300,GitHub/BurntSushi/termcolor,2
2017-11-01,37083,482,GitHub/BurntSushi/termcolor,1
2017-11-01,37083,3312,GitHub/BurntSushi/termcolor,5
2017-11-01,37083,209,GitHub/BurntSushi/termcolor,2
2017-11-01,37083,3289,GitHub/BurntSushi/termcolor,1
2017-11-01,37083,3299,GitHub/BurntSushi/termcolor,1
2017-11-01,37083,3305,GitHub/BurntSushi/termcolor,7
2017-11-01,37083,3263,GitHub/BurntSushi/termcolor,8
2017-11-01,37083,3279,GitHub/BurntSushi/termcolor,1
2017-11-01,37101,1198,GitHub/Gilnaa/memoffset,11
2017-11-01,37612,2867,GitHub/dtolnay/quote,9
2017-11-01,37612,3413,GitHub/dtolnay/quote,1
2017-11-01,37612,2973,GitHub/dtolnay/quote,1
2017-11-01,37612,2922,GitHub/dtolnay/quote,1
2017-11-01,37612,3021,GitHub/dtolnay/quote,2
2017-11-01,37612,2912,GitHub/dtolnay/quote,22
2017-11-01,37844,3377,GitHub/softprops/atty,2
2017-11-01,37844,3043,GitHub/softprops/atty,2
2017-11-01,37844,4270,GitHub/softprops/atty,17
2017-11-01,37844,4735,GitHub/softprops/atty,1
2017-11-01,38667,3139,GitHub/bluss/indexmap,3
2017-11-01,38667,322,GitHub/bluss/indexmap,6
2017-11-01,38667,3141,GitHub/bluss/indexmap,1
2017-11-01,38667,3142,GitHub/bluss/indexmap,3
2017-11-01,38667,3138,GitHub/bluss/indexmap,2
2017-11-01,38667,2954,GitHub/bluss/indexmap,1
2017-11-01,38667,3140,GitHub/bluss/indexmap,2
2017-11-01,38667,268,GitHub/bluss/indexmap,53
2017-11-01,39779,2509,GitHub/time-rs/time,3
2017-11-01,39779,209,GitHub/time-rs/time,1
2017-11-01,39779,2510,GitHub/time-rs/time,1
2017-11-01,39779,4063,GitHub/time-rs/time,1
2017-11-01,39779,2872,GitHub/time-rs/time,1
2017-11-01,39779,2867,GitHub/time-rs/time,10
2017-11-01,40494,4848,GitHub/servo/unicode-bidi,3
2017-11-01,40494,2914,GitHub/servo/unicode-bidi,49
2017-11-01,40494,1252,GitHub/servo/unicode-bidi,1
2017-11-01,40494,2872,GitHub/servo/unicode-bidi,1
2017-11-01,40494,3173,GitHub/servo/unicode-bidi,1
2017-11-01,40494,2988,GitHub/servo/unicode-bidi,2
2017-11-01,40937,3531,GitHub/dtolnay/semver,2
2017-11-01,40937,470,GitHub/dtolnay/semver,1
2017-11-01,40937,2912,GitHub/dtolnay/semver,2
2017-11-01,40937,2970,GitHub/dtolnay/semver,2
2017-11-01,40937,2950,GitHub/dtolnay/semver,22
2017-11-01,40937,3070,GitHub/dtolnay/semver,1
2017-11-01,40937,3501,GitHub/dtolnay/semver,1
2017-11-01,40937,2911,GitHub/dtolnay/semver,3
2017-11-01,40937,794,GitHub/dtolnay/semver,1
2017-11-01,40937,789,GitHub/dtolnay/semver,1
2017-11-01,40937,2872,GitHub/dtolnay/semver,1
2017-11-01,41752,4853,GitHub/servo/rust-url,1
2017-11-01,41752,1716,GitHub/servo/rust-url,1
2017-11-01,41752,4854,GitHub/servo/rust-url,3
2017-11-01,41752,4847,GitHub/servo/rust-url,2
2017-11-01,41752,3571,GitHub/servo/rust-url,1
2017-11-01,41752,64,GitHub/servo/rust-url,2
2017-11-01,41752,2985,GitHub/servo/rust-url,1
2017-11-01,41752,2936,GitHub/servo/rust-url,13
2017-11-01,41752,3878,GitHub/servo/rust-url,1
2017-11-01,41752,4856,GitHub/servo/rust-url,1
2017-11-01,41752,4851,GitHub/servo/rust-url,4
2017-11-01,41752,3943,GitHub/servo/rust-url,6
2017-11-01,41752,2902,GitHub/servo/rust-url,1
2017-11-01,41752,2988,GitHub/servo/rust-url,1
2017-11-01,41752,4846,GitHub/servo/rust-url,1
2017-11-01,41752,1763,GitHub/servo/rust-url,2
2017-11-01,41752,2928,GitHub/servo/rust-url,1
2017-11-01,41752,4581,GitHub/servo/rust-url,2
2017-11-01,41752,3168,GitHub/servo/rust-url,1
2017-11-01,41752,4855,GitHub/servo/rust-url,1
2017-11-01,41752,2428,GitHub/servo/rust-url,11
2017-11-01,41752,4038,GitHub/servo/rust-url,2
2017-11-01,41752,2409,GitHub/servo/rust-url,1
2017-11-01,41752,4220,GitHub/servo/rust-url,5
2017-11-01,41752,4850,GitHub/servo/rust-url,1
2017-11-01,41752,2872,GitHub/servo/rust-url,1
2017-11-01,41752,2914,GitHub/servo/rust-url,11
2017-11-01,41752,3071,GitHub/servo/rust-url,1
2017-11-01,41752,4343,GitHub/servo/rust-url,2
2017-11-01,41752,4848,GitHub/servo/rust-url,1
2017-11-01,41752,2921,GitHub/servo/rust-url,7
2017-11-01,41752,209,GitHub/servo/rust-url,2
2017-11-01,41752,3539,GitHub/servo/rust-url,1
2017-11-01,41752,3192,GitHub/servo/rust-url,4
2017-11-01,41752,3413,GitHub/servo/rust-url,23
2017-11-01,41752,3173,GitHub/servo/rust-url,3
2017-11-01,41752,3761,GitHub/servo/rust-url,3
2017-11-01,41752,1252,GitHub/servo/rust-url,2
2017-11-01,41752,4857,GitHub/servo/rust-url,1
2017-11-01,41957,2867,GitHub/dtolnay/proc-macro2,34
2017-11-01,41957,2912,GitHub/dtolnay/proc-macro2,29
2017-11-01,41957,2976,GitHub/dtolnay/proc-macro2,1
2017-11-01,41957,3021,GitHub/dtolnay/proc-macro2,4
2017-11-01,42655,4618,GitHub/rust-lang/socket2,1
2017-11-01,42655,2945,GitHub/rust-lang/socket2,14
2017-11-01,42655,2867,GitHub/rust-lang/socket2,22
2017-11-01,42655,3313,GitHub/rust-lang/socket2,2
2017-11-01,42677,3170,GitHub/withoutboats/heck,1
2017-11-01,42677,3905,GitHub/withoutboats/heck,12
2017-11-01,46027,2343,GitHub/alexcrichton/toml-rs,2
2017-11-01,46027,64,GitHub/alexcrichton/toml-rs,3
2017-11-01,46027,2916,GitHub/alexcrichton/toml-rs,1
2017-11-01,46027,2926,GitHub/alexcrichton/toml-rs,1
2017-11-01,46027,2914,GitHub/alexcrichton/toml-rs,1
2017-11-01,46027,2924,GitHub/alexcrichton/toml-rs,1
2017-11-01,46027,2928,GitHub/alexcrichton/toml-rs,1
2017-11-01,46027,2925,GitHub/alexcrichton/toml-rs,1
2017-11-01,46027,2927,GitHub/alexcrichton/toml-rs,3
2017-11-01,46027,2920,GitHub/alexcrichton/toml-rs,1
2017-11-01,46027,2921,GitHub/alexcrichton/toml-rs,5
2017-11-01,46027,68,GitHub/alexcrichton/toml-rs,1
2017-11-01,46027,2919,GitHub/alexcrichton/toml-rs,11
2017-11-01,46027,2915,GitHub/alexcrichton/toml-rs,22
2017-11-01,46027,2918,GitHub/alexcrichton/toml-rs,1
2017-11-01,46027,65,GitHub/alexcrichton/toml-rs,2
2017-11-01,46027,46,GitHub/alexcrichton/toml-rs,4
2017-11-01,46027,2923,GitHub/alexcrichton/toml-rs,1
2017-11-01,46027,2867,GitHub/alexcrichton/toml-rs,56
2017-11-01,46027,2922,GitHub/alexcrichton/toml-rs,4
2017-11-01,46178,3071,GitHub/rust-lang-nursery/lazy-static.rs,1
2017-11-01,46178,4630,GitHub/rust-lang-nursery/lazy-static.rs,1
2017-11-01,46178,3472,GitHub/rust-lang-nursery/lazy-static.rs,21
2017-11-01,46178,4539,GitHub/rust-lang-nursery/lazy-static.rs,1
2017-11-01,46178,4627,GitHub/rust-lang-nursery/lazy-static.rs,1
2017-11-01,46178,2921,GitHub/rust-lang-nursery/lazy-static.rs,3
2017-11-01,46178,3044,GitHub/rust-lang-nursery/lazy-static.rs,1
2017-11-01,46178,3070,GitHub/rust-lang-nursery/lazy-static.rs,1
2017-11-01,46178,2928,GitHub/rust-lang-nursery/lazy-static.rs,1
2017-11-01,46178,1547,GitHub/rust-lang-nursery/lazy-static.rs,3
2017-11-01,49067,2968,GitHub/Amanieu/thread_local-rs,7
2017-11-01,49067,2872,GitHub/Amanieu/thread_local-rs,1
2017-11-01,49067,209,GitHub/Amanieu/thread_local-rs,1
2017-11-01,49075,4508,GitHub/rust-lang/pkg-config-rs,1
2017-11-01,49075,2872,GitHub/rust-lang/pkg-config-rs,1
2017-11-01,49075,2867,GitHub/rust-lang/pkg-config-rs,9
2017-11-01,49075,4509,GitHub/rust-lang/pkg-config-rs,2
2017-11-01,49075,2909,GitHub/rust-lang/pkg-config-rs,1
2017-11-01,49075,1992,GitHub/rust-lang/pkg-config-rs,1
2017-11-01,52462,2970,GitHub/Frommi/miniz_oxide,1
2017-11-01,52462,3636,GitHub/Frommi/miniz_oxide,161
2017-11-01,52462,898,GitHub/Frommi/miniz_oxide,53
2017-11-01,52465,3609,GitHub/fizyk20/generic-array,1
2017-11-01,52465,3608,GitHub/fizyk20/generic-array,1
2017-11-01,52465,879,GitHub/fizyk20/generic-array,1
2017-11-01,52465,3206,GitHub/fizyk20/generic-array,3
2017-11-01,52465,3610,GitHub/fizyk20/generic-array,1
2017-11-01,52465,3607,GitHub/fizyk20/generic-array,16
2017-11-01,52465,3606,GitHub/fizyk20/generic-array,25
2017-12-01,602,3173,GitHub/unicode-rs/unicode-segmentation,4
2017-12-01,602,4985,GitHub/unicode-rs/unicode-segmentation,2
2017-12-01,602,4538,GitHub/unicode-rs/unicode-segmentation,3
2017-12-01,602,4781,GitHub/unicode-rs/unicode-segmentation,7
2017-12-01,602,3413,GitHub/unicode-rs/unicode-segmentation,2
2017-12-01,602,2988,GitHub/unicode-rs/unicode-segmentation,5
2017-12-01,626,1235,GitHub/hyperium/http,1
2017-12-01,626,1232,GitHub/hyperium/http,1
2017-12-01,626,3906,GitHub/hyperium/http,1
2017-12-01,626,2867,GitHub/hyperium/http,52
2017-12-01,626,2936,GitHub/hyperium/http,1
2017-12-01,626,3531,GitHub/hyperium/http,1
2017-12-01,626,3900,GitHub/hyperium/http,1
2017-12-01,626,2880,GitHub/hyperium/http,2
2017-12-01,626,3433,GitHub/hyperium/http,50
2017-12-01,626,3905,GitHub/hyperium/http,5
2017-12-01,626,3904,GitHub/hyperium/http,8
2017-12-01,626,3903,GitHub/hyperium/http,1
2017-12-01,626,1230,GitHub/hyperium/http,1
2017-12-01,626,3878,GitHub/hyperium/http,49
2017-12-01,3150,2276,GitHub/seanmonstar/num_cpus,1
2017-12-01,3150,4618,GitHub/seanmonstar/num_cpus,1
2017-12-01,3150,2275,GitHub/seanmonstar/num_cpus,1
2017-12-01,3150,2930,GitHub/seanmonstar/num_cpus,1
2017-12-01,3150,3066,GitHub/seanmonstar/num_cpus,10
2017-12-01,3150,2927,GitHub/seanmonstar/num_cpus,1
2017-12-01,3150,3878,GitHub/seanmonstar/num_cpus,38
2017-12-01,3150,3255,GitHub/seanmonstar/num_cpus,1
2017-12-01,3150,4734,GitHub/seanmonstar/num_cpus,1
2017-12-01,3150,4735,GitHub/seanmonstar/num_cpus,1
2017-12-01,3150,4731,GitHub/seanmonstar/num_cpus,4
2017-12-01,3509,2606,GitHub/unicode-rs/unicode-width,1
2017-12-01,4484,209,GitHub/BurntSushi/byteorder,1
2017-12-01,4484,2872,GitHub/BurntSushi/byteorder,1
2017-12-01,4484,3189,GitHub/BurntSushi/byteorder,1
2017-12-01,4484,3071,GitHub/BurntSushi/byteorder,4
2017-12-01,4484,3193,GitHub/BurntSushi/byteorder,2
2017-12-01,4484,2928,GitHub/BurntSushi/byteorder,8
2017-12-01,4484,3195,GitHub/BurntSushi/byteorder,1
2017-12-01,4484,3194,GitHub/BurntSushi/byteorder,2
2017-12-01,4484,3043,GitHub/BurntSushi/byteorder,16
2017-12-01,4484,385,GitHub/BurntSushi/byteorder,1
2017-12-01,4484,3025,GitHub/BurntSushi/byteorder,1
2017-12-01,4486,209,GitHub/contain-rs/vec-map,1
2017-12-01,4486,3143,GitHub/contain-rs/vec-map,2
2017-12-01,4486,586,GitHub/contain-rs/vec-map,7
2017-12-01,4486,2874,GitHub/contain-rs/vec-map,2
2017-12-01,4486,2993,GitHub/contain-rs/vec-map,3
2017-12-01,4486,2868,GitHub/contain-rs/vec-map,1
2017-12-01,4486,3193,GitHub/contain-rs/vec-map,4
2017-12-01,4486,3363,GitHub/contain-rs/vec-map,1
2017-12-01,4486,3361,GitHub/contain-rs/vec-map,2
2017-12-01,4486,3362,GitHub/contain-rs/vec-map,1
2017-12-01,4733,3599,GitHub/dtolnay/syn,1
2017-12-01,4733,3600,GitHub/dtolnay/syn,1
2017-12-01,4733,3597,GitHub/dtolnay/syn,2
2017-12-01,4733,2912,GitHub/dtolnay/syn,175
2017-12-01,4733,2874,GitHub/dtolnay/syn,1
2017-12-01,4733,3413,GitHub/dtolnay/syn,5
2017-12-01,4733,3021,GitHub/dtolnay/syn,66
2017-12-01,4733,2867,GitHub/dtolnay/syn,39
2017-12-01,4733,3598,GitHub/dtolnay/syn,20
2017-12-01,4733,3097,GitHub/dtolnay/syn,1
2017-12-01,4733,3596,GitHub/dtolnay/syn,2
2017-12-01,4733,2922,GitHub/dtolnay/syn,3
2017-12-01,4733,3114,GitHub/dtolnay/syn,1
2017-12-01,6681,209,GitHub/djc/rustc-version-rs,1
2017-12-01,6681,2927,GitHub/djc/rustc-version-rs,1
2017-12-01,6681,3476,GitHub/djc/rustc-version-rs,1
2017-12-01,6681,2872,GitHub/djc/rustc-version-rs,1
2017-12-01,6681,2921,GitHub/djc/rustc-version-rs,2
2017-12-01,6681,3472,GitHub/djc/rustc-version-rs,13
2017-12-01,7322,3438,GitHub/servo/rust-smallvec,1
2017-12-01,7322,508,GitHub/servo/rust-smallvec,2
2017-12-01,7322,4246,GitHub/servo/rust-smallvec,3
2017-12-01,7322,3824,GitHub/servo/rust-smallvec,8
2017-12-01,7322,2343,GitHub/servo/rust-smallvec,3
2017-12-01,7322,4807,GitHub/servo/rust-smallvec,2
2017-12-01,7322,4799,GitHub/servo/rust-smallvec,1
2017-12-01,7322,3610,GitHub/servo/rust-smallvec,1
2017-12-01,7322,2988,GitHub/servo/rust-smallvec,22
2017-12-01,7322,3581,GitHub/servo/rust-smallvec,1
2017-12-01,7322,3506,GitHub/servo/rust-smallvec,1
2017-12-01,7322,3106,GitHub/servo/rust-smallvec,6
2017-12-01,7415,3043,GitHub/BurntSushi/aho-corasick,9
2017-12-01,7415,2872,GitHub/BurntSushi/aho-corasick,1
2017-12-01,7415,3171,GitHub/BurntSushi/aho-corasick,1
2017-12-01,7415,209,GitHub/BurntSushi/aho-corasick,2
2017-12-01,7415,2971,GitHub/BurntSushi/aho-corasick,1
2017-12-01,7415,3173,GitHub/BurntSushi/aho-corasick,1
2017-12-01,7415,3172,GitHub/BurntSushi/aho-corasick,1
2017-12-01,12228,3878,GitHub/seanmonstar/httparse,12
2017-12-01,12228,3587,GitHub/seanmonstar/httparse,2
2017-12-01,12266,241,GitHub/bitflags/bitflags,1
2017-12-01,12266,2912,GitHub/bitflags/bitflags,24
2017-12-01,12266,3077,GitHub/bitflags/bitflags,6
2017-12-01,12266,64,GitHub/bitflags/bitflags,2
2017-12-01,12266,3076,GitHub/bitflags/bitflags,1
2017-12-01,12266,3072,GitHub/bitflags/bitflags,4
2017-12-01,12266,3073,GitHub/bitflags/bitflags,3
2017-12-01,12266,245,GitHub/bitflags/bitflags,2
2017-12-01,12266,3071,GitHub/bitflags/bitflags,2
2017-12-01,12266,3074,GitHub/bitflags/bitflags,3
2017-12-01,12266,3070,GitHub/bitflags/bitflags,1
2017-12-01,12266,3068,GitHub/bitflags/bitflags,6
2017-12-01,12266,2867,GitHub/bitflags/bitflags,35
2017-12-01,12266,2873,GitHub/bitflags/bitflags,2
2017-12-01,12266,3066,GitHub/bitflags/bitflags,3
2017-12-01,12266,3067,GitHub/bitflags/bitflags,9
2017-12-01,12266,2968,GitHub/bitflags/bitflags,2
2017-12-01,12266,239,GitHub/bitflags/bitflags,1
2017-12-01,12266,3069,GitHub/bitflags/bitflags,1
2017-12-01,12266,3075,GitHub/bitflags/bitflags,1
2017-12-01,12842,2991,GitHub/tokio-rs/slab,1
2017-12-01,12842,4976,GitHub/tokio-rs/slab,1
2017-12-01,12842,3186,GitHub/tokio-rs/slab,1
2017-12-01,12842,3433,GitHub/tokio-rs/slab,1
2017-12-01,12842,3362,GitHub/tokio-rs/slab,1
2017-12-01,12842,2927,GitHub/tokio-rs/slab,1
2017-12-01,14306,2159,GitHub/rust-num/num-integer,9
2017-12-01,14306,2936,GitHub/rust-num/num-integer,1
2017-12-01,14306,4698,GitHub/rust-num/num-integer,22
2017-12-01,14306,2988,GitHub/rust-num/num-integer,1
2017-12-01,14306,4643,GitHub/rust-num/num-integer,7
2017-12-01,14306,4650,GitHub/rust-num/num-integer,1
2017-12-01,14306,3025,GitHub/rust-num/num-integer,81
2017-12-01,14306,2955,GitHub/rust-num/num-integer,1
2017-12-01,14306,2872,GitHub/rust-num/num-integer,2
2017-12-01,14306,2170,GitHub/rust-num/num-integer,4
2017-12-01,14306,4642,GitHub/rust-num/num-integer,6
2017-12-01,14306,4647,GitHub/rust-num/num-integer,4
2017-12-01,14306,3106,GitHub/rust-num/num-integer,8
2017-12-01,14306,2931,GitHub/rust-num/num-integer,21
2017-12-01,14306,4644,GitHub/rust-num/num-integer,3
2017-12-01,14306,3205,GitHub/rust-num/num-integer,1
2017-12-01,14306,3191,GitHub/rust-num/num-integer,4
2017-12-01,14306,3453,GitHub/rust-num/num-integer,2
2017-12-01,14306,3194,GitHub/rust-num/num-integer,1
2017-12-01,14306,3435,GitHub/rust-num/num-integer,1
2017-12-01,14306,268,GitHub/rust-num/num-integer,3
2017-12-01,14306,4648,GitHub/rust-num/num-integer,19
2017-12-01,14306,27,GitHub/rust-num/num-integer,2
2017-12-01,14306,2163,GitHub/rust-num/num-integer,2
2017-12-01,14306,3192,GitHub/rust-num/num-integer,3
2017-12-01,14306,4649,GitHub/rust-num/num-integer,6
2017-12-01,14306,4372,GitHub/rust-num/num-integer,10
2017-12-01,14306,4646,GitHub/rust-num/num-integer,20
2017-12-01,16183,3092,GitHub/rust-lang/cc-rs,1
2017-12-01,16183,3071,GitHub/rust-lang/cc-rs,5
2017-12-01,16183,4063,GitHub/rust-lang/cc-rs,2
2017-12-01,16183,4148,GitHub/rust-lang/cc-rs,2
2017-12-01,16183,4157,GitHub/rust-lang/cc-rs,1
2017-12-01,16183,2867,GitHub/rust-lang/cc-rs,114
2017-12-01,16183,4022,GitHub/rust-lang/cc-rs,1
2017-12-01,16183,4154,GitHub/rust-lang/cc-rs,1
2017-12-01,16183,4140,GitHub/rust-lang/cc-rs,1
2017-12-01,16183,4143,GitHub/rust-lang/cc-rs,1
2017-12-01,16183,4144,GitHub/rust-lang/cc-rs,1
2017-12-01,16183,3145,GitHub/rust-lang/cc-rs,1
2017-12-01,16183,1536,GitHub/rust-lang/cc-rs,1
2017-12-01,16183,4119,GitHub/rust-lang/cc-rs,5
2017-12-01,16183,2982,GitHub/rust-lang/cc-rs,1
2017-12-01,16183,2945,GitHub/rust-lang/cc-rs,1
2017-12-01,16183,3025,GitHub/rust-lang/cc-rs,1
2017-12-01,16183,4147,GitHub/rust-lang/cc-rs,1
2017-12-01,16183,64,GitHub/rust-lang/cc-rs,2
2017-12-01,16183,4142,GitHub/rust-lang/cc-rs,3
2017-12-01,16183,4152,GitHub/rust-lang/cc-rs,1
2017-12-01,16183,4163,GitHub/rust-lang/cc-rs,1
2017-12-01,16183,3070,GitHub/rust-lang/cc-rs,15
2017-12-01,16183,3435,GitHub/rust-lang/cc-rs,1
2017-12-01,16183,209,GitHub/rust-lang/cc-rs,2
2017-12-01,16183,1530,GitHub/rust-lang/cc-rs,1
2017-12-01,16183,1547,GitHub/rust-lang/cc-rs,3
2017-12-01,16183,4149,GitHub/rust-lang/cc-rs,2
2017-12-01,16183,4151,GitHub/rust-lang/cc-rs,1
2017-12-01,16183,1539,GitHub/rust-lang/cc-rs,4
2017-12-01,16183,2988,GitHub/rust-lang/cc-rs,1
2017-12-01,16183,4135,GitHub/rust-lang/cc-rs,1
2017-12-01,16183,4159,GitHub/rust-lang/cc-rs,1
2017-12-01,16183,4160,GitHub/rust-lang/cc-rs,1
2017-12-01,16183,4155,GitHub/rust-lang/cc-rs,1
2017-12-01,16183,1531,GitHub/rust-lang/cc-rs,6
2017-12-01,16183,4153,GitHub/rust-lang/cc-rs,1
2017-12-01,16183,3571,GitHub/rust-lang/cc-rs,4
2017-12-01,16183,2921,GitHub/rust-lang/cc-rs,5
2017-12-01,16183,4145,GitHub/rust-lang/cc-rs,10
2017-12-01,16183,4138,GitHub/rust-lang/cc-rs,1
2017-12-01,16183,3524,GitHub/rust-lang/cc-rs,1
2017-12-01,16183,4162,GitHub/rust-lang/cc-rs,2
2017-12-01,16183,4146,GitHub/rust-lang/cc-rs,5
2017-12-01,16183,4158,GitHub/rust-lang/cc-rs,2
2017-12-01,16183,4156,GitHub/rust-lang/cc-rs,1
2017-12-01,16183,4139,GitHub/rust-lang/cc-rs,3
2017-12-01,16492,4285,GitHub/tokio-rs/bytes,1
2017-12-01,16492,4804,GitHub/tokio-rs/bytes,1
2017-12-01,16492,2991,GitHub/tokio-rs/bytes,2
2017-12-01,16492,3186,GitHub/tokio-rs/bytes,1
2017-12-01,16492,4963,GitHub/tokio-rs/bytes,1
2017-12-01,16492,209,GitHub/tokio-rs/bytes,1
2017-12-01,16492,4962,GitHub/tokio-rs/bytes,1
2017-12-01,16492,2997,GitHub/tokio-rs/bytes,1
2017-12-01,16492,4961,GitHub/tokio-rs/bytes,1
2017-12-01,16492,3878,GitHub/tokio-rs/bytes,4
2017-12-01,16492,2867,GitHub/tokio-rs/bytes,4
2017-12-01,16492,2558,GitHub/tokio-rs/bytes,1
2017-12-01,16492,3147,GitHub/tokio-rs/bytes,12
2017-12-01,16492,3433,GitHub/tokio-rs/bytes,54
2017-12-01,16492,4290,GitHub/tokio-rs/bytes,1
2017-12-01,16492,3170,GitHub/tokio-rs/bytes,5
2017-12-01,17630,2891,GitHub/bluss/either,1
2017-12-01,17630,1228,GitHub/bluss/either,3
2017-12-01,17630,3132,GitHub/bluss/either,1
2017-12-01,17630,3133,GitHub/bluss/either,1
2017-12-01,17630,3025,GitHub/bluss/either,1
2017-12-01,17630,268,GitHub/bluss/either,17
2017-12-01,18006,3424,GitHub/crossbeam-rs/crossbeam,5
2017-12-01,18006,665,GitHub/crossbeam-rs/crossbeam,1
2017-12-01,18006,3432,GitHub/crossbeam-rs/crossbeam,1
2017-12-01,18006,2973,GitHub/crossbeam-rs/crossbeam,1
2017-12-01,18006,3431,GitHub/crossbeam-rs/crossbeam,1
2017-12-01,18006,3426,GitHub/crossbeam-rs/crossbeam,3
2017-12-01,18006,353,GitHub/crossbeam-rs/crossbeam,216
2017-12-01,18006,2936,GitHub/crossbeam-rs/crossbeam,1
2017-12-01,18006,3413,GitHub/crossbeam-rs/crossbeam,1
2017-12-01,18006,3428,GitHub/crossbeam-rs/crossbeam,1
2017-12-01,18006,2968,GitHub/crossbeam-rs/crossbeam,4
2017-12-01,18006,2927,GitHub/crossbeam-rs/crossbeam,1
2017-12-01,18006,3433,GitHub/crossbeam-rs/crossbeam,1
2017-12-01,18006,3180,GitHub/crossbeam-rs/crossbeam,1
2017-12-01,18006,3429,GitHub/crossbeam-rs/crossbeam,2
2017-12-01,18006,682,GitHub/crossbeam-rs/crossbeam,1
2017-12-01,18006,3096,GitHub/crossbeam-rs/crossbeam,27
2017-12-01,18006,673,GitHub/crossbeam-rs/crossbeam,1
2017-12-01,18006,3425,GitHub/crossbeam-rs/crossbeam,2
2017-12-01,19184,268,GitHub/bluss/scopeguard,6
2017-12-01,19184,353,GitHub/bluss/scopeguard,1
2017-12-01,19468,3900,GitHub/servo/rust-fnv,1
2017-12-01,19468,2988,GitHub/servo/rust-fnv,1
2017-12-01,19468,4133,GitHub/servo/rust-fnv,2
2017-12-01,20410,2872,GitHub/mgeisler/textwrap,272
2017-12-01,20410,3981,GitHub/mgeisler/textwrap,4
2017-12-01,20410,209,GitHub/mgeisler/textwrap,1
2017-12-01,20410,1228,GitHub/mgeisler/textwrap,5
2017-12-01,20699,2968,GitHub/Amanieu/parking_lot,50
2017-12-01,20699,2990,GitHub/Amanieu/parking_lot,2
2017-12-01,20699,2989,GitHub/Amanieu/parking_lot,8
2017-12-01,20699,2936,GitHub/Amanieu/parking_lot,1
2017-12-01,20699,2343,GitHub/Amanieu/parking_lot,2
2017-12-01,20699,2985,GitHub/Amanieu/parking_lot,1
2017-12-01,20699,2992,GitHub/Amanieu/parking_lot,1
2017-12-01,20699,2991,GitHub/Amanieu/parking_lot,3
2017-12-01,20949,3194,GitHub/Geal/nom,4
2017-12-01,20949,3255,GitHub/Geal/nom,3
2017-12-01,20949,3689,GitHub/Geal/nom,1
2017-12-01,20949,3754,GitHub/Geal/nom,1
2017-12-01,20949,1042,GitHub/Geal/nom,1
2017-12-01,20949,3741,GitHub/Geal/nom,2
2017-12-01,20949,209,GitHub/Geal/nom,1
2017-12-01,20949,2902,GitHub/Geal/nom,1
2017-12-01,20949,1052,GitHub/Geal/nom,1
2017-12-01,20949,3225,GitHub/Geal/nom,1
2017-12-01,20949,1067,GitHub/Geal/nom,1
2017-12-01,20949,3753,GitHub/Geal/nom,1
2017-12-01,20949,3750,GitHub/Geal/nom,1
2017-12-01,20949,3757,GitHub/Geal/nom,1
2017-12-01,20949,1060,GitHub/Geal/nom,1
2017-12-01,20949,3726,GitHub/Geal/nom,6
2017-12-01,20949,3690,GitHub/Geal/nom,2
2017-12-01,20949,3746,GitHub/Geal/nom,2
2017-12-01,20949,3587,GitHub/Geal/nom,2
2017-12-01,20949,3766,GitHub/Geal/nom,1
2017-12-01,20949,3739,GitHub/Geal/nom,2
2017-12-01,20949,3769,GitHub/Geal/nom,1
2017-12-01,20949,3761,GitHub/Geal/nom,4
2017-12-01,20949,2927,GitHub/Geal/nom,1
2017-12-01,20949,3759,GitHub/Geal/nom,3
2017-12-01,20949,1038,GitHub/Geal/nom,9
2017-12-01,20949,1043,GitHub/Geal/nom,3
2017-12-01,20949,3768,GitHub/Geal/nom,1
2017-12-01,20949,3712,GitHub/Geal/nom,1
2017-12-01,20949,3762,GitHub/Geal/nom,1
2017-12-01,20949,3534,GitHub/Geal/nom,227
2017-12-01,20949,3764,GitHub/Geal/nom,2
2017-12-01,20949,3751,GitHub/Geal/nom,1
2017-12-01,20949,1068,GitHub/Geal/nom,1
2017-12-01,20949,29,GitHub/Geal/nom,2
2017-12-01,20949,3740,GitHub/Geal/nom,1
2017-12-01,20949,3760,GitHub/Geal/nom,2
2017-12-01,20949,3765,GitHub/Geal/nom,1
2017-12-01,20949,3744,GitHub/Geal/nom,1
2017-12-01,20949,3646,GitHub/Geal/nom,1
2017-12-01,20949,3763,GitHub/Geal/nom,1
2017-12-01,20949,3214,GitHub/Geal/nom,5
2017-12-01,20949,1058,GitHub/Geal/nom,1
2017-12-01,20949,3747,GitHub/Geal/nom,2
2017-12-01,20949,3742,GitHub/Geal/nom,2
2017-12-01,20949,1035,GitHub/Geal/nom,1
2017-12-01,20949,1036,GitHub/Geal/nom,1
2017-12-01,20949,3755,GitHub/Geal/nom,3
2017-12-01,20949,3743,GitHub/Geal/nom,4
2017-12-01,20949,3665,GitHub/Geal/nom,5
2017-12-01,20949,3312,GitHub/Geal/nom,1
2017-12-01,20949,3654,GitHub/Geal/nom,1
2017-12-01,20949,3756,GitHub/Geal/nom,1
2017-12-01,20949,1030,GitHub/Geal/nom,1
2017-12-01,20949,3748,GitHub/Geal/nom,1
2017-12-01,20949,658,GitHub/Geal/nom,3
2017-12-01,20949,3745,GitHub/Geal/nom,1
2017-12-01,20949,3651,GitHub/Geal/nom,10
2017-12-01,21282,268,GitHub/bluss/arrayvec,96
2017-12-01,21282,3051,GitHub/bluss/arrayvec,4
2017-12-01,21282,3099,GitHub/bluss/arrayvec,5
2017-12-01,21282,3092,GitHub/bluss/arrayvec,5
2017-12-01,21282,3098,GitHub/bluss/arrayvec,1
2017-12-01,21445,46,GitHub/marshallpierce/rust-base64,1
2017-12-01,21445,1279,GitHub/marshallpierce/rust-base64,6
2017-12-01,21445,2930,GitHub/marshallpierce/rust-base64,1
2017-12-01,21445,1280,GitHub/marshallpierce/rust-base64,2
2017-12-01,21445,3180,GitHub/marshallpierce/rust-base64,1
2017-12-01,21445,1252,GitHub/marshallpierce/rust-base64,1
2017-12-01,21445,1278,GitHub/marshallpierce/rust-base64,34
2017-12-01,21445,1272,GitHub/marshallpierce/rust-base64,10
2017-12-01,21445,1281,GitHub/marshallpierce/rust-base64,55
2017-12-01,21445,3936,GitHub/marshallpierce/rust-base64,2
2017-12-01,21445,209,GitHub/marshallpierce/rust-base64,1
2017-12-01,22724,4146,GitHub/rust-lang/log,5
2017-12-01,22724,4480,GitHub/rust-lang/log,10
2017-12-01,22724,1953,GitHub/rust-lang/log,2
2017-12-01,22724,3691,GitHub/rust-lang/log,2
2017-12-01,22724,2867,GitHub/rust-lang/log,20
2017-12-01,22724,2945,GitHub/rust-lang/log,45
2017-12-01,22724,4478,GitHub/rust-lang/log,1
2017-12-01,22724,1962,GitHub/rust-lang/log,1
2017-12-01,22724,3741,GitHub/rust-lang/log,1
2017-12-01,22724,3571,GitHub/rust-lang/log,3
2017-12-01,22724,155,GitHub/rust-lang/log,1
2017-12-01,22724,2912,GitHub/rust-lang/log,32
2017-12-01,22724,4149,GitHub/rust-lang/log,10
2017-12-01,22724,1961,GitHub/rust-lang/log,6
2017-12-01,22724,64,GitHub/rust-lang/log,2
2017-12-01,22724,2936,GitHub/rust-lang/log,1
2017-12-01,22724,4481,GitHub/rust-lang/log,2
2017-12-01,22724,1928,GitHub/rust-lang/log,1
2017-12-01,22724,3070,GitHub/rust-lang/log,2
2017-12-01,22724,2927,GitHub/rust-lang/log,1
2017-12-01,22724,3044,GitHub/rust-lang/log,1
2017-12-01,22724,4482,GitHub/rust-lang/log,1
2017-12-01,22724,4479,GitHub/rust-lang/log,8
2017-12-01,22724,4477,GitHub/rust-lang/log,1
2017-12-01,22724,3900,GitHub/rust-lang/log,1
2017-12-01,22724,2873,GitHub/rust-lang/log,1
2017-12-01,22724,3071,GitHub/rust-lang/log,6
2017-12-01,22804,2872,GitHub/alexcrichton/cfg-if,1
2017-12-01,22804,2874,GitHub/alexcrichton/cfg-if,1
2017-12-01,22804,2867,GitHub/alexcrichton/cfg-if,6
2017-12-01,23287,4058,GitHub/rust-itertools/itertools,1
2017-12-01,23287,3637,GitHub/rust-itertools/itertools,2
2017-12-01,23287,3097,GitHub/rust-itertools/itertools,1
2017-12-01,23287,4060,GitHub/rust-itertools/itertools,3
2017-12-01,23287,3729,GitHub/rust-itertools/itertools,1
2017-12-01,23287,3108,GitHub/rust-itertools/itertools,1
2017-12-01,23287,268,GitHub/rust-itertools/itertools,103
2017-12-01,23287,2970,GitHub/rust-itertools/itertools,1
2017-12-01,23287,2889,GitHub/rust-itertools/itertools,1
2017-12-01,23287,771,GitHub/rust-itertools/itertools,6
2017-12-01,23287,2927,GitHub/rust-itertools/itertools,3
2017-12-01,23287,3761,GitHub/rust-itertools/itertools,3
2017-12-01,24440,496,GitHub/ogham/rust-ansi-term,23
2017-12-01,24440,3991,GitHub/ogham/rust-ansi-term,1
2017-12-01,24440,3992,GitHub/ogham/rust-ansi-term,1
2017-12-01,24455,4769,GitHub/serde-rs/json,2
2017-12-01,24455,4290,GitHub/serde-rs/json,2
2017-12-01,24455,1838,GitHub/serde-rs/json,1
2017-12-01,24455,4772,GitHub/serde-rs/json,1
2017-12-01,24455,4065,GitHub/serde-rs/json,3
2017-12-01,24455,209,GitHub/serde-rs/json,1
2017-12-01,24455,2912,GitHub/serde-rs/json,290
2017-12-01,24455,4770,GitHub/serde-rs/json,1
2017-12-01,24455,4767,GitHub/serde-rs/json,1
2017-12-01,24455,4771,GitHub/serde-rs/json,2
2017-12-01,24455,2888,GitHub/serde-rs/json,1
2017-12-01,24455,4412,GitHub/serde-rs/json,2
2017-12-01,24455,2942,GitHub/serde-rs/json,1
2017-12-01,24455,3139,GitHub/serde-rs/json,1
2017-12-01,24455,3423,GitHub/serde-rs/json,14
2017-12-01,24455,2936,GitHub/serde-rs/json,3
2017-12-01,24455,4775,GitHub/serde-rs/json,1
2017-12-01,24455,65,GitHub/serde-rs/json,14
2017-12-01,24455,4773,GitHub/serde-rs/json,3
2017-12-01,24455,1252,GitHub/serde-rs/json,3
2017-12-01,25976,3043,GitHub/rust-lang/regex,21
2017-12-01,25976,4516,GitHub/rust-lang/regex,1
2017-12-01,25976,2044,GitHub/rust-lang/regex,3
2017-12-01,25976,4553,GitHub/rust-lang/regex,1
2017-12-01,25976,3933,GitHub/rust-lang/regex,6
2017-12-01,25976,3097,GitHub/rust-lang/regex,1
2017-12-01,25976,209,GitHub/rust-lang/regex,1
2017-12-01,25976,2872,GitHub/rust-lang/regex,1
2017-12-01,25976,4519,GitHub/rust-lang/regex,1
2017-12-01,25976,2927,GitHub/rust-lang/regex,1
2017-12-01,25976,4552,GitHub/rust-lang/regex,1
2017-12-01,25976,4518,GitHub/rust-lang/regex,1
2017-12-01,25976,2047,GitHub/rust-lang/regex,1
2017-12-01,25976,64,GitHub/rust-lang/regex,1
2017-12-01,25976,3587,GitHub/rust-lang/regex,1
2017-12-01,25976,2914,GitHub/rust-lang/regex,1
2017-12-01,25976,4517,GitHub/rust-lang/regex,1
2017-12-01,25976,4520,GitHub/rust-lang/regex,1
2017-12-01,25976,3025,GitHub/rust-lang/regex,3
2017-12-01,25976,2867,GitHub/rust-lang/regex,1
2017-12-01,25976,2961,GitHub/rust-lang/regex,1
2017-12-01,25976,4550,GitHub/rust-lang/regex,1
2017-12-01,25976,3505,GitHub/rust-lang/regex,4
2017-12-01,25976,2038,GitHub/rust-lang/regex,2
2017-12-01,26074,3614,GitHub/paholg/typenum,38
2017-12-01,26074,4006,GitHub/paholg/typenum,2
2017-12-01,28336,3189,GitHub/RustCrypto/traits,53
2017-12-01,28705,707,GitHub/dguo/strsim-rs,2
2017-12-01,28705,2872,GitHub/dguo/strsim-rs,1
2017-12-01,28877,3413,GitHub/unicode-rs/unicode-xid,1
2017-12-01,28877,3021,GitHub/unicode-rs/unicode-xid,1
2017-12-01,28877,1252,GitHub/unicode-rs/unicode-xid,1
2017-12-01,30968,2343,GitHub/SergioBenitez/version_check,12
2017-12-01,32560,2988,GitHub/BurntSushi/memchr,1
2017-12-01,32560,2968,GitHub/BurntSushi/memchr,1
2017-12-01,32560,268,GitHub/BurntSushi/memchr,5
2017-12-01,32560,3214,GitHub/BurntSushi/memchr,2
2017-12-01,32560,209,GitHub/BurntSushi/memchr,1
2017-12-01,32560,3213,GitHub/BurntSushi/memchr,1
2017-12-01,32560,3043,GitHub/BurntSushi/memchr,6
2017-12-01,32560,3171,GitHub/BurntSushi/memchr,1
2017-12-01,32560,2872,GitHub/BurntSushi/memchr,1
2017-12-01,33435,3413,GitHub/dtolnay/itoa,3
2017-12-01,33435,2912,GitHub/dtolnay/itoa,24
2017-12-01,33435,1252,GitHub/dtolnay/itoa,2
2017-12-01,33435,3493,GitHub/dtolnay/itoa,2
2017-12-01,34191,4041,GitHub/RustCrypto/utils,1
2017-12-01,34191,3189,GitHub/RustCrypto/utils,55
2017-12-01,34191,4042,GitHub/RustCrypto/utils,1
2017-12-01,34831,3433,GitHub/rust-lang/futures-rs,38
2017-12-01,34831,4294,GitHub/rust-lang/futures-rs,1
2017-12-01,34831,2986,GitHub/rust-lang/futures-rs,1
2017-12-01,34831,4288,GitHub/rust-lang/futures-rs,17
2017-12-01,34831,3170,GitHub/rust-lang/futures-rs,2
2017-12-01,34831,4631,GitHub/rust-lang/futures-rs,1
2017-12-01,34831,4284,GitHub/rust-lang/futures-rs,8
2017-12-01,34831,4293,GitHub/rust-lang/futures-rs,1
2017-12-01,34831,4254,GitHub/rust-lang/futures-rs,3
2017-12-01,34831,3393,GitHub/rust-lang/futures-rs,2
2017-12-01,34831,4274,GitHub/rust-lang/futures-rs,2
2017-12-01,34831,4279,GitHub/rust-lang/futures-rs,1
2017-12-01,34831,3197,GitHub/rust-lang/futures-rs,3
2017-12-01,34831,4285,GitHub/rust-lang/futures-rs,2
2017-12-01,34831,4267,GitHub/rust-lang/futures-rs,1
2017-12-01,34831,4270,GitHub/rust-lang/futures-rs,1
2017-12-01,34831,771,GitHub/rust-lang/futures-rs,1
2017-12-01,34831,4272,GitHub/rust-lang/futures-rs,1
2017-12-01,34831,2933,GitHub/rust-lang/futures-rs,2
2017-12-01,34831,4283,GitHub/rust-lang/futures-rs,2
2017-12-01,34831,4278,GitHub/rust-lang/futures-rs,1
2017-12-01,34831,4257,GitHub/rust-lang/futures-rs,2
2017-12-01,34831,2888,GitHub/rust-lang/futures-rs,2
2017-12-01,34831,3581,GitHub/rust-lang/futures-rs,2
2017-12-01,34831,3949,GitHub/rust-lang/futures-rs,2
2017-12-01,34831,4334,GitHub/rust-lang/futures-rs,1
2017-12-01,34831,3793,GitHub/rust-lang/futures-rs,1
2017-12-01,34831,3147,GitHub/rust-lang/futures-rs,14
2017-12-01,34831,3427,GitHub/rust-lang/futures-rs,2
2017-12-01,34831,2867,GitHub/rust-lang/futures-rs,334
2017-12-01,34831,3891,GitHub/rust-lang/futures-rs,1
2017-12-01,34831,2980,GitHub/rust-lang/futures-rs,1
2017-12-01,34831,4276,GitHub/rust-lang/futures-rs,2
2017-12-01,34831,4332,GitHub/rust-lang/futures-rs,1
2017-12-01,34831,4286,GitHub/rust-lang/futures-rs,1
2017-12-01,34831,3613,GitHub/rust-lang/futures-rs,4
2017-12-01,34831,3637,GitHub/rust-lang/futures-rs,6
2017-12-01,34831,3741,GitHub/rust-lang/futures-rs,1
2017-12-01,34831,4291,GitHub/rust-lang/futures-rs,2
2017-12-01,34831,4287,GitHub/rust-lang/futures-rs,1
2017-12-01,34831,4289,GitHub/rust-lang/futures-rs,12
2017-12-01,34831,4292,GitHub/rust-lang/futures-rs,2
2017-12-01,34831,4277,GitHub/rust-lang/futures-rs,1
2017-12-01,34831,3377,GitHub/rust-lang/futures-rs,1
2017-12-01,34831,4266,GitHub/rust-lang/futures-rs,1
2017-12-01,34831,4268,GitHub/rust-lang/futures-rs,1
2017-12-01,34831,4258,GitHub/rust-lang/futures-rs,6
2017-12-01,34831,4333,GitHub/rust-lang/futures-rs,1
2017-12-01,34831,3435,GitHub/rust-lang/futures-rs,1
2017-12-01,34831,3883,GitHub/rust-lang/futures-rs,6
2017-12-01,34831,3502,GitHub/rust-lang/futures-rs,21
2017-12-01,34831,3904,GitHub/rust-lang/futures-rs,1
2017-12-01,34831,4253,GitHub/rust-lang/futures-rs,5
2017-12-01,34831,1228,GitHub/rust-lang/futures-rs,1
2017-12-01,34831,1710,GitHub/rust-lang/futures-rs,6
2017-12-01,34831,3097,GitHub/rust-lang/futures-rs,1
2017-12-01,34831,4290,GitHub/rust-lang/futures-rs,1
2017-12-01,34831,4331,GitHub/rust-lang/futures-rs,1
2017-12-01,34831,4265,GitHub/rust-lang/futures-rs,1
2017-12-01,34831,4282,GitHub/rust-lang/futures-rs,2
2017-12-01,34831,2974,GitHub/rust-lang/futures-rs,1
2017-12-01,34831,4280,GitHub/rust-lang/futures-rs,1
2017-12-01,34831,2936,GitHub/rust-lang/futures-rs,6
2017-12-01,34831,2256,GitHub/rust-lang/futures-rs,4
2017-12-01,34831,3761,GitHub/rust-lang/futures-rs,9
2017-12-01,34831,4251,GitHub/rust-lang/futures-rs,4
2017-12-01,34831,1246,GitHub/rust-lang/futures-rs,2
2017-12-01,34831,4264,GitHub/rust-lang/futures-rs,3
2017-12-01,34831,3318,GitHub/rust-lang/futures-rs,3
2017-12-01,34831,3878,GitHub/rust-lang/futures-rs,3
2017-12-01,34831,3732,GitHub/rust-lang/futures-rs,1
2017-12-01,34831,1703,GitHub/rust-lang/futures-rs,1
2017-12-01,35574,2914,GitHub/unicode-rs/unicode-normalization,2
2017-12-01,35574,3413,GitHub/unicode-rs/unicode-normalization,4
2017-12-01,35574,2874,GitHub/unicode-rs/unicode-normalization,1
2017-12-01,35574,3173,GitHub/unicode-rs/unicode-normalization,2
2017-12-01,35574,4220,GitHub/unicode-rs/unicode-normalization,3
2017-12-01,36114,3413,GitHub/SimonSapin/rust-std-candidates,6
2017-12-01,36114,268,GitHub/SimonSapin/rust-std-candidates,4
2017-12-01,36424,64,GitHub/steveklabnik/semver-parser,1
2017-12-01,36424,2950,GitHub/steveklabnik/semver-parser,18
2017-12-01,36424,4897,GitHub/steveklabnik/semver-parser,1
2017-12-01,36424,2473,GitHub/steveklabnik/semver-parser,2
2017-12-01,36424,2074,GitHub/steveklabnik/semver-parser,2
2017-12-01,36424,2911,GitHub/steveklabnik/semver-parser,2
2017-12-01,36424,2475,GitHub/steveklabnik/semver-parser,2
2017-12-01,36424,4896,GitHub/steveklabnik/semver-parser,1
2017-12-01,36424,4781,GitHub/steveklabnik/semver-parser,3
2017-12-01,37083,3284,GitHub/BurntSushi/termcolor,2
2017-12-01,37083,517,GitHub/BurntSushi/termcolor,1
2017-12-01,37083,3272,GitHub/BurntSushi/termcolor,1
2017-12-01,37083,3280,GitHub/BurntSushi/termcolor,4
2017-12-01,37083,3325,GitHub/BurntSushi/termcolor,2
2017-12-01,37083,542,GitHub/BurntSushi/termcolor,1
2017-12-01,37083,3323,GitHub/BurntSushi/termcolor,1
2017-12-01,37083,3318,GitHub/BurntSushi/termcolor,1
2017-12-01,37083,529,GitHub/BurntSushi/termcolor,1
2017-12-01,37083,510,GitHub/BurntSushi/termcolor,1
2017-12-01,37083,3283,GitHub/BurntSushi/termcolor,1
2017-12-01,37083,3294,GitHub/BurntSushi/termcolor,2
2017-12-01,37083,3134,GitHub/BurntSushi/termcolor,1
2017-12-01,37083,3278,GitHub/BurntSushi/termcolor,1
2017-12-01,37083,3324,GitHub/BurntSushi/termcolor,4
2017-12-01,37083,3292,GitHub/BurntSushi/termcolor,1
2017-12-01,37083,2979,GitHub/BurntSushi/termcolor,1
2017-12-01,37083,3317,GitHub/BurntSushi/termcolor,1
2017-12-01,37083,3304,GitHub/BurntSushi/termcolor,1
2017-12-01,37083,3310,GitHub/BurntSushi/termcolor,1
2017-12-01,37083,3290,GitHub/BurntSushi/termcolor,1
2017-12-01,37083,3281,GitHub/BurntSushi/termcolor,1
2017-12-01,37083,3313,GitHub/BurntSushi/termcolor,1
2017-12-01,37083,3321,GitHub/BurntSushi/termcolor,1
2017-12-01,37083,3322,GitHub/BurntSushi/termcolor,1
2017-12-01,37083,3271,GitHub/BurntSushi/termcolor,4
2017-12-01,37083,3013,GitHub/BurntSushi/termcolor,1
2017-12-01,37083,3276,GitHub/BurntSushi/termcolor,1
2017-12-01,37083,3319,GitHub/BurntSushi/termcolor,2
2017-12-01,37083,3232,GitHub/BurntSushi/termcolor,19
2017-12-01,37083,3274,GitHub/BurntSushi/termcolor,1
2017-12-01,37083,3288,GitHub/BurntSushi/termcolor,1
2017-12-01,37083,3286,GitHub/BurntSushi/termcolor,2
2017-12-01,37083,3316,GitHub/BurntSushi/termcolor,1
2017-12-01,37083,496,GitHub/BurntSushi/termcolor,1
2017-12-01,37083,3298,GitHub/BurntSushi/termcolor,1
2017-12-01,37083,3270,GitHub/BurntSushi/termcolor,1
2017-12-01,37083,508,GitHub/BurntSushi/termcolor,1
2017-12-01,37083,484,GitHub/BurntSushi/termcolor,1
2017-12-01,37083,3291,GitHub/BurntSushi/termcolor,1
2017-12-01,37083,3273,GitHub/BurntSushi/termcolor,2
2017-12-01,37083,532,GitHub/BurntSushi/termcolor,1
2017-12-01,37083,528,GitHub/BurntSushi/termcolor,1
2017-12-01,37083,3314,GitHub/BurntSushi/termcolor,1
2017-12-01,37083,3309,GitHub/BurntSushi/termcolor,1
2017-12-01,37083,3308,GitHub/BurntSushi/termcolor,1
2017-12-01,37083,3170,GitHub/BurntSushi/termcolor,1
2017-12-01,37083,3097,GitHub/BurntSushi/termcolor,1
2017-12-01,37083,3302,GitHub/BurntSushi/termcolor,2
2017-12-01,37083,3277,GitHub/BurntSushi/termcolor,1
2017-12-01,37083,3307,GitHub/BurntSushi/termcolor,1
2017-12-01,37083,3285,GitHub/BurntSushi/termcolor,1
2017-12-01,37083,3311,GitHub/BurntSushi/termcolor,1
2017-12-01,37083,3297,GitHub/BurntSushi/termcolor,1
2017-12-01,37083,3236,GitHub/BurntSushi/termcolor,1
2017-12-01,37083,3303,GitHub/BurntSushi/termcolor,1
2017-12-01,37083,3296,GitHub/BurntSushi/termcolor,1
2017-12-01,37083,491,GitHub/BurntSushi/termcolor,1
2017-12-01,37083,3301,GitHub/BurntSushi/termcolor,1
2017-12-01,37083,3326,GitHub/BurntSushi/termcolor,1
2017-12-01,37083,3043,GitHub/BurntSushi/termcolor,130
2017-12-01,37083,3282,GitHub/BurntSushi/termcolor,1
2017-12-01,37083,2927,GitHub/BurntSushi/termcolor,1
2017-12-01,37083,3315,GitHub/BurntSushi/termcolor,1
2017-12-01,37083,3300,GitHub/BurntSushi/termcolor,2
2017-12-01,37083,488,GitHub/BurntSushi/termcolor,1
2017-12-01,37083,482,GitHub/BurntSushi/termcolor,2
2017-12-01,37083,3293,GitHub/BurntSushi/termcolor,2
2017-12-01,37083,3186,GitHub/BurntSushi/termcolor,1
2017-12-01,37083,3312,GitHub/BurntSushi/termcolor,5
2017-12-01,37083,2867,GitHub/BurntSushi/termcolor,1
2017-12-01,37083,2977,GitHub/BurntSushi/termcolor,2
2017-12-01,37083,209,GitHub/BurntSushi/termcolor,3
2017-12-01,37083,3305,GitHub/BurntSushi/termcolor,7
2017-12-01,37083,3289,GitHub/BurntSushi/termcolor,1
2017-12-01,37083,3299,GitHub/BurntSushi/termcolor,1
2017-12-01,37083,3263,GitHub/BurntSushi/termcolor,8
2017-12-01,37083,541,GitHub/BurntSushi/termcolor,1
2017-12-01,37083,3279,GitHub/BurntSushi/termcolor,1
2017-12-01,37083,3275,GitHub/BurntSushi/termcolor,1
2017-12-01,37083,3327,GitHub/BurntSushi/termcolor,1
2017-12-01,37083,3262,GitHub/BurntSushi/termcolor,1
2017-12-01,37083,2914,GitHub/BurntSushi/termcolor,2
2017-12-01,37101,1198,GitHub/Gilnaa/memoffset,11
2017-12-01,37612,3413,GitHub/dtolnay/quote,1
2017-12-01,37612,2922,GitHub/dtolnay/quote,1
2017-12-01,37612,2973,GitHub/dtolnay/quote,1
2017-12-01,37612,2867,GitHub/dtolnay/quote,10
2017-12-01,37612,3021,GitHub/dtolnay/quote,2
2017-12-01,37612,2912,GitHub/dtolnay/quote,23
2017-12-01,37844,3377,GitHub/softprops/atty,2
2017-12-01,37844,4735,GitHub/softprops/atty,1
2017-12-01,37844,3043,GitHub/softprops/atty,2
2017-12-01,37844,4270,GitHub/softprops/atty,17
2017-12-01,38667,3025,GitHub/bluss/indexmap,12
2017-12-01,38667,268,GitHub/bluss/indexmap,60
2017-12-01,38667,3141,GitHub/bluss/indexmap,1
2017-12-01,38667,2954,GitHub/bluss/indexmap,1
2017-12-01,38667,3140,GitHub/bluss/indexmap,2
2017-12-01,38667,3139,GitHub/bluss/indexmap,3
2017-12-01,38667,3142,GitHub/bluss/indexmap,3
2017-12-01,38667,322,GitHub/bluss/indexmap,6
2017-12-01,38667,3138,GitHub/bluss/indexmap,2
2017-12-01,39779,4063,GitHub/time-rs/time,1
2017-12-01,39779,2510,GitHub/time-rs/time,1
2017-12-01,39779,3051,GitHub/time-rs/time,1
2017-12-01,39779,2867,GitHub/time-rs/time,12
2017-12-01,39779,2872,GitHub/time-rs/time,1
2017-12-01,39779,209,GitHub/time-rs/time,1
2017-12-01,39779,2509,GitHub/time-rs/time,3
2017-12-01,40494,1252,GitHub/servo/unicode-bidi,1
2017-12-01,40494,4848,GitHub/servo/unicode-bidi,3
2017-12-01,40494,2914,GitHub/servo/unicode-bidi,49
2017-12-01,40494,2872,GitHub/servo/unicode-bidi,1
2017-12-01,40494,3173,GitHub/servo/unicode-bidi,1
2017-12-01,40494,2988,GitHub/servo/unicode-bidi,2
2017-12-01,40937,3531,GitHub/dtolnay/semver,2
2017-12-01,40937,2872,GitHub/dtolnay/semver,1
2017-12-01,40937,2950,GitHub/dtolnay/semver,24
2017-12-01,40937,3501,GitHub/dtolnay/semver,1
2017-12-01,40937,2912,GitHub/dtolnay/semver,2
2017-12-01,40937,470,GitHub/dtolnay/semver,1
2017-12-01,40937,3530,GitHub/dtolnay/semver,2
2017-12-01,40937,794,GitHub/dtolnay/semver,1
2017-12-01,40937,64,GitHub/dtolnay/semver,1
2017-12-01,40937,789,GitHub/dtolnay/semver,5
2017-12-01,40937,2911,GitHub/dtolnay/semver,3
2017-12-01,40937,3070,GitHub/dtolnay/semver,6
2017-12-01,40937,2970,GitHub/dtolnay/semver,2
2017-12-01,41752,64,GitHub/servo/rust-url,2
2017-12-01,41752,4854,GitHub/servo/rust-url,3
2017-12-01,41752,1252,GitHub/servo/rust-url,2
2017-12-01,41752,4853,GitHub/servo/rust-url,1
2017-12-01,41752,3173,GitHub/servo/rust-url,3
2017-12-01,41752,2988,GitHub/servo/rust-url,1
2017-12-01,41752,2928,GitHub/servo/rust-url,1
2017-12-01,41752,4850,GitHub/servo/rust-url,1
2017-12-01,41752,2985,GitHub/servo/rust-url,1
2017-12-01,41752,2409,GitHub/servo/rust-url,1
2017-12-01,41752,2428,GitHub/servo/rust-url,19
2017-12-01,41752,4220,GitHub/servo/rust-url,5
2017-12-01,41752,4038,GitHub/servo/rust-url,2
2017-12-01,41752,4855,GitHub/servo/rust-url,1
2017-12-01,41752,2872,GitHub/servo/rust-url,1
2017-12-01,41752,2914,GitHub/servo/rust-url,11
2017-12-01,41752,1716,GitHub/servo/rust-url,1
2017-12-01,41752,4581,GitHub/servo/rust-url,2
2017-12-01,41752,2902,GitHub/servo/rust-url,1
2017-12-01,41752,3071,GitHub/servo/rust-url,1
2017-12-01,41752,4848,GitHub/servo/rust-url,1
2017-12-01,41752,4847,GitHub/servo/rust-url,2
2017-12-01,41752,1763,GitHub/servo/rust-url,2
2017-12-01,41752,4343,GitHub/servo/rust-url,2
2017-12-01,41752,4846,GitHub/servo/rust-url,1
2017-12-01,41752,3761,GitHub/servo/rust-url,3
2017-12-01,41752,3168,GitHub/servo/rust-url,1
2017-12-01,41752,3571,GitHub/servo/rust-url,1
2017-12-01,41752,3413,GitHub/servo/rust-url,24
2017-12-01,41752,2936,GitHub/servo/rust-url,13
2017-12-01,41752,2921,GitHub/servo/rust-url,7
2017-12-01,41752,4857,GitHub/servo/rust-url,1
2017-12-01,41752,3192,GitHub/servo/rust-url,4
2017-12-01,41752,3539,GitHub/servo/rust-url,1
2017-12-01,41752,4856,GitHub/servo/rust-url,1
2017-12-01,41752,4851,GitHub/servo/rust-url,4
2017-12-01,41752,3943,GitHub/servo/rust-url,6
2017-12-01,41752,209,GitHub/servo/rust-url,2
2017-12-01,41752,3878,GitHub/servo/rust-url,1
2017-12-01,41957,3021,GitHub/dtolnay/proc-macro2,4
2017-12-01,41957,2912,GitHub/dtolnay/proc-macro2,29
2017-12-01,41957,2976,GitHub/dtolnay/proc-macro2,1
2017-12-01,41957,2867,GitHub/dtolnay/proc-macro2,40
2017-12-01,42655,2867,GitHub/rust-lang/socket2,22
2017-12-01,42655,4618,GitHub/rust-lang/socket2,1
2017-12-01,42655,2945,GitHub/rust-lang/socket2,14
2017-12-01,42655,3313,GitHub/rust-lang/socket2,2
2017-12-01,42677,3170,GitHub/withoutboats/heck,1
2017-12-01,42677,3905,GitHub/withoutboats/heck,12
2017-12-01,46027,2914,GitHub/alexcrichton/toml-rs,1
2017-12-01,46027,2920,GitHub/alexcrichton/toml-rs,1
2017-12-01,46027,2925,GitHub/alexcrichton/toml-rs,1
2017-12-01,46027,2928,GitHub/alexcrichton/toml-rs,1
2017-12-01,46027,2918,GitHub/alexcrichton/toml-rs,1
2017-12-01,46027,65,GitHub/alexcrichton/toml-rs,2
2017-12-01,46027,2923,GitHub/alexcrichton/toml-rs,1
2017-12-01,46027,46,GitHub/alexcrichton/toml-rs,4
2017-12-01,46027,2343,GitHub/alexcrichton/toml-rs,2
2017-12-01,46027,2922,GitHub/alexcrichton/toml-rs,4
2017-12-01,46027,2916,GitHub/alexcrichton/toml-rs,1
2017-12-01,46027,2867,GitHub/alexcrichton/toml-rs,57
2017-12-01,46027,2926,GitHub/alexcrichton/toml-rs,1
2017-12-01,46027,2924,GitHub/alexcrichton/toml-rs,1
2017-12-01,46027,2919,GitHub/alexcrichton/toml-rs,11
2017-12-01,46027,2912,GitHub/alexcrichton/toml-rs,2
2017-12-01,46027,2921,GitHub/alexcrichton/toml-rs,5
2017-12-01,46027,68,GitHub/alexcrichton/toml-rs,1
2017-12-01,46027,2915,GitHub/alexcrichton/toml-rs,22
2017-12-01,46027,2927,GitHub/alexcrichton/toml-rs,3
2017-12-01,46027,64,GitHub/alexcrichton/toml-rs,3
2017-12-01,46178,3044,GitHub/rust-lang-nursery/lazy-static.rs,3
2017-12-01,46178,2928,GitHub/rust-lang-nursery/lazy-static.rs,1
2017-12-01,46178,3070,GitHub/rust-lang-nursery/lazy-static.rs,1
2017-12-01,46178,4539,GitHub/rust-lang-nursery/lazy-static.rs,1
2017-12-01,46178,3071,GitHub/rust-lang-nursery/lazy-static.rs,1
2017-12-01,46178,2921,GitHub/rust-lang-nursery/lazy-static.rs,3
2017-12-01,46178,2987,GitHub/rust-lang-nursery/lazy-static.rs,5
2017-12-01,46178,4630,GitHub/rust-lang-nursery/lazy-static.rs,1
2017-12-01,46178,1547,GitHub/rust-lang-nursery/lazy-static.rs,3
2017-12-01,46178,4627,GitHub/rust-lang-nursery/lazy-static.rs,1
2017-12-01,46178,3472,GitHub/rust-lang-nursery/lazy-static.rs,32
2017-12-01,49067,2968,GitHub/Amanieu/thread_local-rs,8
2017-12-01,49067,209,GitHub/Amanieu/thread_local-rs,2
2017-12-01,49067,2872,GitHub/Amanieu/thread_local-rs,1
2017-12-01,49075,1992,GitHub/rust-lang/pkg-config-rs,1
2017-12-01,49075,209,GitHub/rust-lang/pkg-config-rs,1
2017-12-01,49075,4509,GitHub/rust-lang/pkg-config-rs,2
2017-12-01,49075,2867,GitHub/rust-lang/pkg-config-rs,12
2017-12-01,49075,2872,GitHub/rust-lang/pkg-config-rs,1
2017-12-01,49075,2909,GitHub/rust-lang/pkg-config-rs,1
2017-12-01,49075,2945,GitHub/rust-lang/pkg-config-rs,3
2017-12-01,49075,4508,GitHub/rust-lang/pkg-config-rs,1
2017-12-01,52462,2970,GitHub/Frommi/miniz_oxide,1
2017-12-01,52462,898,GitHub/Frommi/miniz_oxide,53
2017-12-01,52462,3636,GitHub/Frommi/miniz_oxide,161
2017-12-01,52465,3608,GitHub/fizyk20/generic-array,1
2017-12-01,52465,3610,GitHub/fizyk20/generic-array,1
2017-12-01,52465,3206,GitHub/fizyk20/generic-array,3
2017-12-01,52465,3609,GitHub/fizyk20/generic-array,1
2017-12-01,52465,879,GitHub/fizyk20/generic-array,1
2017-12-01,52465,3607,GitHub/fizyk20/generic-array,21
2017-12-01,52465,3606,GitHub/fizyk20/generic-array,25
2018-02-01,626,3433,GitHub/hyperium/http,3
2018-02-01,626,3899,GitHub/hyperium/http,1
2018-02-01,626,3898,GitHub/hyperium/http,2
2018-02-01,626,2945,GitHub/hyperium/http,1
2018-02-01,626,209,GitHub/hyperium/http,1
2018-02-01,626,3878,GitHub/hyperium/http,2
2018-02-01,4484,3043,GitHub/BurntSushi/byteorder,1
2018-02-01,4484,3192,GitHub/BurntSushi/byteorder,1
2018-02-01,4484,209,GitHub/BurntSushi/byteorder,1
2018-02-01,4733,2985,GitHub/dtolnay/syn,1
2018-02-01,4733,2912,GitHub/dtolnay/syn,151
2018-02-01,4733,3516,GitHub/dtolnay/syn,4
2018-02-01,4733,3594,GitHub/dtolnay/syn,1
2018-02-01,4733,3595,GitHub/dtolnay/syn,1
2018-02-01,4733,3021,GitHub/dtolnay/syn,2
2018-02-01,6681,3475,GitHub/djc/rustc-version-rs,1
2018-02-01,7415,3043,GitHub/BurntSushi/aho-corasick,6
2018-02-01,7415,209,GitHub/BurntSushi/aho-corasick,2
2018-02-01,7415,3170,GitHub/BurntSushi/aho-corasick,2
2018-02-01,12228,3878,GitHub/seanmonstar/httparse,2
2018-02-01,16183,2909,GitHub/rust-lang/cc-rs,2
2018-02-01,16183,4063,GitHub/rust-lang/cc-rs,1
2018-02-01,16183,2994,GitHub/rust-lang/cc-rs,2
2018-02-01,16183,4136,GitHub/rust-lang/cc-rs,1
2018-02-01,16183,2867,GitHub/rust-lang/cc-rs,5
2018-02-01,16259,4403,GitHub/rust-num/num-traits,1
2018-02-01,16259,2931,GitHub/rust-num/num-traits,1
2018-02-01,16259,4691,GitHub/rust-num/num-traits,2
2018-02-01,16259,4698,GitHub/rust-num/num-traits,5
2018-02-01,16259,3025,GitHub/rust-num/num-traits,3
2018-02-01,16259,3192,GitHub/rust-num/num-traits,1
2018-02-01,16492,3433,GitHub/tokio-rs/bytes,5
2018-02-01,16492,4287,GitHub/tokio-rs/bytes,1
2018-02-01,16492,3147,GitHub/tokio-rs/bytes,1
2018-02-01,16492,4960,GitHub/tokio-rs/bytes,2
2018-02-01,18006,3170,GitHub/crossbeam-rs/crossbeam,2
2018-02-01,18006,665,GitHub/crossbeam-rs/crossbeam,2
2018-02-01,18006,3096,GitHub/crossbeam-rs/crossbeam,1
2018-02-01,18006,209,GitHub/crossbeam-rs/crossbeam,1
2018-02-01,18006,353,GitHub/crossbeam-rs/crossbeam,11
2018-02-01,20699,2968,GitHub/Amanieu/parking_lot,5
2018-02-01,20699,2984,GitHub/Amanieu/parking_lot,1
2018-02-01,20699,2985,GitHub/Amanieu/parking_lot,1
2018-02-01,20949,3737,GitHub/Geal/nom,1
2018-02-01,20949,3063,GitHub/Geal/nom,2
2018-02-01,20949,3214,GitHub/Geal/nom,4
2018-02-01,20949,3738,GitHub/Geal/nom,2
2018-02-01,20949,3534,GitHub/Geal/nom,49
2018-02-01,21282,268,GitHub/bluss/arrayvec,7
2018-02-01,21282,3096,GitHub/bluss/arrayvec,1
2018-02-01,21445,209,GitHub/marshallpierce/rust-base64,1
2018-02-01,23287,4056,GitHub/rust-itertools/itertools,5
2018-02-01,23287,268,GitHub/rust-itertools/itertools,12
2018-02-01,24440,3990,GitHub/ogham/rust-ansi-term,1
2018-02-01,24455,2912,GitHub/serde-rs/json,2
2018-02-01,24455,760,GitHub/serde-rs/json,2
2018-02-01,25976,155,GitHub/rust-lang/regex,1
2018-02-01,25976,4545,GitHub/rust-lang/regex,2
2018-02-01,25976,4583,GitHub/rust-lang/regex,1
2018-02-01,25976,3043,GitHub/rust-lang/regex,1
2018-02-01,25976,3502,GitHub/rust-lang/regex,1
2018-02-01,26074,3438,GitHub/paholg/typenum,2
2018-02-01,26074,3614,GitHub/paholg/typenum,1
2018-02-01,28705,707,GitHub/dguo/strsim-rs,3
2018-02-01,28705,3465,GitHub/dguo/strsim-rs,1
2018-02-01,32560,209,GitHub/BurntSushi/memchr,2
2018-02-01,32560,3043,GitHub/BurntSushi/memchr,4
2018-02-01,32560,3212,GitHub/BurntSushi/memchr,1
2018-02-01,34191,3189,GitHub/RustCrypto/utils,1
2018-02-01,34831,3581,GitHub/rust-lang/futures-rs,5
2018-02-01,34831,4330,GitHub/rust-lang/futures-rs,1
2018-02-01,34831,3428,GitHub/rust-lang/futures-rs,1
2018-02-01,34831,4255,GitHub/rust-lang/futures-rs,1
2018-02-01,34831,2867,GitHub/rust-lang/futures-rs,17
2018-02-01,34831,3433,GitHub/rust-lang/futures-rs,2
2018-02-01,34831,4257,GitHub/rust-lang/futures-rs,1
2018-02-01,34831,4256,GitHub/rust-lang/futures-rs,1
2018-02-01,34831,3268,GitHub/rust-lang/futures-rs,1
2018-02-01,34831,3312,GitHub/rust-lang/futures-rs,3
2018-02-01,34831,3435,GitHub/rust-lang/futures-rs,1
2018-02-01,34831,4259,GitHub/rust-lang/futures-rs,2
2018-02-01,34831,4258,GitHub/rust-lang/futures-rs,1
2018-02-01,34831,1725,GitHub/rust-lang/futures-rs,1
2018-02-01,37083,3265,GitHub/BurntSushi/termcolor,2
2018-02-01,37083,209,GitHub/BurntSushi/termcolor,1
2018-02-01,37083,353,GitHub/BurntSushi/termcolor,1
2018-02-01,37083,466,GitHub/BurntSushi/termcolor,1
2018-02-01,37083,470,GitHub/BurntSushi/termcolor,2
2018-02-01,37083,472,GitHub/BurntSushi/termcolor,1
2018-02-01,37083,473,GitHub/BurntSushi/termcolor,2
2018-02-01,37083,3042,GitHub/BurntSushi/termcolor,1
2018-02-01,37083,3043,GitHub/BurntSushi/termcolor,5
2018-02-01,37083,3097,GitHub/BurntSushi/termcolor,3
2018-02-01,37083,3230,GitHub/BurntSushi/termcolor,1
2018-02-01,37083,3232,GitHub/BurntSushi/termcolor,4
2018-02-01,37083,3252,GitHub/BurntSushi/termcolor,4
2018-02-01,37083,3263,GitHub/BurntSushi/termcolor,1
2018-02-01,37083,3264,GitHub/BurntSushi/termcolor,1
2018-02-01,37083,3267,GitHub/BurntSushi/termcolor,1
2018-02-01,37101,3096,GitHub/Gilnaa/memoffset,1
2018-02-01,37101,1198,GitHub/Gilnaa/memoffset,3
2018-02-01,37612,3021,GitHub/dtolnay/quote,1
2018-02-01,37612,2912,GitHub/dtolnay/quote,21
2018-02-01,38667,268,GitHub/bluss/indexmap,49
2018-02-01,39779,2508,GitHub/time-rs/time,1
2018-02-01,39779,2867,GitHub/time-rs/time,3
2018-02-01,39779,2985,GitHub/time-rs/time,1
2018-02-01,40937,2950,GitHub/dtolnay/semver,1
2018-02-01,40937,3516,GitHub/dtolnay/semver,1
2018-02-01,41752,3032,GitHub/servo/rust-url,1
2018-02-01,41752,3413,GitHub/servo/rust-url,2
2018-02-01,41752,1252,GitHub/servo/rust-url,2
2018-02-01,41957,2912,GitHub/dtolnay/proc-macro2,19
2018-02-01,41957,3021,GitHub/dtolnay/proc-macro2,1
2018-02-01,41957,2867,GitHub/dtolnay/proc-macro2,7
2018-02-01,41957,2343,GitHub/dtolnay/proc-macro2,1
2018-02-01,42655,2945,GitHub/rust-lang/socket2,2
2018-02-01,42655,2867,GitHub/rust-lang/socket2,7
2018-02-01,49075,4507,GitHub/rust-lang/pkg-config-rs,2
2018-02-01,52462,3422,GitHub/Frommi/miniz_oxide,1
2018-02-01,52462,3636,GitHub/Frommi/miniz_oxide,1
2018-02-01,52462,3097,GitHub/Frommi/miniz_oxide,1
2018-02-01,52462,898,GitHub/Frommi/miniz_oxide,11
2018-03-01,626,3898,GitHub/hyperium/http,2
2018-03-01,626,3878,GitHub/hyperium/http,4
2018-03-01,626,3899,GitHub/hyperium/http,1
2018-03-01,626,2945,GitHub/hyperium/http,1
2018-03-01,626,3433,GitHub/hyperium/http,5
2018-03-01,626,209,GitHub/hyperium/http,1
2018-03-01,4484,3192,GitHub/BurntSushi/byteorder,1
2018-03-01,4484,209,GitHub/BurntSushi/byteorder,1
2018-03-01,4484,3043,GitHub/BurntSushi/byteorder,1
2018-03-01,4733,2992,GitHub/dtolnay/syn,1
2018-03-01,4733,3595,GitHub/dtolnay/syn,1
2018-03-01,4733,3025,GitHub/dtolnay/syn,1
2018-03-01,4733,3021,GitHub/dtolnay/syn,2
2018-03-01,4733,2912,GitHub/dtolnay/syn,159
2018-03-01,4733,2985,GitHub/dtolnay/syn,2
2018-03-01,4733,3516,GitHub/dtolnay/syn,4
2018-03-01,4733,3593,GitHub/dtolnay/syn,1
2018-03-01,4733,3594,GitHub/dtolnay/syn,1
2018-03-01,6681,3475,GitHub/djc/rustc-version-rs,1
2018-03-01,6681,3472,GitHub/djc/rustc-version-rs,5
2018-03-01,7415,3170,GitHub/BurntSushi/aho-corasick,2
2018-03-01,7415,3043,GitHub/BurntSushi/aho-corasick,6
2018-03-01,7415,209,GitHub/BurntSushi/aho-corasick,2
2018-03-01,12228,3878,GitHub/seanmonstar/httparse,2
2018-03-01,14306,3025,GitHub/rust-num/num-integer,5
2018-03-01,16183,4135,GitHub/rust-lang/cc-rs,1
2018-03-01,16183,4136,GitHub/rust-lang/cc-rs,1
2018-03-01,16183,2994,GitHub/rust-lang/cc-rs,2
2018-03-01,16183,2909,GitHub/rust-lang/cc-rs,2
2018-03-01,16183,1526,GitHub/rust-lang/cc-rs,1
2018-03-01,16183,2982,GitHub/rust-lang/cc-rs,1
2018-03-01,16183,2867,GitHub/rust-lang/cc-rs,9
2018-03-01,16183,3025,GitHub/rust-lang/cc-rs,3
2018-03-01,16183,4063,GitHub/rust-lang/cc-rs,1
2018-03-01,16259,2874,GitHub/rust-num/num-traits,10
2018-03-01,16259,4691,GitHub/rust-num/num-traits,2
2018-03-01,16259,4683,GitHub/rust-num/num-traits,1
2018-03-01,16259,4403,GitHub/rust-num/num-traits,1
2018-03-01,16259,2931,GitHub/rust-num/num-traits,6
2018-03-01,16259,3192,GitHub/rust-num/num-traits,1
2018-03-01,16259,4698,GitHub/rust-num/num-traits,5
2018-03-01,16259,3025,GitHub/rust-num/num-traits,29
2018-03-01,16492,3147,GitHub/tokio-rs/bytes,1
2018-03-01,16492,3433,GitHub/tokio-rs/bytes,5
2018-03-01,16492,4287,GitHub/tokio-rs/bytes,2
2018-03-01,16492,4960,GitHub/tokio-rs/bytes,2
2018-03-01,18006,3096,GitHub/crossbeam-rs/crossbeam,12
2018-03-01,18006,209,GitHub/crossbeam-rs/crossbeam,2
2018-03-01,18006,353,GitHub/crossbeam-rs/crossbeam,16
2018-03-01,18006,665,GitHub/crossbeam-rs/crossbeam,2
2018-03-01,18006,3170,GitHub/crossbeam-rs/crossbeam,2
2018-03-01,20410,3980,GitHub/mgeisler/textwrap,5
2018-03-01,20410,2872,GitHub/mgeisler/textwrap,10
2018-03-01,20699,2985,GitHub/Amanieu/parking_lot,1
2018-03-01,20699,2982,GitHub/Amanieu/parking_lot,1
2018-03-01,20699,2984,GitHub/Amanieu/parking_lot,1
2018-03-01,20699,2983,GitHub/Amanieu/parking_lot,1
2018-03-01,20699,2968,GitHub/Amanieu/parking_lot,15
2018-03-01,20699,138,GitHub/Amanieu/parking_lot,2
2018-03-01,20949,3726,GitHub/Geal/nom,4
2018-03-01,20949,2873,GitHub/Geal/nom,1
2018-03-01,20949,3063,GitHub/Geal/nom,4
2018-03-01,20949,3108,GitHub/Geal/nom,1
2018-03-01,20949,3214,GitHub/Geal/nom,4
2018-03-01,20949,3534,GitHub/Geal/nom,132
2018-03-01,20949,3710,GitHub/Geal/nom,1
2018-03-01,20949,3730,GitHub/Geal/nom,2
2018-03-01,20949,3732,GitHub/Geal/nom,1
2018-03-01,20949,3733,GitHub/Geal/nom,2
2018-03-01,20949,3734,GitHub/Geal/nom,1
2018-03-01,20949,3735,GitHub/Geal/nom,1
2018-03-01,20949,3736,GitHub/Geal/nom,1
2018-03-01,20949,3737,GitHub/Geal/nom,1
2018-03-01,20949,3738,GitHub/Geal/nom,2
2018-03-01,21282,268,GitHub/bluss/arrayvec,9
2018-03-01,21282,3096,GitHub/bluss/arrayvec,1
2018-03-01,21445,209,GitHub/marshallpierce/rust-base64,1
2018-03-01,21445,1272,GitHub/marshallpierce/rust-base64,1
2018-03-01,22724,2945,GitHub/rust-lang/log,2
2018-03-01,22724,3741,GitHub/rust-lang/log,1
2018-03-01,22724,2867,GitHub/rust-lang/log,1
2018-03-01,23287,4056,GitHub/rust-itertools/itertools,5
2018-03-01,23287,268,GitHub/rust-itertools/itertools,12
2018-03-01,24440,2975,GitHub/ogham/rust-ansi-term,3
2018-03-01,24440,3990,GitHub/ogham/rust-ansi-term,1
2018-03-01,24455,2912,GitHub/serde-rs/json,11
2018-03-01,24455,760,GitHub/serde-rs/json,2
2018-03-01,24455,4765,GitHub/serde-rs/json,1
2018-03-01,24455,4315,GitHub/serde-rs/json,1
2018-03-01,24455,3025,GitHub/serde-rs/json,1
2018-03-01,25976,4545,GitHub/rust-lang/regex,2
2018-03-01,25976,155,GitHub/rust-lang/regex,1
2018-03-01,25976,3502,GitHub/rust-lang/regex,1
2018-03-01,25976,3043,GitHub/rust-lang/regex,10
2018-03-01,25976,4583,GitHub/rust-lang/regex,1
2018-03-01,26074,3614,GitHub/paholg/typenum,1
2018-03-01,26074,3438,GitHub/paholg/typenum,2
2018-03-01,28705,3465,GitHub/dguo/strsim-rs,1
2018-03-01,28705,707,GitHub/dguo/strsim-rs,3
2018-03-01,32560,3043,GitHub/BurntSushi/memchr,4
2018-03-01,32560,209,GitHub/BurntSushi/memchr,2
2018-03-01,32560,3212,GitHub/BurntSushi/memchr,1
2018-03-01,34191,3189,GitHub/RustCrypto/utils,6
2018-03-01,34191,3448,GitHub/RustCrypto/utils,1
2018-03-01,34191,532,GitHub/RustCrypto/utils,1
2018-03-01,34831,1743,GitHub/rust-lang/futures-rs,12
2018-03-01,34831,3860,GitHub/rust-lang/futures-rs,3
2018-03-01,34831,4289,GitHub/rust-lang/futures-rs,2
2018-03-01,34831,3878,GitHub/rust-lang/futures-rs,1
2018-03-01,34831,4288,GitHub/rust-lang/futures-rs,1
2018-03-01,34831,4259,GitHub/rust-lang/futures-rs,2
2018-03-01,34831,4323,GitHub/rust-lang/futures-rs,1
2018-03-01,34831,3268,GitHub/rust-lang/futures-rs,1
2018-03-01,34831,3312,GitHub/rust-lang/futures-rs,3
2018-03-01,34831,3318,GitHub/rust-lang/futures-rs,1
2018-03-01,34831,4256,GitHub/rust-lang/futures-rs,1
2018-03-01,34831,4255,GitHub/rust-lang/futures-rs,2
2018-03-01,34831,3427,GitHub/rust-lang/futures-rs,44
2018-03-01,34831,3428,GitHub/rust-lang/futures-rs,1
2018-03-01,34831,4257,GitHub/rust-lang/futures-rs,1
2018-03-01,34831,4254,GitHub/rust-lang/futures-rs,1
2018-03-01,34831,3433,GitHub/rust-lang/futures-rs,2
2018-03-01,34831,3435,GitHub/rust-lang/futures-rs,1
2018-03-01,34831,3438,GitHub/rust-lang/futures-rs,1
2018-03-01,34831,4258,GitHub/rust-lang/futures-rs,1
2018-03-01,34831,4253,GitHub/rust-lang/futures-rs,1
2018-03-01,34831,4252,GitHub/rust-lang/futures-rs,4
2018-03-01,34831,4065,GitHub/rust-lang/futures-rs,5
2018-03-01,34831,4251,GitHub/rust-lang/futures-rs,1
2018-03-01,34831,4330,GitHub/rust-lang/futures-rs,1
2018-03-01,34831,3581,GitHub/rust-lang/futures-rs,56
2018-03-01,34831,4329,GitHub/rust-lang/futures-rs,1
2018-03-01,34831,1666,GitHub/rust-lang/futures-rs,2
2018-03-01,34831,1725,GitHub/rust-lang/futures-rs,1
2018-03-01,34831,2867,GitHub/rust-lang/futures-rs,83
2018-03-01,34831,2970,GitHub/rust-lang/futures-rs,2
2018-03-01,36424,3651,GitHub/steveklabnik/semver-parser,1
2018-03-01,37083,3256,GitHub/BurntSushi/termcolor,1
2018-03-01,37083,3042,GitHub/BurntSushi/termcolor,1
2018-03-01,37083,3043,GitHub/BurntSushi/termcolor,73
2018-03-01,37083,3097,GitHub/BurntSushi/termcolor,3
2018-03-01,37083,3180,GitHub/BurntSushi/termcolor,1
2018-03-01,37083,3230,GitHub/BurntSushi/termcolor,1
2018-03-01,37083,3232,GitHub/BurntSushi/termcolor,4
2018-03-01,37083,3252,GitHub/BurntSushi/termcolor,6
2018-03-01,37083,3257,GitHub/BurntSushi/termcolor,1
2018-03-01,37083,3258,GitHub/BurntSushi/termcolor,1
2018-03-01,37083,3259,GitHub/BurntSushi/termcolor,1
2018-03-01,37083,3260,GitHub/BurntSushi/termcolor,1
2018-03-01,37083,3261,GitHub/BurntSushi/termcolor,1
2018-03-01,37083,3262,GitHub/BurntSushi/termcolor,1
2018-03-01,37083,3263,GitHub/BurntSushi/termcolor,1
2018-03-01,37083,3264,GitHub/BurntSushi/termcolor,1
2018-03-01,37083,3265,GitHub/BurntSushi/termcolor,2
2018-03-01,37083,3267,GitHub/BurntSushi/termcolor,1
2018-03-01,37083,473,GitHub/BurntSushi/termcolor,2
2018-03-01,37083,209,GitHub/BurntSushi/termcolor,1
2018-03-01,37083,472,GitHub/BurntSushi/termcolor,1
2018-03-01,37083,470,GitHub/BurntSushi/termcolor,2
2018-03-01,37083,466,GitHub/BurntSushi/termcolor,1
2018-03-01,37083,460,GitHub/BurntSushi/termcolor,1
2018-03-01,37083,457,GitHub/BurntSushi/termcolor,2
2018-03-01,37083,353,GitHub/BurntSushi/termcolor,1
2018-03-01,37083,2914,GitHub/BurntSushi/termcolor,1
2018-03-01,37101,1198,GitHub/Gilnaa/memoffset,3
2018-03-01,37101,3096,GitHub/Gilnaa/memoffset,1
2018-03-01,37612,3021,GitHub/dtolnay/quote,1
2018-03-01,37612,2912,GitHub/dtolnay/quote,21
2018-03-01,38667,268,GitHub/bluss/indexmap,66
2018-03-01,39779,2508,GitHub/time-rs/time,1
2018-03-01,39779,2867,GitHub/time-rs/time,3
2018-03-01,39779,2985,GitHub/time-rs/time,1
2018-03-01,40937,2950,GitHub/dtolnay/semver,1
2018-03-01,40937,3516,GitHub/dtolnay/semver,2
2018-03-01,41752,3413,GitHub/servo/rust-url,35
2018-03-01,41752,1252,GitHub/servo/rust-url,2
2018-03-01,41752,3032,GitHub/servo/rust-url,3
2018-03-01,41957,2912,GitHub/dtolnay/proc-macro2,22
2018-03-01,41957,2867,GitHub/dtolnay/proc-macro2,9
2018-03-01,41957,3021,GitHub/dtolnay/proc-macro2,1
2018-03-01,41957,2343,GitHub/dtolnay/proc-macro2,1
2018-03-01,42655,4300,GitHub/rust-lang/socket2,3
2018-03-01,42655,2127,GitHub/rust-lang/socket2,1
2018-03-01,42655,2945,GitHub/rust-lang/socket2,2
2018-03-01,42655,2867,GitHub/rust-lang/socket2,9
2018-03-01,49075,4507,GitHub/rust-lang/pkg-config-rs,2
2018-03-01,49075,2867,GitHub/rust-lang/pkg-config-rs,2
2018-03-01,49075,209,GitHub/rust-lang/pkg-config-rs,1
2018-03-01,49075,3690,GitHub/rust-lang/pkg-config-rs,1
2018-03-01,52462,3636,GitHub/Frommi/miniz_oxide,6
2018-03-01,52462,898,GitHub/Frommi/miniz_oxide,13
2018-03-01,52462,3097,GitHub/Frommi/miniz_oxide,1
2018-03-01,52462,3422,GitHub/Frommi/miniz_oxide,1
2018-03-01,52465,877,GitHub/fizyk20/generic-array,1
2018-03-01,52465,3606,GitHub/fizyk20/generic-array,5
2018-04-01,602,3173,GitHub/unicode-rs/unicode-segmentation,2
2018-04-01,602,4988,GitHub/unicode-rs/unicode-segmentation,4
2018-04-01,626,3051,GitHub/hyperium/http,1
2018-04-01,626,3433,GitHub/hyperium/http,5
2018-04-01,626,3898,GitHub/hyperium/http,3
2018-04-01,626,2945,GitHub/hyperium/http,1
2018-04-01,626,3899,GitHub/hyperium/http,1
2018-04-01,626,3897,GitHub/hyperium/http,1
2018-04-01,626,209,GitHub/hyperium/http,3
2018-04-01,626,3878,GitHub/hyperium/http,5
2018-04-01,4484,3192,GitHub/BurntSushi/byteorder,1
2018-04-01,4484,3043,GitHub/BurntSushi/byteorder,1
2018-04-01,4484,209,GitHub/BurntSushi/byteorder,1
2018-04-01,4484,2975,GitHub/BurntSushi/byteorder,1
2018-04-01,4733,3021,GitHub/dtolnay/syn,2
2018-04-01,4733,3595,GitHub/dtolnay/syn,1
2018-04-01,4733,2985,GitHub/dtolnay/syn,2
2018-04-01,4733,2867,GitHub/dtolnay/syn,1
2018-04-01,4733,3097,GitHub/dtolnay/syn,1
2018-04-01,4733,2912,GitHub/dtolnay/syn,203
2018-04-01,4733,3025,GitHub/dtolnay/syn,1
2018-04-01,4733,3594,GitHub/dtolnay/syn,1
2018-04-01,4733,3593,GitHub/dtolnay/syn,1
2018-04-01,4733,3516,GitHub/dtolnay/syn,4
2018-04-01,4733,2983,GitHub/dtolnay/syn,1
2018-04-01,4733,2992,GitHub/dtolnay/syn,1
2018-04-01,6681,3472,GitHub/djc/rustc-version-rs,5
2018-04-01,6681,3475,GitHub/djc/rustc-version-rs,1
2018-04-01,7322,2988,GitHub/servo/rust-smallvec,1
2018-04-01,7322,4804,GitHub/servo/rust-smallvec,1
2018-04-01,7415,3043,GitHub/BurntSushi/aho-corasick,7
2018-04-01,7415,209,GitHub/BurntSushi/aho-corasick,2
2018-04-01,7415,3170,GitHub/BurntSushi/aho-corasick,2
2018-04-01,12228,3878,GitHub/seanmonstar/httparse,2
2018-04-01,12228,4722,GitHub/seanmonstar/httparse,2
2018-04-01,12266,3065,GitHub/bitflags/bitflags,1
2018-04-01,14306,3025,GitHub/rust-num/num-integer,5
2018-04-01,16183,2994,GitHub/rust-lang/cc-rs,2
2018-04-01,16183,3025,GitHub/rust-lang/cc-rs,3
2018-04-01,16183,1526,GitHub/rust-lang/cc-rs,1
2018-04-01,16183,2982,GitHub/rust-lang/cc-rs,2
2018-04-01,16183,4136,GitHub/rust-lang/cc-rs,1
2018-04-01,16183,4135,GitHub/rust-lang/cc-rs,1
2018-04-01,16183,4134,GitHub/rust-lang/cc-rs,1
2018-04-01,16183,4133,GitHub/rust-lang/cc-rs,1
2018-04-01,16183,4063,GitHub/rust-lang/cc-rs,1
2018-04-01,16183,2867,GitHub/rust-lang/cc-rs,28
2018-04-01,16183,2909,GitHub/rust-lang/cc-rs,2
2018-04-01,16183,3690,GitHub/rust-lang/cc-rs,2
2018-04-01,16183,3413,GitHub/rust-lang/cc-rs,1
2018-04-01,16259,4698,GitHub/rust-num/num-traits,5
2018-04-01,16259,4691,GitHub/rust-num/num-traits,2
2018-04-01,16259,4683,GitHub/rust-num/num-traits,1
2018-04-01,16259,4689,GitHub/rust-num/num-traits,6
2018-04-01,16259,4690,GitHub/rust-num/num-traits,1
2018-04-01,16259,2874,GitHub/rust-num/num-traits,10
2018-04-01,16259,2931,GitHub/rust-num/num-traits,6
2018-04-01,16259,3192,GitHub/rust-num/num-traits,1
2018-04-01,16259,4403,GitHub/rust-num/num-traits,1
2018-04-01,16259,3025,GitHub/rust-num/num-traits,38
2018-04-01,16492,3147,GitHub/tokio-rs/bytes,1
2018-04-01,16492,3433,GitHub/tokio-rs/bytes,7
2018-04-01,16492,4960,GitHub/tokio-rs/bytes,2
2018-04-01,16492,3878,GitHub/tokio-rs/bytes,2
2018-04-01,16492,1252,GitHub/tokio-rs/bytes,1
2018-04-01,16492,4287,GitHub/tokio-rs/bytes,3
2018-04-01,17630,1246,GitHub/bluss/either,3
2018-04-01,17630,268,GitHub/bluss/either,3
2018-04-01,17630,3025,GitHub/bluss/either,1
2018-04-01,18006,353,GitHub/crossbeam-rs/crossbeam,23
2018-04-01,18006,2968,GitHub/crossbeam-rs/crossbeam,10
2018-04-01,18006,665,GitHub/crossbeam-rs/crossbeam,2
2018-04-01,18006,3096,GitHub/crossbeam-rs/crossbeam,15
2018-04-01,18006,3170,GitHub/crossbeam-rs/crossbeam,2
2018-04-01,18006,209,GitHub/crossbeam-rs/crossbeam,2
2018-04-01,20410,3980,GitHub/mgeisler/textwrap,5
2018-04-01,20410,2872,GitHub/mgeisler/textwrap,13
2018-04-01,20699,2968,GitHub/Amanieu/parking_lot,15
2018-04-01,20699,2985,GitHub/Amanieu/parking_lot,1
2018-04-01,20699,2984,GitHub/Amanieu/parking_lot,1
2018-04-01,20699,2982,GitHub/Amanieu/parking_lot,1
2018-04-01,20699,2983,GitHub/Amanieu/parking_lot,1
2018-04-01,20699,138,GitHub/Amanieu/parking_lot,2
2018-04-01,20949,3730,GitHub/Geal/nom,4
2018-04-01,20949,3255,GitHub/Geal/nom,1
2018-04-01,20949,3738,GitHub/Geal/nom,2
2018-04-01,20949,1011,GitHub/Geal/nom,2
2018-04-01,20949,3737,GitHub/Geal/nom,1
2018-04-01,20949,3736,GitHub/Geal/nom,1
2018-04-01,20949,981,GitHub/Geal/nom,1
2018-04-01,20949,3735,GitHub/Geal/nom,1
2018-04-01,20949,3734,GitHub/Geal/nom,1
2018-04-01,20949,3733,GitHub/Geal/nom,2
2018-04-01,20949,3063,GitHub/Geal/nom,4
2018-04-01,20949,3732,GitHub/Geal/nom,1
2018-04-01,20949,3729,GitHub/Geal/nom,1
2018-04-01,20949,3108,GitHub/Geal/nom,1
2018-04-01,20949,2873,GitHub/Geal/nom,1
2018-04-01,20949,3726,GitHub/Geal/nom,5
2018-04-01,20949,3214,GitHub/Geal/nom,4
2018-04-01,20949,3710,GitHub/Geal/nom,5
2018-04-01,20949,3534,GitHub/Geal/nom,165
2018-04-01,21282,3096,GitHub/bluss/arrayvec,1
2018-04-01,21282,268,GitHub/bluss/arrayvec,13
2018-04-01,21445,1272,GitHub/marshallpierce/rust-base64,1
2018-04-01,21445,3934,GitHub/marshallpierce/rust-base64,1
2018-04-01,21445,1281,GitHub/marshallpierce/rust-base64,7
2018-04-01,21445,209,GitHub/marshallpierce/rust-base64,1
2018-04-01,22724,2945,GitHub/rust-lang/log,2
2018-04-01,22724,3741,GitHub/rust-lang/log,1
2018-04-01,22724,2867,GitHub/rust-lang/log,1
2018-04-01,23287,4056,GitHub/rust-itertools/itertools,5
2018-04-01,23287,1431,GitHub/rust-itertools/itertools,5
2018-04-01,23287,268,GitHub/rust-itertools/itertools,26
2018-04-01,24440,3990,GitHub/ogham/rust-ansi-term,1
2018-04-01,24440,496,GitHub/ogham/rust-ansi-term,7
2018-04-01,24440,2975,GitHub/ogham/rust-ansi-term,4
2018-04-01,24440,1343,GitHub/ogham/rust-ansi-term,2
2018-04-01,24455,2985,GitHub/serde-rs/json,1
2018-04-01,24455,760,GitHub/serde-rs/json,2
2018-04-01,24455,2912,GitHub/serde-rs/json,34
2018-04-01,24455,3094,GitHub/serde-rs/json,1
2018-04-01,24455,65,GitHub/serde-rs/json,1
2018-04-01,24455,4764,GitHub/serde-rs/json,2
2018-04-01,24455,4765,GitHub/serde-rs/json,1
2018-04-01,24455,3891,GitHub/serde-rs/json,1
2018-04-01,24455,3025,GitHub/serde-rs/json,1
2018-04-01,24455,4315,GitHub/serde-rs/json,1
2018-04-01,25976,3043,GitHub/rust-lang/regex,49
2018-04-01,25976,4545,GitHub/rust-lang/regex,2
2018-04-01,25976,2988,GitHub/rust-lang/regex,1
2018-04-01,25976,423,GitHub/rust-lang/regex,3
2018-04-01,25976,155,GitHub/rust-lang/regex,1
2018-04-01,25976,4583,GitHub/rust-lang/regex,1
2018-04-01,25976,3502,GitHub/rust-lang/regex,1
2018-04-01,26074,3614,GitHub/paholg/typenum,7
2018-04-01,26074,3438,GitHub/paholg/typenum,2
2018-04-01,28705,3465,GitHub/dguo/strsim-rs,1
2018-04-01,28705,707,GitHub/dguo/strsim-rs,3
2018-04-01,32560,2975,GitHub/BurntSushi/memchr,4
2018-04-01,32560,3043,GitHub/BurntSushi/memchr,4
2018-04-01,32560,209,GitHub/BurntSushi/memchr,2
2018-04-01,32560,3212,GitHub/BurntSushi/memchr,1
2018-04-01,33435,3492,GitHub/dtolnay/itoa,4
2018-04-01,33435,3217,GitHub/dtolnay/itoa,4
2018-04-01,33435,2912,GitHub/dtolnay/itoa,8
2018-04-01,34191,532,GitHub/RustCrypto/utils,1
2018-04-01,34191,3189,GitHub/RustCrypto/utils,6
2018-04-01,34191,3448,GitHub/RustCrypto/utils,1
2018-04-01,34831,3427,GitHub/rust-lang/futures-rs,64
2018-04-01,34831,1666,GitHub/rust-lang/futures-rs,2
2018-04-01,34831,1725,GitHub/rust-lang/futures-rs,1
2018-04-01,34831,1743,GitHub/rust-lang/futures-rs,37
2018-04-01,34831,1755,GitHub/rust-lang/futures-rs,1
2018-04-01,34831,2867,GitHub/rust-lang/futures-rs,91
2018-04-01,34831,2970,GitHub/rust-lang/futures-rs,2
2018-04-01,34831,3145,GitHub/rust-lang/futures-rs,1
2018-04-01,34831,3268,GitHub/rust-lang/futures-rs,3
2018-04-01,34831,3312,GitHub/rust-lang/futures-rs,3
2018-04-01,34831,3318,GitHub/rust-lang/futures-rs,1
2018-04-01,34831,3428,GitHub/rust-lang/futures-rs,1
2018-04-01,34831,3433,GitHub/rust-lang/futures-rs,13
2018-04-01,34831,3435,GitHub/rust-lang/futures-rs,1
2018-04-01,34831,3438,GitHub/rust-lang/futures-rs,1
2018-04-01,34831,3502,GitHub/rust-lang/futures-rs,15
2018-04-01,34831,3581,GitHub/rust-lang/futures-rs,67
2018-04-01,34831,3637,GitHub/rust-lang/futures-rs,3
2018-04-01,34831,3860,GitHub/rust-lang/futures-rs,3
2018-04-01,34831,3878,GitHub/rust-lang/futures-rs,10
2018-04-01,34831,4065,GitHub/rust-lang/futures-rs,6
2018-04-01,34831,4251,GitHub/rust-lang/futures-rs,1
2018-04-01,34831,4252,GitHub/rust-lang/futures-rs,4
2018-04-01,34831,4253,GitHub/rust-lang/futures-rs,1
2018-04-01,34831,4254,GitHub/rust-lang/futures-rs,1
2018-04-01,34831,4255,GitHub/rust-lang/futures-rs,2
2018-04-01,34831,4256,GitHub/rust-lang/futures-rs,1
2018-04-01,34831,4257,GitHub/rust-lang/futures-rs,1
2018-04-01,34831,4258,GitHub/rust-lang/futures-rs,3
2018-04-01,34831,4259,GitHub/rust-lang/futures-rs,2
2018-04-01,34831,4288,GitHub/rust-lang/futures-rs,3
2018-04-01,34831,4289,GitHub/rust-lang/futures-rs,2
2018-04-01,34831,4323,GitHub/rust-lang/futures-rs,3
2018-04-01,34831,4325,GitHub/rust-lang/futures-rs,1
2018-04-01,34831,4327,GitHub/rust-lang/futures-rs,1
2018-04-01,34831,4328,GitHub/rust-lang/futures-rs,1
2018-04-01,34831,4329,GitHub/rust-lang/futures-rs,1
2018-04-01,34831,4330,GitHub/rust-lang/futures-rs,1
2018-04-01,36424,3651,GitHub/steveklabnik/semver-parser,1
2018-04-01,37083,470,GitHub/BurntSushi/termcolor,2
2018-04-01,37083,472,GitHub/BurntSushi/termcolor,1
2018-04-01,37083,473,GitHub/BurntSushi/termcolor,2
2018-04-01,37083,3232,GitHub/BurntSushi/termcolor,4
2018-04-01,37083,3252,GitHub/BurntSushi/termcolor,10
2018-04-01,37083,3230,GitHub/BurntSushi/termcolor,1
2018-04-01,37083,3180,GitHub/BurntSushi/termcolor,1
2018-04-01,37083,3097,GitHub/BurntSushi/termcolor,3
2018-04-01,37083,3253,GitHub/BurntSushi/termcolor,2
2018-04-01,37083,3267,GitHub/BurntSushi/termcolor,1
2018-04-01,37083,3265,GitHub/BurntSushi/termcolor,2
2018-04-01,37083,466,GitHub/BurntSushi/termcolor,1
2018-04-01,37083,3043,GitHub/BurntSushi/termcolor,82
2018-04-01,37083,3042,GitHub/BurntSushi/termcolor,1
2018-04-01,37083,454,GitHub/BurntSushi/termcolor,1
2018-04-01,37083,3250,GitHub/BurntSushi/termcolor,1
2018-04-01,37083,3254,GitHub/BurntSushi/termcolor,1
2018-04-01,37083,3255,GitHub/BurntSushi/termcolor,1
2018-04-01,37083,3256,GitHub/BurntSushi/termcolor,1
2018-04-01,37083,353,GitHub/BurntSushi/termcolor,1
2018-04-01,37083,3257,GitHub/BurntSushi/termcolor,1
2018-04-01,37083,3258,GitHub/BurntSushi/termcolor,1
2018-04-01,37083,3259,GitHub/BurntSushi/termcolor,1
2018-04-01,37083,2914,GitHub/BurntSushi/termcolor,1
2018-04-01,37083,3251,GitHub/BurntSushi/termcolor,1
2018-04-01,37083,3260,GitHub/BurntSushi/termcolor,1
2018-04-01,37083,3261,GitHub/BurntSushi/termcolor,1
2018-04-01,37083,2875,GitHub/BurntSushi/termcolor,1
2018-04-01,37083,3262,GitHub/BurntSushi/termcolor,1
2018-04-01,37083,457,GitHub/BurntSushi/termcolor,2
2018-04-01,37083,460,GitHub/BurntSushi/termcolor,1
2018-04-01,37083,3263,GitHub/BurntSushi/termcolor,1
2018-04-01,37083,453,GitHub/BurntSushi/termcolor,1
2018-04-01,37083,209,GitHub/BurntSushi/termcolor,1
2018-04-01,37083,3264,GitHub/BurntSushi/termcolor,1
2018-04-01,37101,3096,GitHub/Gilnaa/memoffset,1
2018-04-01,37101,1198,GitHub/Gilnaa/memoffset,3
2018-04-01,37612,2983,GitHub/dtolnay/quote,1
2018-04-01,37612,3021,GitHub/dtolnay/quote,1
2018-04-01,37612,2912,GitHub/dtolnay/quote,28
2018-04-01,37612,2867,GitHub/dtolnay/quote,1
2018-04-01,37844,4270,GitHub/softprops/atty,5
2018-04-01,37844,2867,GitHub/softprops/atty,2
2018-04-01,38667,268,GitHub/bluss/indexmap,76
2018-04-01,39779,2508,GitHub/time-rs/time,1
2018-04-01,39779,2985,GitHub/time-rs/time,1
2018-04-01,39779,2867,GitHub/time-rs/time,3
2018-04-01,40937,2950,GitHub/dtolnay/semver,1
2018-04-01,40937,3516,GitHub/dtolnay/semver,2
2018-04-01,41752,3413,GitHub/servo/rust-url,35
2018-04-01,41752,1252,GitHub/servo/rust-url,2
2018-04-01,41752,3032,GitHub/servo/rust-url,3
2018-04-01,41957,2867,GitHub/dtolnay/proc-macro2,13
2018-04-01,41957,2343,GitHub/dtolnay/proc-macro2,1
2018-04-01,41957,2912,GitHub/dtolnay/proc-macro2,26
2018-04-01,41957,3021,GitHub/dtolnay/proc-macro2,2
2018-04-01,42655,2127,GitHub/rust-lang/socket2,1
2018-04-01,42655,2945,GitHub/rust-lang/socket2,2
2018-04-01,42655,3757,GitHub/rust-lang/socket2,1
2018-04-01,42655,4616,GitHub/rust-lang/socket2,1
2018-04-01,42655,2867,GitHub/rust-lang/socket2,16
2018-04-01,42655,4300,GitHub/rust-lang/socket2,4
2018-04-01,49075,3690,GitHub/rust-lang/pkg-config-rs,1
2018-04-01,49075,209,GitHub/rust-lang/pkg-config-rs,1
2018-04-01,49075,2867,GitHub/rust-lang/pkg-config-rs,3
2018-04-01,49075,2900,GitHub/rust-lang/pkg-config-rs,1
2018-04-01,49075,4507,GitHub/rust-lang/pkg-config-rs,2
2018-04-01,52462,3422,GitHub/Frommi/miniz_oxide,1
2018-04-01,52462,898,GitHub/Frommi/miniz_oxide,13
2018-04-01,52462,3636,GitHub/Frommi/miniz_oxide,6
2018-04-01,52462,3097,GitHub/Frommi/miniz_oxide,1
2018-04-01,52465,3607,GitHub/fizyk20/generic-array,11
2018-04-01,52465,3613,GitHub/fizyk20/generic-array,1
2018-04-01,52465,3606,GitHub/fizyk20/generic-array,12
2018-04-01,52465,877,GitHub/fizyk20/generic-array,1
2018-05-01,602,3173,GitHub/unicode-rs/unicode-segmentation,3
2018-05-01,602,4988,GitHub/unicode-rs/unicode-segmentation,4
2018-05-01,626,3898,GitHub/hyperium/http,3
2018-05-01,626,3878,GitHub/hyperium/http,6
2018-05-01,626,3433,GitHub/hyperium/http,5
2018-05-01,626,3899,GitHub/hyperium/http,1
2018-05-01,626,2945,GitHub/hyperium/http,1
2018-05-01,626,209,GitHub/hyperium/http,3
2018-05-01,626,3897,GitHub/hyperium/http,1
2018-05-01,626,3051,GitHub/hyperium/http,1
2018-05-01,4484,209,GitHub/BurntSushi/byteorder,1
2018-05-01,4484,3192,GitHub/BurntSushi/byteorder,1
2018-05-01,4484,3043,GitHub/BurntSushi/byteorder,5
2018-05-01,4484,2975,GitHub/BurntSushi/byteorder,2
2018-05-01,4484,3188,GitHub/BurntSushi/byteorder,1
2018-05-01,4733,3097,GitHub/dtolnay/syn,1
2018-05-01,4733,3021,GitHub/dtolnay/syn,2
2018-05-01,4733,3592,GitHub/dtolnay/syn,1
2018-05-01,4733,3516,GitHub/dtolnay/syn,4
2018-05-01,4733,3595,GitHub/dtolnay/syn,1
2018-05-01,4733,2343,GitHub/dtolnay/syn,1
2018-05-01,4733,3594,GitHub/dtolnay/syn,1
2018-05-01,4733,3025,GitHub/dtolnay/syn,1
2018-05-01,4733,2867,GitHub/dtolnay/syn,2
2018-05-01,4733,2992,GitHub/dtolnay/syn,1
2018-05-01,4733,1228,GitHub/dtolnay/syn,1
2018-05-01,4733,2983,GitHub/dtolnay/syn,1
2018-05-01,4733,2912,GitHub/dtolnay/syn,235
2018-05-01,4733,3593,GitHub/dtolnay/syn,1
2018-05-01,4733,2985,GitHub/dtolnay/syn,2
2018-05-01,6681,3472,GitHub/djc/rustc-version-rs,5
2018-05-01,6681,3475,GitHub/djc/rustc-version-rs,1
2018-05-01,7322,4805,GitHub/servo/rust-smallvec,2
2018-05-01,7322,2988,GitHub/servo/rust-smallvec,2
2018-05-01,7322,4804,GitHub/servo/rust-smallvec,1
2018-05-01,7415,3043,GitHub/BurntSushi/aho-corasick,7
2018-05-01,7415,209,GitHub/BurntSushi/aho-corasick,2
2018-05-01,7415,3170,GitHub/BurntSushi/aho-corasick,2
2018-05-01,12228,4722,GitHub/seanmonstar/httparse,2
2018-05-01,12228,3878,GitHub/seanmonstar/httparse,2
2018-05-01,12266,2912,GitHub/bitflags/bitflags,13
2018-05-01,12266,3065,GitHub/bitflags/bitflags,1
2018-05-01,12266,1228,GitHub/bitflags/bitflags,1
2018-05-01,12266,3063,GitHub/bitflags/bitflags,1
2018-05-01,12266,3062,GitHub/bitflags/bitflags,1
2018-05-01,14306,3025,GitHub/rust-num/num-integer,5
2018-05-01,16183,4132,GitHub/rust-lang/cc-rs,1
2018-05-01,16183,3114,GitHub/rust-lang/cc-rs,3
2018-05-01,16183,1526,GitHub/rust-lang/cc-rs,1
2018-05-01,16183,2982,GitHub/rust-lang/cc-rs,2
2018-05-01,16183,4133,GitHub/rust-lang/cc-rs,1
2018-05-01,16183,4135,GitHub/rust-lang/cc-rs,1
2018-05-01,16183,3025,GitHub/rust-lang/cc-rs,3
2018-05-01,16183,4134,GitHub/rust-lang/cc-rs,1
2018-05-01,16183,2994,GitHub/rust-lang/cc-rs,2
2018-05-01,16183,2909,GitHub/rust-lang/cc-rs,2
2018-05-01,16183,3413,GitHub/rust-lang/cc-rs,1
2018-05-01,16183,4136,GitHub/rust-lang/cc-rs,1
2018-05-01,16183,3436,GitHub/rust-lang/cc-rs,1
2018-05-01,16183,4063,GitHub/rust-lang/cc-rs,1
2018-05-01,16183,3690,GitHub/rust-lang/cc-rs,2
2018-05-01,16183,2867,GitHub/rust-lang/cc-rs,43
2018-05-01,16259,4690,GitHub/rust-num/num-traits,1
2018-05-01,16259,4683,GitHub/rust-num/num-traits,1
2018-05-01,16259,2874,GitHub/rust-num/num-traits,10
2018-05-01,16259,4698,GitHub/rust-num/num-traits,5
2018-05-01,16259,3025,GitHub/rust-num/num-traits,42
2018-05-01,16259,2931,GitHub/rust-num/num-traits,9
2018-05-01,16259,3192,GitHub/rust-num/num-traits,1
2018-05-01,16259,4403,GitHub/rust-num/num-traits,1
2018-05-01,16259,4689,GitHub/rust-num/num-traits,6
2018-05-01,16259,4691,GitHub/rust-num/num-traits,2
2018-05-01,16259,3380,GitHub/rust-num/num-traits,16
2018-05-01,16259,4688,GitHub/rust-num/num-traits,1
2018-05-01,16492,1252,GitHub/tokio-rs/bytes,1
2018-05-01,16492,4287,GitHub/tokio-rs/bytes,4
2018-05-01,16492,3147,GitHub/tokio-rs/bytes,1
2018-05-01,16492,3878,GitHub/tokio-rs/bytes,2
2018-05-01,16492,4959,GitHub/tokio-rs/bytes,3
2018-05-01,16492,4960,GitHub/tokio-rs/bytes,2
2018-05-01,16492,3433,GitHub/tokio-rs/bytes,9
2018-05-01,17630,3025,GitHub/bluss/either,1
2018-05-01,17630,1246,GitHub/bluss/either,3
2018-05-01,17630,268,GitHub/bluss/either,3
2018-05-01,18006,353,GitHub/crossbeam-rs/crossbeam,24
2018-05-01,18006,3096,GitHub/crossbeam-rs/crossbeam,21
2018-05-01,18006,2968,GitHub/crossbeam-rs/crossbeam,12
2018-05-01,18006,665,GitHub/crossbeam-rs/crossbeam,2
2018-05-01,18006,3170,GitHub/crossbeam-rs/crossbeam,2
2018-05-01,18006,209,GitHub/crossbeam-rs/crossbeam,2
2018-05-01,18006,3422,GitHub/crossbeam-rs/crossbeam,1
2018-05-01,20410,2872,GitHub/mgeisler/textwrap,23
2018-05-01,20410,3980,GitHub/mgeisler/textwrap,5
2018-05-01,20699,2983,GitHub/Amanieu/parking_lot,1
2018-05-01,20699,2968,GitHub/Amanieu/parking_lot,23
2018-05-01,20699,2982,GitHub/Amanieu/parking_lot,1
2018-05-01,20699,2984,GitHub/Amanieu/parking_lot,1
2018-05-01,20699,138,GitHub/Amanieu/parking_lot,2
2018-05-01,20699,2981,GitHub/Amanieu/parking_lot,3
2018-05-01,20699,2985,GitHub/Amanieu/parking_lot,1
2018-05-01,20699,2867,GitHub/Amanieu/parking_lot,1
2018-05-01,20699,2916,GitHub/Amanieu/parking_lot,2
2018-05-01,20949,3735,GitHub/Geal/nom,1
2018-05-01,20949,3736,GitHub/Geal/nom,1
2018-05-01,20949,3588,GitHub/Geal/nom,3
2018-05-01,20949,1011,GitHub/Geal/nom,3
2018-05-01,20949,3727,GitHub/Geal/nom,2
2018-05-01,20949,3108,GitHub/Geal/nom,1
2018-05-01,20949,3737,GitHub/Geal/nom,1
2018-05-01,20949,3728,GitHub/Geal/nom,1
2018-05-01,20949,3217,GitHub/Geal/nom,1
2018-05-01,20949,981,GitHub/Geal/nom,1
2018-05-01,20949,3733,GitHub/Geal/nom,2
2018-05-01,20949,3214,GitHub/Geal/nom,5
2018-05-01,20949,3534,GitHub/Geal/nom,179
2018-05-01,20949,3734,GitHub/Geal/nom,1
2018-05-01,20949,3729,GitHub/Geal/nom,1
2018-05-01,20949,3255,GitHub/Geal/nom,1
2018-05-01,20949,2873,GitHub/Geal/nom,1
2018-05-01,20949,3726,GitHub/Geal/nom,6
2018-05-01,20949,3738,GitHub/Geal/nom,2
2018-05-01,20949,3710,GitHub/Geal/nom,5
2018-05-01,20949,3730,GitHub/Geal/nom,4
2018-05-01,20949,3063,GitHub/Geal/nom,4
2018-05-01,20949,3732,GitHub/Geal/nom,1
2018-05-01,20949,3224,GitHub/Geal/nom,1
2018-05-01,21282,3096,GitHub/bluss/arrayvec,1
2018-05-01,21282,268,GitHub/bluss/arrayvec,13
2018-05-01,21445,3934,GitHub/marshallpierce/rust-base64,1
2018-05-01,21445,1272,GitHub/marshallpierce/rust-base64,2
2018-05-01,21445,1281,GitHub/marshallpierce/rust-base64,14
2018-05-01,21445,1273,GitHub/marshallpierce/rust-base64,2
2018-05-01,21445,209,GitHub/marshallpierce/rust-base64,1
2018-05-01,22724,3741,GitHub/rust-lang/log,1
2018-05-01,22724,4476,GitHub/rust-lang/log,2
2018-05-01,22724,2867,GitHub/rust-lang/log,1
2018-05-01,22724,2945,GitHub/rust-lang/log,3
2018-05-01,22804,2867,GitHub/alexcrichton/cfg-if,1
2018-05-01,23287,4055,GitHub/rust-itertools/itertools,1
2018-05-01,23287,268,GitHub/rust-itertools/itertools,27
2018-05-01,23287,1431,GitHub/rust-itertools/itertools,5
2018-05-01,23287,4056,GitHub/rust-itertools/itertools,5
2018-05-01,24440,2975,GitHub/ogham/rust-ansi-term,4
2018-05-01,24440,3990,GitHub/ogham/rust-ansi-term,1
2018-05-01,24440,1343,GitHub/ogham/rust-ansi-term,2
2018-05-01,24440,496,GitHub/ogham/rust-ansi-term,7
2018-05-01,24455,3094,GitHub/serde-rs/json,1
2018-05-01,24455,3025,GitHub/serde-rs/json,1
2018-05-01,24455,4315,GitHub/serde-rs/json,1
2018-05-01,24455,65,GitHub/serde-rs/json,1
2018-05-01,24455,4764,GitHub/serde-rs/json,2
2018-05-01,24455,2985,GitHub/serde-rs/json,1
2018-05-01,24455,3891,GitHub/serde-rs/json,1
2018-05-01,24455,2912,GitHub/serde-rs/json,52
2018-05-01,24455,760,GitHub/serde-rs/json,2
2018-05-01,24455,4765,GitHub/serde-rs/json,1
2018-05-01,25976,155,GitHub/rust-lang/regex,1
2018-05-01,25976,4583,GitHub/rust-lang/regex,1
2018-05-01,25976,3043,GitHub/rust-lang/regex,59
2018-05-01,25976,4545,GitHub/rust-lang/regex,2
2018-05-01,25976,3502,GitHub/rust-lang/regex,1
2018-05-01,25976,2988,GitHub/rust-lang/regex,1
2018-05-01,25976,4582,GitHub/rust-lang/regex,3
2018-05-01,25976,423,GitHub/rust-lang/regex,4
2018-05-01,26074,3614,GitHub/paholg/typenum,7
2018-05-01,26074,3438,GitHub/paholg/typenum,2
2018-05-01,28705,707,GitHub/dguo/strsim-rs,3
2018-05-01,28705,3465,GitHub/dguo/strsim-rs,1
2018-05-01,32560,209,GitHub/BurntSushi/memchr,2
2018-05-01,32560,3212,GitHub/BurntSushi/memchr,1
2018-05-01,32560,2975,GitHub/BurntSushi/memchr,4
2018-05-01,32560,3043,GitHub/BurntSushi/memchr,4
2018-05-01,33435,3217,GitHub/dtolnay/itoa,4
2018-05-01,33435,3492,GitHub/dtolnay/itoa,4
2018-05-01,33435,2912,GitHub/dtolnay/itoa,8
2018-05-01,34191,3448,GitHub/RustCrypto/utils,1
2018-05-01,34191,532,GitHub/RustCrypto/utils,1
2018-05-01,34191,3189,GitHub/RustCrypto/utils,6
2018-05-01,34831,4323,GitHub/rust-lang/futures-rs,8
2018-05-01,34831,1662,GitHub/rust-lang/futures-rs,1
2018-05-01,34831,4253,GitHub/rust-lang/futures-rs,1
2018-05-01,34831,4324,GitHub/rust-lang/futures-rs,1
2018-05-01,34831,4327,GitHub/rust-lang/futures-rs,1
2018-05-01,34831,1228,GitHub/rust-lang/futures-rs,5
2018-05-01,34831,3505,GitHub/rust-lang/futures-rs,1
2018-05-01,34831,4328,GitHub/rust-lang/futures-rs,1
2018-05-01,34831,4065,GitHub/rust-lang/futures-rs,6
2018-05-01,34831,3428,GitHub/rust-lang/futures-rs,1
2018-05-01,34831,4329,GitHub/rust-lang/futures-rs,1
2018-05-01,34831,4319,GitHub/rust-lang/futures-rs,2
2018-05-01,34831,1755,GitHub/rust-lang/futures-rs,1
2018-05-01,34831,4320,GitHub/rust-lang/futures-rs,1
2018-05-01,34831,4257,GitHub/rust-lang/futures-rs,1
2018-05-01,34831,3502,GitHub/rust-lang/futures-rs,37
2018-05-01,34831,1666,GitHub/rust-lang/futures-rs,2
2018-05-01,34831,3581,GitHub/rust-lang/futures-rs,83
2018-05-01,34831,3860,GitHub/rust-lang/futures-rs,3
2018-05-01,34831,3637,GitHub/rust-lang/futures-rs,4
2018-05-01,34831,4330,GitHub/rust-lang/futures-rs,1
2018-05-01,34831,4326,GitHub/rust-lang/futures-rs,2
2018-05-01,34831,3438,GitHub/rust-lang/futures-rs,1
2018-05-01,34831,3427,GitHub/rust-lang/futures-rs,72
2018-05-01,34831,4254,GitHub/rust-lang/futures-rs,1
2018-05-01,34831,4325,GitHub/rust-lang/futures-rs,3
2018-05-01,34831,3435,GitHub/rust-lang/futures-rs,1
2018-05-01,34831,4246,GitHub/rust-lang/futures-rs,2
2018-05-01,34831,2867,GitHub/rust-lang/futures-rs,92
2018-05-01,34831,3312,GitHub/rust-lang/futures-rs,3
2018-05-01,34831,4321,GitHub/rust-lang/futures-rs,1
2018-05-01,34831,3433,GitHub/rust-lang/futures-rs,13
2018-05-01,34831,4255,GitHub/rust-lang/futures-rs,2
2018-05-01,34831,4258,GitHub/rust-lang/futures-rs,3
2018-05-01,34831,4259,GitHub/rust-lang/futures-rs,2
2018-05-01,34831,3268,GitHub/rust-lang/futures-rs,3
2018-05-01,34831,4313,GitHub/rust-lang/futures-rs,1
2018-05-01,34831,4250,GitHub/rust-lang/futures-rs,1
2018-05-01,34831,4322,GitHub/rust-lang/futures-rs,1
2018-05-01,34831,4251,GitHub/rust-lang/futures-rs,1
2018-05-01,34831,1743,GitHub/rust-lang/futures-rs,37
2018-05-01,34831,4288,GitHub/rust-lang/futures-rs,3
2018-05-01,34831,4252,GitHub/rust-lang/futures-rs,4
2018-05-01,34831,4256,GitHub/rust-lang/futures-rs,1
2018-05-01,34831,3318,GitHub/rust-lang/futures-rs,1
2018-05-01,34831,3878,GitHub/rust-lang/futures-rs,11
2018-05-01,34831,4289,GitHub/rust-lang/futures-rs,2
2018-05-01,34831,2970,GitHub/rust-lang/futures-rs,3
2018-05-01,34831,1725,GitHub/rust-lang/futures-rs,1
2018-05-01,34831,3145,GitHub/rust-lang/futures-rs,2
2018-05-01,35574,4979,GitHub/unicode-rs/unicode-normalization,4
2018-05-01,36424,3651,GitHub/steveklabnik/semver-parser,1
2018-05-01,37083,460,GitHub/BurntSushi/termcolor,1
2018-05-01,37083,3043,GitHub/BurntSushi/termcolor,104
2018-05-01,37083,3257,GitHub/BurntSushi/termcolor,1
2018-05-01,37083,472,GitHub/BurntSushi/termcolor,1
2018-05-01,37083,3252,GitHub/BurntSushi/termcolor,10
2018-05-01,37083,2875,GitHub/BurntSushi/termcolor,1
2018-05-01,37083,3232,GitHub/BurntSushi/termcolor,4
2018-05-01,37083,3259,GitHub/BurntSushi/termcolor,1
2018-05-01,37083,353,GitHub/BurntSushi/termcolor,1
2018-05-01,37083,454,GitHub/BurntSushi/termcolor,1
2018-05-01,37083,3267,GitHub/BurntSushi/termcolor,1
2018-05-01,37083,3263,GitHub/BurntSushi/termcolor,1
2018-05-01,37083,466,GitHub/BurntSushi/termcolor,1
2018-05-01,37083,3246,GitHub/BurntSushi/termcolor,1
2018-05-01,37083,3180,GitHub/BurntSushi/termcolor,1
2018-05-01,37083,3042,GitHub/BurntSushi/termcolor,1
2018-05-01,37083,3258,GitHub/BurntSushi/termcolor,1
2018-05-01,37083,3251,GitHub/BurntSushi/termcolor,1
2018-05-01,37083,457,GitHub/BurntSushi/termcolor,2
2018-05-01,37083,3265,GitHub/BurntSushi/termcolor,2
2018-05-01,37083,3254,GitHub/BurntSushi/termcolor,1
2018-05-01,37083,3249,GitHub/BurntSushi/termcolor,1
2018-05-01,37083,3256,GitHub/BurntSushi/termcolor,1
2018-05-01,37083,3260,GitHub/BurntSushi/termcolor,1
2018-05-01,37083,209,GitHub/BurntSushi/termcolor,1
2018-05-01,37083,3097,GitHub/BurntSushi/termcolor,3
2018-05-01,37083,3248,GitHub/BurntSushi/termcolor,1
2018-05-01,37083,3255,GitHub/BurntSushi/termcolor,1
2018-05-01,37083,453,GitHub/BurntSushi/termcolor,1
2018-05-01,37083,3261,GitHub/BurntSushi/termcolor,1
2018-05-01,37083,470,GitHub/BurntSushi/termcolor,2
2018-05-01,37083,3247,GitHub/BurntSushi/termcolor,1
2018-05-01,37083,3264,GitHub/BurntSushi/termcolor,1
2018-05-01,37083,3253,GitHub/BurntSushi/termcolor,2
2018-05-01,37083,3245,GitHub/BurntSushi/termcolor,1
2018-05-01,37083,2914,GitHub/BurntSushi/termcolor,1
2018-05-01,37083,3262,GitHub/BurntSushi/termcolor,1
2018-05-01,37083,3250,GitHub/BurntSushi/termcolor,1
2018-05-01,37083,3230,GitHub/BurntSushi/termcolor,1
2018-05-01,37083,473,GitHub/BurntSushi/termcolor,2
2018-05-01,37101,3096,GitHub/Gilnaa/memoffset,1
2018-05-01,37101,1198,GitHub/Gilnaa/memoffset,3
2018-05-01,37612,2912,GitHub/dtolnay/quote,30
2018-05-01,37612,3021,GitHub/dtolnay/quote,1
2018-05-01,37612,2867,GitHub/dtolnay/quote,1
2018-05-01,37612,2983,GitHub/dtolnay/quote,1
2018-05-01,37844,4270,GitHub/softprops/atty,11
2018-05-01,37844,4892,GitHub/softprops/atty,1
2018-05-01,37844,3043,GitHub/softprops/atty,1
2018-05-01,37844,2867,GitHub/softprops/atty,2
2018-05-01,38667,268,GitHub/bluss/indexmap,76
2018-05-01,39779,2508,GitHub/time-rs/time,1
2018-05-01,39779,2867,GitHub/time-rs/time,3
2018-05-01,39779,2985,GitHub/time-rs/time,1
2018-05-01,40937,3516,GitHub/dtolnay/semver,2
2018-05-01,40937,2950,GitHub/dtolnay/semver,1
2018-05-01,41752,3032,GitHub/servo/rust-url,3
2018-05-01,41752,1252,GitHub/servo/rust-url,2
2018-05-01,41752,3413,GitHub/servo/rust-url,35
2018-05-01,41957,2912,GitHub/dtolnay/proc-macro2,35
2018-05-01,41957,3021,GitHub/dtolnay/proc-macro2,2
2018-05-01,41957,2867,GitHub/dtolnay/proc-macro2,29
2018-05-01,41957,2343,GitHub/dtolnay/proc-macro2,1
2018-05-01,42655,2867,GitHub/rust-lang/socket2,18
2018-05-01,42655,4300,GitHub/rust-lang/socket2,4
2018-05-01,42655,4616,GitHub/rust-lang/socket2,1
2018-05-01,42655,2127,GitHub/rust-lang/socket2,1
2018-05-01,42655,2945,GitHub/rust-lang/socket2,4
2018-05-01,42655,3757,GitHub/rust-lang/socket2,1
2018-05-01,46027,2909,GitHub/alexcrichton/toml-rs,1
2018-05-01,46027,2867,GitHub/alexcrichton/toml-rs,1
2018-05-01,49075,2900,GitHub/rust-lang/pkg-config-rs,1
2018-05-01,49075,4507,GitHub/rust-lang/pkg-config-rs,2
2018-05-01,49075,209,GitHub/rust-lang/pkg-config-rs,1
2018-05-01,49075,2867,GitHub/rust-lang/pkg-config-rs,9
2018-05-01,49075,2909,GitHub/rust-lang/pkg-config-rs,1
2018-05-01,49075,3741,GitHub/rust-lang/pkg-config-rs,3
2018-05-01,49075,3690,GitHub/rust-lang/pkg-config-rs,1
2018-05-01,52462,3422,GitHub/Frommi/miniz_oxide,1
2018-05-01,52462,898,GitHub/Frommi/miniz_oxide,13
2018-05-01,52462,3097,GitHub/Frommi/miniz_oxide,1
2018-05-01,52462,3636,GitHub/Frommi/miniz_oxide,6
2018-05-01,52465,3613,GitHub/fizyk20/generic-array,1
2018-05-01,52465,3606,GitHub/fizyk20/generic-array,12
2018-05-01,52465,3607,GitHub/fizyk20/generic-array,14
2018-05-01,52465,877,GitHub/fizyk20/generic-array,1
2018-06-01,602,4988,GitHub/unicode-rs/unicode-segmentation,4
2018-06-01,602,3173,GitHub/unicode-rs/unicode-segmentation,3
2018-06-01,626,3896,GitHub/hyperium/http,1
2018-06-01,626,3899,GitHub/hyperium/http,1
2018-06-01,626,3878,GitHub/hyperium/http,7
2018-06-01,626,3433,GitHub/hyperium/http,6
2018-06-01,626,3051,GitHub/hyperium/http,1
2018-06-01,626,3895,GitHub/hyperium/http,1
2018-06-01,626,3897,GitHub/hyperium/http,1
2018-06-01,626,3898,GitHub/hyperium/http,3
2018-06-01,626,3522,GitHub/hyperium/http,1
2018-06-01,626,209,GitHub/hyperium/http,3
2018-06-01,626,2945,GitHub/hyperium/http,1
2018-06-01,3509,4538,GitHub/unicode-rs/unicode-width,3
2018-06-01,4484,3188,GitHub/BurntSushi/byteorder,1
2018-06-01,4484,209,GitHub/BurntSushi/byteorder,1
2018-06-01,4484,3192,GitHub/BurntSushi/byteorder,1
2018-06-01,4484,3191,GitHub/BurntSushi/byteorder,1
2018-06-01,4484,3043,GitHub/BurntSushi/byteorder,7
2018-06-01,4484,2975,GitHub/BurntSushi/byteorder,2
2018-06-01,4486,586,GitHub/contain-rs/vec-map,2
2018-06-01,4486,3183,GitHub/contain-rs/vec-map,2
2018-06-01,4486,3193,GitHub/contain-rs/vec-map,3
2018-06-01,4733,2343,GitHub/dtolnay/syn,1
2018-06-01,4733,2867,GitHub/dtolnay/syn,18
2018-06-01,4733,3025,GitHub/dtolnay/syn,1
2018-06-01,4733,3516,GitHub/dtolnay/syn,4
2018-06-01,4733,3097,GitHub/dtolnay/syn,1
2018-06-01,4733,2985,GitHub/dtolnay/syn,2
2018-06-01,4733,3594,GitHub/dtolnay/syn,1
2018-06-01,4733,3595,GitHub/dtolnay/syn,1
2018-06-01,4733,3031,GitHub/dtolnay/syn,1
2018-06-01,4733,3592,GitHub/dtolnay/syn,1
2018-06-01,4733,3593,GitHub/dtolnay/syn,1
2018-06-01,4733,2912,GitHub/dtolnay/syn,283
2018-06-01,4733,2983,GitHub/dtolnay/syn,1
2018-06-01,4733,3021,GitHub/dtolnay/syn,2
2018-06-01,4733,1228,GitHub/dtolnay/syn,3
2018-06-01,4733,2992,GitHub/dtolnay/syn,1
2018-06-01,4733,3591,GitHub/dtolnay/syn,3
2018-06-01,6681,3474,GitHub/djc/rustc-version-rs,1
2018-06-01,6681,3472,GitHub/djc/rustc-version-rs,5
2018-06-01,6681,3475,GitHub/djc/rustc-version-rs,1
2018-06-01,7322,2991,GitHub/servo/rust-smallvec,2
2018-06-01,7322,4805,GitHub/servo/rust-smallvec,2
2018-06-01,7322,2968,GitHub/servo/rust-smallvec,1
2018-06-01,7322,2988,GitHub/servo/rust-smallvec,2
2018-06-01,7322,4804,GitHub/servo/rust-smallvec,7
2018-06-01,7415,3170,GitHub/BurntSushi/aho-corasick,2
2018-06-01,7415,3183,GitHub/BurntSushi/aho-corasick,1
2018-06-01,7415,209,GitHub/BurntSushi/aho-corasick,2
2018-06-01,7415,3043,GitHub/BurntSushi/aho-corasick,7
2018-06-01,7415,2975,GitHub/BurntSushi/aho-corasick,1
2018-06-01,12228,4722,GitHub/seanmonstar/httparse,2
2018-06-01,12228,3878,GitHub/seanmonstar/httparse,2
2018-06-01,12266,2912,GitHub/bitflags/bitflags,13
2018-06-01,12266,3044,GitHub/bitflags/bitflags,3
2018-06-01,12266,1228,GitHub/bitflags/bitflags,1
2018-06-01,12266,3053,GitHub/bitflags/bitflags,2
2018-06-01,12266,3063,GitHub/bitflags/bitflags,1
2018-06-01,12266,3062,GitHub/bitflags/bitflags,1
2018-06-01,12266,3065,GitHub/bitflags/bitflags,1
2018-06-01,14306,3025,GitHub/rust-num/num-integer,13
2018-06-01,16183,2982,GitHub/rust-lang/cc-rs,2
2018-06-01,16183,4063,GitHub/rust-lang/cc-rs,1
2018-06-01,16183,4135,GitHub/rust-lang/cc-rs,1
2018-06-01,16183,2909,GitHub/rust-lang/cc-rs,2
2018-06-01,16183,4132,GitHub/rust-lang/cc-rs,1
2018-06-01,16183,1526,GitHub/rust-lang/cc-rs,1
2018-06-01,16183,3413,GitHub/rust-lang/cc-rs,1
2018-06-01,16183,4236,GitHub/rust-lang/cc-rs,1
2018-06-01,16183,4133,GitHub/rust-lang/cc-rs,1
2018-06-01,16183,3294,GitHub/rust-lang/cc-rs,1
2018-06-01,16183,2994,GitHub/rust-lang/cc-rs,2
2018-06-01,16183,3690,GitHub/rust-lang/cc-rs,2
2018-06-01,16183,4136,GitHub/rust-lang/cc-rs,1
2018-06-01,16183,3436,GitHub/rust-lang/cc-rs,1
2018-06-01,16183,2867,GitHub/rust-lang/cc-rs,49
2018-06-01,16183,4134,GitHub/rust-lang/cc-rs,1
2018-06-01,16183,3025,GitHub/rust-lang/cc-rs,3
2018-06-01,16183,3114,GitHub/rust-lang/cc-rs,3
2018-06-01,16259,2874,GitHub/rust-num/num-traits,10
2018-06-01,16259,4691,GitHub/rust-num/num-traits,2
2018-06-01,16259,4403,GitHub/rust-num/num-traits,1
2018-06-01,16259,4688,GitHub/rust-num/num-traits,1
2018-06-01,16259,4683,GitHub/rust-num/num-traits,1
2018-06-01,16259,4698,GitHub/rust-num/num-traits,5
2018-06-01,16259,3025,GitHub/rust-num/num-traits,59
2018-06-01,16259,2931,GitHub/rust-num/num-traits,9
2018-06-01,16259,3192,GitHub/rust-num/num-traits,1
2018-06-01,16259,4689,GitHub/rust-num/num-traits,6
2018-06-01,16259,4690,GitHub/rust-num/num-traits,1
2018-06-01,16259,3380,GitHub/rust-num/num-traits,16
2018-06-01,16259,2936,GitHub/rust-num/num-traits,1
2018-06-01,16492,4476,GitHub/tokio-rs/bytes,1
2018-06-01,16492,4959,GitHub/tokio-rs/bytes,3
2018-06-01,16492,3878,GitHub/tokio-rs/bytes,2
2018-06-01,16492,4287,GitHub/tokio-rs/bytes,4
2018-06-01,16492,3147,GitHub/tokio-rs/bytes,1
2018-06-01,16492,3433,GitHub/tokio-rs/bytes,16
2018-06-01,16492,4960,GitHub/tokio-rs/bytes,2
2018-06-01,16492,1252,GitHub/tokio-rs/bytes,1
2018-06-01,16492,4958,GitHub/tokio-rs/bytes,2
2018-06-01,17630,3025,GitHub/bluss/either,1
2018-06-01,17630,1246,GitHub/bluss/either,3
2018-06-01,17630,268,GitHub/bluss/either,3
2018-06-01,18006,665,GitHub/crossbeam-rs/crossbeam,2
2018-06-01,18006,3421,GitHub/crossbeam-rs/crossbeam,1
2018-06-01,18006,3096,GitHub/crossbeam-rs/crossbeam,22
2018-06-01,18006,659,GitHub/crossbeam-rs/crossbeam,1
2018-06-01,18006,209,GitHub/crossbeam-rs/crossbeam,2
2018-06-01,18006,3170,GitHub/crossbeam-rs/crossbeam,2
2018-06-01,18006,3420,GitHub/crossbeam-rs/crossbeam,2
2018-06-01,18006,658,GitHub/crossbeam-rs/crossbeam,1
2018-06-01,18006,3422,GitHub/crossbeam-rs/crossbeam,1
2018-06-01,18006,353,GitHub/crossbeam-rs/crossbeam,130
2018-06-01,18006,2968,GitHub/crossbeam-rs/crossbeam,12
2018-06-01,20410,2872,GitHub/mgeisler/textwrap,39
2018-06-01,20410,3980,GitHub/mgeisler/textwrap,5
2018-06-01,20699,138,GitHub/Amanieu/parking_lot,2
2018-06-01,20699,2982,GitHub/Amanieu/parking_lot,1
2018-06-01,20699,2916,GitHub/Amanieu/parking_lot,2
2018-06-01,20699,2984,GitHub/Amanieu/parking_lot,1
2018-06-01,20699,2968,GitHub/Amanieu/parking_lot,23
2018-06-01,20699,2985,GitHub/Amanieu/parking_lot,1
2018-06-01,20699,2983,GitHub/Amanieu/parking_lot,1
2018-06-01,20699,2867,GitHub/Amanieu/parking_lot,1
2018-06-01,20699,2981,GitHub/Amanieu/parking_lot,3
2018-06-01,20949,3738,GitHub/Geal/nom,2
2018-06-01,20949,981,GitHub/Geal/nom,1
2018-06-01,20949,3217,GitHub/Geal/nom,1
2018-06-01,20949,3224,GitHub/Geal/nom,1
2018-06-01,20949,1011,GitHub/Geal/nom,4
2018-06-01,20949,3534,GitHub/Geal/nom,192
2018-06-01,20949,3729,GitHub/Geal/nom,1
2018-06-01,20949,3730,GitHub/Geal/nom,4
2018-06-01,20949,3255,GitHub/Geal/nom,1
2018-06-01,20949,3665,GitHub/Geal/nom,1
2018-06-01,20949,3737,GitHub/Geal/nom,1
2018-06-01,20949,3723,GitHub/Geal/nom,1
2018-06-01,20949,3728,GitHub/Geal/nom,1
2018-06-01,20949,3710,GitHub/Geal/nom,5
2018-06-01,20949,3717,GitHub/Geal/nom,2
2018-06-01,20949,3214,GitHub/Geal/nom,5
2018-06-01,20949,3734,GitHub/Geal/nom,1
2018-06-01,20949,3063,GitHub/Geal/nom,4
2018-06-01,20949,1015,GitHub/Geal/nom,1
2018-06-01,20949,3588,GitHub/Geal/nom,3
2018-06-01,20949,3139,GitHub/Geal/nom,2
2018-06-01,20949,3727,GitHub/Geal/nom,2
2018-06-01,20949,3108,GitHub/Geal/nom,1
2018-06-01,20949,3733,GitHub/Geal/nom,2
2018-06-01,20949,3736,GitHub/Geal/nom,1
2018-06-01,20949,3721,GitHub/Geal/nom,1
2018-06-01,20949,3720,GitHub/Geal/nom,1
2018-06-01,20949,2873,GitHub/Geal/nom,1
2018-06-01,20949,3726,GitHub/Geal/nom,6
2018-06-01,20949,3422,GitHub/Geal/nom,1
2018-06-01,20949,3724,GitHub/Geal/nom,1
2018-06-01,20949,3732,GitHub/Geal/nom,1
2018-06-01,20949,3725,GitHub/Geal/nom,1
2018-06-01,20949,3735,GitHub/Geal/nom,1
2018-06-01,20949,3713,GitHub/Geal/nom,1
2018-06-01,21282,268,GitHub/bluss/arrayvec,13
2018-06-01,21282,3096,GitHub/bluss/arrayvec,1
2018-06-01,21445,3934,GitHub/marshallpierce/rust-base64,1
2018-06-01,21445,1273,GitHub/marshallpierce/rust-base64,2
2018-06-01,21445,1281,GitHub/marshallpierce/rust-base64,14
2018-06-01,21445,1272,GitHub/marshallpierce/rust-base64,3
2018-06-01,21445,209,GitHub/marshallpierce/rust-base64,1
2018-06-01,21445,3713,GitHub/marshallpierce/rust-base64,1
2018-06-01,22724,3403,GitHub/rust-lang/log,1
2018-06-01,22724,4476,GitHub/rust-lang/log,2
2018-06-01,22724,4475,GitHub/rust-lang/log,2
2018-06-01,22724,2945,GitHub/rust-lang/log,3
2018-06-01,22724,2867,GitHub/rust-lang/log,1
2018-06-01,22724,3741,GitHub/rust-lang/log,1
2018-06-01,22804,2867,GitHub/alexcrichton/cfg-if,3
2018-06-01,23287,4056,GitHub/rust-itertools/itertools,5
2018-06-01,23287,1431,GitHub/rust-itertools/itertools,5
2018-06-01,23287,4053,GitHub/rust-itertools/itertools,1
2018-06-01,23287,2927,GitHub/rust-itertools/itertools,1
2018-06-01,23287,268,GitHub/rust-itertools/itertools,28
2018-06-01,23287,4055,GitHub/rust-itertools/itertools,1
2018-06-01,24440,3989,GitHub/ogham/rust-ansi-term,1
2018-06-01,24440,1343,GitHub/ogham/rust-ansi-term,2
2018-06-01,24440,3990,GitHub/ogham/rust-ansi-term,1
2018-06-01,24440,2975,GitHub/ogham/rust-ansi-term,4
2018-06-01,24440,496,GitHub/ogham/rust-ansi-term,8
2018-06-01,24455,3891,GitHub/serde-rs/json,1
2018-06-01,24455,4764,GitHub/serde-rs/json,2
2018-06-01,24455,3025,GitHub/serde-rs/json,1
2018-06-01,24455,2912,GitHub/serde-rs/json,62
2018-06-01,24455,4765,GitHub/serde-rs/json,1
2018-06-01,24455,65,GitHub/serde-rs/json,1
2018-06-01,24455,3094,GitHub/serde-rs/json,1
2018-06-01,24455,4315,GitHub/serde-rs/json,1
2018-06-01,24455,760,GitHub/serde-rs/json,2
2018-06-01,24455,2985,GitHub/serde-rs/json,1
2018-06-01,24455,4254,GitHub/serde-rs/json,2
2018-06-01,25976,4583,GitHub/rust-lang/regex,1
2018-06-01,25976,423,GitHub/rust-lang/regex,5
2018-06-01,25976,4545,GitHub/rust-lang/regex,2
2018-06-01,25976,4580,GitHub/rust-lang/regex,1
2018-06-01,25976,3502,GitHub/rust-lang/regex,1
2018-06-01,25976,4581,GitHub/rust-lang/regex,1
2018-06-01,25976,2988,GitHub/rust-lang/regex,1
2018-06-01,25976,3043,GitHub/rust-lang/regex,73
2018-06-01,25976,3571,GitHub/rust-lang/regex,1
2018-06-01,25976,4582,GitHub/rust-lang/regex,3
2018-06-01,25976,155,GitHub/rust-lang/regex,1
2018-06-01,26074,3614,GitHub/paholg/typenum,7
2018-06-01,26074,3438,GitHub/paholg/typenum,2
2018-06-01,26074,4005,GitHub/paholg/typenum,2
2018-06-01,28705,707,GitHub/dguo/strsim-rs,3
2018-06-01,28705,3465,GitHub/dguo/strsim-rs,1
2018-06-01,32560,209,GitHub/BurntSushi/memchr,2
2018-06-01,32560,2975,GitHub/BurntSushi/memchr,4
2018-06-01,32560,3212,GitHub/BurntSushi/memchr,1
2018-06-01,32560,3043,GitHub/BurntSushi/memchr,4
2018-06-01,33435,3217,GitHub/dtolnay/itoa,4
2018-06-01,33435,3492,GitHub/dtolnay/itoa,4
2018-06-01,33435,2912,GitHub/dtolnay/itoa,8
2018-06-01,34191,3189,GitHub/RustCrypto/utils,6
2018-06-01,34191,532,GitHub/RustCrypto/utils,1
2018-06-01,34191,3448,GitHub/RustCrypto/utils,1
2018-06-01,34831,3194,GitHub/rust-lang/futures-rs,4
2018-06-01,34831,4328,GitHub/rust-lang/futures-rs,1
2018-06-01,34831,3505,GitHub/rust-lang/futures-rs,1
2018-06-01,34831,4288,GitHub/rust-lang/futures-rs,3
2018-06-01,34831,3433,GitHub/rust-lang/futures-rs,13
2018-06-01,34831,1725,GitHub/rust-lang/futures-rs,1
2018-06-01,34831,1743,GitHub/rust-lang/futures-rs,37
2018-06-01,34831,4251,GitHub/rust-lang/futures-rs,1
2018-06-01,34831,4255,GitHub/rust-lang/futures-rs,2
2018-06-01,34831,4065,GitHub/rust-lang/futures-rs,6
2018-06-01,34831,4258,GitHub/rust-lang/futures-rs,3
2018-06-01,34831,4322,GitHub/rust-lang/futures-rs,1
2018-06-01,34831,3268,GitHub/rust-lang/futures-rs,3
2018-06-01,34831,4259,GitHub/rust-lang/futures-rs,2
2018-06-01,34831,4313,GitHub/rust-lang/futures-rs,1
2018-06-01,34831,4250,GitHub/rust-lang/futures-rs,1
2018-06-01,34831,4314,GitHub/rust-lang/futures-rs,1
2018-06-01,34831,3145,GitHub/rust-lang/futures-rs,2
2018-06-01,34831,3428,GitHub/rust-lang/futures-rs,1
2018-06-01,34831,3502,GitHub/rust-lang/futures-rs,38
2018-06-01,34831,4249,GitHub/rust-lang/futures-rs,2
2018-06-01,34831,4253,GitHub/rust-lang/futures-rs,1
2018-06-01,34831,1755,GitHub/rust-lang/futures-rs,1
2018-06-01,34831,4330,GitHub/rust-lang/futures-rs,1
2018-06-01,34831,4320,GitHub/rust-lang/futures-rs,1
2018-06-01,34831,2970,GitHub/rust-lang/futures-rs,3
2018-06-01,34831,4257,GitHub/rust-lang/futures-rs,1
2018-06-01,34831,1662,GitHub/rust-lang/futures-rs,1
2018-06-01,34831,4321,GitHub/rust-lang/futures-rs,1
2018-06-01,34831,4316,GitHub/rust-lang/futures-rs,2
2018-06-01,34831,3637,GitHub/rust-lang/futures-rs,4
2018-06-01,34831,1666,GitHub/rust-lang/futures-rs,2
2018-06-01,34831,3878,GitHub/rust-lang/futures-rs,11
2018-06-01,34831,4317,GitHub/rust-lang/futures-rs,1
2018-06-01,34831,3581,GitHub/rust-lang/futures-rs,91
2018-06-01,34831,209,GitHub/rust-lang/futures-rs,1
2018-06-01,34831,3318,GitHub/rust-lang/futures-rs,1
2018-06-01,34831,4329,GitHub/rust-lang/futures-rs,1
2018-06-01,34831,4289,GitHub/rust-lang/futures-rs,2
2018-06-01,34831,4324,GitHub/rust-lang/futures-rs,1
2018-06-01,34831,4254,GitHub/rust-lang/futures-rs,1
2018-06-01,34831,3860,GitHub/rust-lang/futures-rs,3
2018-06-01,34831,4256,GitHub/rust-lang/futures-rs,1
2018-06-01,34831,4323,GitHub/rust-lang/futures-rs,8
2018-06-01,34831,4327,GitHub/rust-lang/futures-rs,1
2018-06-01,34831,4326,GitHub/rust-lang/futures-rs,2
2018-06-01,34831,3438,GitHub/rust-lang/futures-rs,1
2018-06-01,34831,3435,GitHub/rust-lang/futures-rs,1
2018-06-01,34831,3427,GitHub/rust-lang/futures-rs,77
2018-06-01,34831,4246,GitHub/rust-lang/futures-rs,2
2018-06-01,34831,4325,GitHub/rust-lang/futures-rs,3
2018-06-01,34831,2927,GitHub/rust-lang/futures-rs,1
2018-06-01,34831,4319,GitHub/rust-lang/futures-rs,2
2018-06-01,34831,4252,GitHub/rust-lang/futures-rs,4
2018-06-01,34831,1228,GitHub/rust-lang/futures-rs,6
2018-06-01,34831,4315,GitHub/rust-lang/futures-rs,1
2018-06-01,34831,2867,GitHub/rust-lang/futures-rs,93
2018-06-01,34831,3312,GitHub/rust-lang/futures-rs,3
2018-06-01,35574,2867,GitHub/unicode-rs/unicode-normalization,1
2018-06-01,35574,4979,GitHub/unicode-rs/unicode-normalization,14
2018-06-01,35574,155,GitHub/unicode-rs/unicode-normalization,1
2018-06-01,35737,3025,GitHub/cuviper/autocfg,1
2018-06-01,36424,3651,GitHub/steveklabnik/semver-parser,1
2018-06-01,37083,457,GitHub/BurntSushi/termcolor,2
2018-06-01,37083,3239,GitHub/BurntSushi/termcolor,1
2018-06-01,37083,3265,GitHub/BurntSushi/termcolor,2
2018-06-01,37083,3263,GitHub/BurntSushi/termcolor,1
2018-06-01,37083,3258,GitHub/BurntSushi/termcolor,1
2018-06-01,37083,3253,GitHub/BurntSushi/termcolor,2
2018-06-01,37083,3236,GitHub/BurntSushi/termcolor,1
2018-06-01,37083,466,GitHub/BurntSushi/termcolor,1
2018-06-01,37083,2875,GitHub/BurntSushi/termcolor,1
2018-06-01,37083,3180,GitHub/BurntSushi/termcolor,1
2018-06-01,37083,3260,GitHub/BurntSushi/termcolor,1
2018-06-01,37083,3251,GitHub/BurntSushi/termcolor,1
2018-06-01,37083,3249,GitHub/BurntSushi/termcolor,1
2018-06-01,37083,3261,GitHub/BurntSushi/termcolor,1
2018-06-01,37083,3255,GitHub/BurntSushi/termcolor,1
2018-06-01,37083,3042,GitHub/BurntSushi/termcolor,1
2018-06-01,37083,3246,GitHub/BurntSushi/termcolor,1
2018-06-01,37083,3267,GitHub/BurntSushi/termcolor,1
2018-06-01,37083,3259,GitHub/BurntSushi/termcolor,1
2018-06-01,37083,2985,GitHub/BurntSushi/termcolor,1
2018-06-01,37083,3097,GitHub/BurntSushi/termcolor,3
2018-06-01,37083,3252,GitHub/BurntSushi/termcolor,10
2018-06-01,37083,3232,GitHub/BurntSushi/termcolor,4
2018-06-01,37083,353,GitHub/BurntSushi/termcolor,1
2018-06-01,37083,454,GitHub/BurntSushi/termcolor,1
2018-06-01,37083,2881,GitHub/BurntSushi/termcolor,1
2018-06-01,37083,3248,GitHub/BurntSushi/termcolor,1
2018-06-01,37083,3242,GitHub/BurntSushi/termcolor,1
2018-06-01,37083,3237,GitHub/BurntSushi/termcolor,1
2018-06-01,37083,3245,GitHub/BurntSushi/termcolor,1
2018-06-01,37083,470,GitHub/BurntSushi/termcolor,2
2018-06-01,37083,3264,GitHub/BurntSushi/termcolor,1
2018-06-01,37083,473,GitHub/BurntSushi/termcolor,2
2018-06-01,37083,2914,GitHub/BurntSushi/termcolor,1
2018-06-01,37083,3262,GitHub/BurntSushi/termcolor,1
2018-06-01,37083,3250,GitHub/BurntSushi/termcolor,1
2018-06-01,37083,3247,GitHub/BurntSushi/termcolor,1
2018-06-01,37083,3238,GitHub/BurntSushi/termcolor,1
2018-06-01,37083,3243,GitHub/BurntSushi/termcolor,1
2018-06-01,37083,3256,GitHub/BurntSushi/termcolor,1
2018-06-01,37083,3254,GitHub/BurntSushi/termcolor,1
2018-06-01,37083,460,GitHub/BurntSushi/termcolor,1
2018-06-01,37083,3257,GitHub/BurntSushi/termcolor,1
2018-06-01,37083,3043,GitHub/BurntSushi/termcolor,104
2018-06-01,37083,453,GitHub/BurntSushi/termcolor,1
2018-06-01,37083,3241,GitHub/BurntSushi/termcolor,1
2018-06-01,37083,3240,GitHub/BurntSushi/termcolor,1
2018-06-01,37083,209,GitHub/BurntSushi/termcolor,1
2018-06-01,37083,3230,GitHub/BurntSushi/termcolor,1
2018-06-01,37083,472,GitHub/BurntSushi/termcolor,1
2018-06-01,37101,3096,GitHub/Gilnaa/memoffset,1
2018-06-01,37101,1198,GitHub/Gilnaa/memoffset,3
2018-06-01,37612,3021,GitHub/dtolnay/quote,1
2018-06-01,37612,1228,GitHub/dtolnay/quote,1
2018-06-01,37612,2983,GitHub/dtolnay/quote,1
2018-06-01,37612,2912,GitHub/dtolnay/quote,49
2018-06-01,37612,2867,GitHub/dtolnay/quote,2
2018-06-01,37844,4892,GitHub/softprops/atty,1
2018-06-01,37844,2867,GitHub/softprops/atty,2
2018-06-01,37844,3043,GitHub/softprops/atty,1
2018-06-01,37844,4270,GitHub/softprops/atty,11
2018-06-01,38667,3162,GitHub/bluss/indexmap,1
2018-06-01,38667,268,GitHub/bluss/indexmap,76
2018-06-01,39779,2867,GitHub/time-rs/time,6
2018-06-01,39779,2992,GitHub/time-rs/time,2
2018-06-01,39779,2508,GitHub/time-rs/time,1
2018-06-01,39779,2985,GitHub/time-rs/time,1
2018-06-01,40937,2950,GitHub/dtolnay/semver,1
2018-06-01,40937,3516,GitHub/dtolnay/semver,2
2018-06-01,41752,1252,GitHub/servo/rust-url,2
2018-06-01,41752,3032,GitHub/servo/rust-url,3
2018-06-01,41752,3413,GitHub/servo/rust-url,35
2018-06-01,41957,1228,GitHub/dtolnay/proc-macro2,1
2018-06-01,41957,3021,GitHub/dtolnay/proc-macro2,2
2018-06-01,41957,2343,GitHub/dtolnay/proc-macro2,1
2018-06-01,41957,3506,GitHub/dtolnay/proc-macro2,1
2018-06-01,41957,2867,GitHub/dtolnay/proc-macro2,35
2018-06-01,41957,2912,GitHub/dtolnay/proc-macro2,46
2018-06-01,42655,4300,GitHub/rust-lang/socket2,4
2018-06-01,42655,4615,GitHub/rust-lang/socket2,5
2018-06-01,42655,2127,GitHub/rust-lang/socket2,1
2018-06-01,42655,3757,GitHub/rust-lang/socket2,1
2018-06-01,42655,2945,GitHub/rust-lang/socket2,4
2018-06-01,42655,2867,GitHub/rust-lang/socket2,18
2018-06-01,42655,4616,GitHub/rust-lang/socket2,1
2018-06-01,46027,2911,GitHub/alexcrichton/toml-rs,7
2018-06-01,46027,2909,GitHub/alexcrichton/toml-rs,1
2018-06-01,46027,2867,GitHub/alexcrichton/toml-rs,7
2018-06-01,46027,2912,GitHub/alexcrichton/toml-rs,1
2018-06-01,46027,2910,GitHub/alexcrichton/toml-rs,1
2018-06-01,46178,4626,GitHub/rust-lang-nursery/lazy-static.rs,1
2018-06-01,46178,3044,GitHub/rust-lang-nursery/lazy-static.rs,4
2018-06-01,46178,4625,GitHub/rust-lang-nursery/lazy-static.rs,1
2018-06-01,49075,2909,GitHub/rust-lang/pkg-config-rs,1
2018-06-01,49075,3741,GitHub/rust-lang/pkg-config-rs,3
2018-06-01,49075,2900,GitHub/rust-lang/pkg-config-rs,1
2018-06-01,49075,209,GitHub/rust-lang/pkg-config-rs,1
2018-06-01,49075,3690,GitHub/rust-lang/pkg-config-rs,1
2018-06-01,49075,4507,GitHub/rust-lang/pkg-config-rs,2
2018-06-01,49075,2867,GitHub/rust-lang/pkg-config-rs,9
2018-06-01,52462,3636,GitHub/Frommi/miniz_oxide,8
2018-06-01,52462,898,GitHub/Frommi/miniz_oxide,14
2018-06-01,52462,3097,GitHub/Frommi/miniz_oxide,1
2018-06-01,52462,3422,GitHub/Frommi/miniz_oxide,1
2018-06-01,52465,877,GitHub/fizyk20/generic-array,1
2018-06-01,52465,3606,GitHub/fizyk20/generic-array,12
2018-06-01,52465,3613,GitHub/fizyk20/generic-array,1
2018-06-01,52465,3607,GitHub/fizyk20/generic-array,14
2018-07-01,602,3173,GitHub/unicode-rs/unicode-segmentation,3
2018-07-01,602,4988,GitHub/unicode-rs/unicode-segmentation,4
2018-07-01,626,3896,GitHub/hyperium/http,1
2018-07-01,626,3522,GitHub/hyperium/http,1
2018-07-01,626,3898,GitHub/hyperium/http,3
2018-07-01,626,3878,GitHub/hyperium/http,15
2018-07-01,626,3899,GitHub/hyperium/http,1
2018-07-01,626,3051,GitHub/hyperium/http,1
2018-07-01,626,209,GitHub/hyperium/http,3
2018-07-01,626,3895,GitHub/hyperium/http,1
2018-07-01,626,3433,GitHub/hyperium/http,6
2018-07-01,626,3897,GitHub/hyperium/http,1
2018-07-01,626,2945,GitHub/hyperium/http,1
2018-07-01,3509,4538,GitHub/unicode-rs/unicode-width,3
2018-07-01,4484,3043,GitHub/BurntSushi/byteorder,7
2018-07-01,4484,3191,GitHub/BurntSushi/byteorder,1
2018-07-01,4484,2975,GitHub/BurntSushi/byteorder,2
2018-07-01,4484,3192,GitHub/BurntSushi/byteorder,1
2018-07-01,4484,209,GitHub/BurntSushi/byteorder,1
2018-07-01,4484,3188,GitHub/BurntSushi/byteorder,1
2018-07-01,4486,586,GitHub/contain-rs/vec-map,2
2018-07-01,4486,3193,GitHub/contain-rs/vec-map,3
2018-07-01,4486,3183,GitHub/contain-rs/vec-map,2
2018-07-01,4733,2867,GitHub/dtolnay/syn,18
2018-07-01,4733,3021,GitHub/dtolnay/syn,2
2018-07-01,4733,2985,GitHub/dtolnay/syn,2
2018-07-01,4733,3593,GitHub/dtolnay/syn,1
2018-07-01,4733,2343,GitHub/dtolnay/syn,1
2018-07-01,4733,3031,GitHub/dtolnay/syn,1
2018-07-01,4733,1228,GitHub/dtolnay/syn,3
2018-07-01,4733,3591,GitHub/dtolnay/syn,3
2018-07-01,4733,3516,GitHub/dtolnay/syn,4
2018-07-01,4733,2983,GitHub/dtolnay/syn,1
2018-07-01,4733,2912,GitHub/dtolnay/syn,296
2018-07-01,4733,3595,GitHub/dtolnay/syn,1
2018-07-01,4733,3594,GitHub/dtolnay/syn,1
2018-07-01,4733,3592,GitHub/dtolnay/syn,1
2018-07-01,4733,3097,GitHub/dtolnay/syn,1
2018-07-01,4733,3025,GitHub/dtolnay/syn,1
2018-07-01,4733,2992,GitHub/dtolnay/syn,1
2018-07-01,6681,3475,GitHub/djc/rustc-version-rs,1
2018-07-01,6681,3472,GitHub/djc/rustc-version-rs,5
2018-07-01,6681,3474,GitHub/djc/rustc-version-rs,1
2018-07-01,7322,233,GitHub/servo/rust-smallvec,1
2018-07-01,7322,4805,GitHub/servo/rust-smallvec,2
2018-07-01,7322,2991,GitHub/servo/rust-smallvec,3
2018-07-01,7322,2988,GitHub/servo/rust-smallvec,6
2018-07-01,7322,4804,GitHub/servo/rust-smallvec,7
2018-07-01,7322,2968,GitHub/servo/rust-smallvec,1
2018-07-01,7415,3170,GitHub/BurntSushi/aho-corasick,2
2018-07-01,7415,209,GitHub/BurntSushi/aho-corasick,2
2018-07-01,7415,2975,GitHub/BurntSushi/aho-corasick,1
2018-07-01,7415,3180,GitHub/BurntSushi/aho-corasick,1
2018-07-01,7415,3043,GitHub/BurntSushi/aho-corasick,8
2018-07-01,7415,3183,GitHub/BurntSushi/aho-corasick,1
2018-07-01,12228,4722,GitHub/seanmonstar/httparse,2
2018-07-01,12228,3878,GitHub/seanmonstar/httparse,21
2018-07-01,12266,3062,GitHub/bitflags/bitflags,1
2018-07-01,12266,2912,GitHub/bitflags/bitflags,13
2018-07-01,12266,3065,GitHub/bitflags/bitflags,1
2018-07-01,12266,3063,GitHub/bitflags/bitflags,1
2018-07-01,12266,1228,GitHub/bitflags/bitflags,1
2018-07-01,12266,3053,GitHub/bitflags/bitflags,2
2018-07-01,12266,3044,GitHub/bitflags/bitflags,3
2018-07-01,12842,3433,GitHub/tokio-rs/slab,1
2018-07-01,14306,3025,GitHub/rust-num/num-integer,16
2018-07-01,16183,2994,GitHub/rust-lang/cc-rs,2
2018-07-01,16183,3114,GitHub/rust-lang/cc-rs,3
2018-07-01,16183,3294,GitHub/rust-lang/cc-rs,1
2018-07-01,16183,4132,GitHub/rust-lang/cc-rs,1
2018-07-01,16183,3413,GitHub/rust-lang/cc-rs,1
2018-07-01,16183,4135,GitHub/rust-lang/cc-rs,1
2018-07-01,16183,4136,GitHub/rust-lang/cc-rs,1
2018-07-01,16183,3436,GitHub/rust-lang/cc-rs,1
2018-07-01,16183,4235,GitHub/rust-lang/cc-rs,2
2018-07-01,16183,3690,GitHub/rust-lang/cc-rs,2
2018-07-01,16183,2867,GitHub/rust-lang/cc-rs,51
2018-07-01,16183,2909,GitHub/rust-lang/cc-rs,2
2018-07-01,16183,1526,GitHub/rust-lang/cc-rs,1
2018-07-01,16183,4063,GitHub/rust-lang/cc-rs,1
2018-07-01,16183,4133,GitHub/rust-lang/cc-rs,3
2018-07-01,16183,4236,GitHub/rust-lang/cc-rs,1
2018-07-01,16183,4134,GitHub/rust-lang/cc-rs,1
2018-07-01,16183,3025,GitHub/rust-lang/cc-rs,3
2018-07-01,16183,2982,GitHub/rust-lang/cc-rs,2
2018-07-01,16259,4688,GitHub/rust-num/num-traits,1
2018-07-01,16259,2874,GitHub/rust-num/num-traits,10
2018-07-01,16259,2931,GitHub/rust-num/num-traits,9
2018-07-01,16259,4698,GitHub/rust-num/num-traits,5
2018-07-01,16259,2936,GitHub/rust-num/num-traits,1
2018-07-01,16259,4689,GitHub/rust-num/num-traits,6
2018-07-01,16259,3192,GitHub/rust-num/num-traits,1
2018-07-01,16259,4690,GitHub/rust-num/num-traits,1
2018-07-01,16259,4691,GitHub/rust-num/num-traits,2
2018-07-01,16259,3025,GitHub/rust-num/num-traits,65
2018-07-01,16259,3380,GitHub/rust-num/num-traits,16
2018-07-01,16259,4683,GitHub/rust-num/num-traits,1
2018-07-01,16259,4403,GitHub/rust-num/num-traits,1
2018-07-01,16492,4958,GitHub/tokio-rs/bytes,2
2018-07-01,16492,3433,GitHub/tokio-rs/bytes,18
2018-07-01,16492,4960,GitHub/tokio-rs/bytes,2
2018-07-01,16492,3147,GitHub/tokio-rs/bytes,1
2018-07-01,16492,3044,GitHub/tokio-rs/bytes,1
2018-07-01,16492,4476,GitHub/tokio-rs/bytes,1
2018-07-01,16492,3878,GitHub/tokio-rs/bytes,2
2018-07-01,16492,4287,GitHub/tokio-rs/bytes,4
2018-07-01,16492,4959,GitHub/tokio-rs/bytes,3
2018-07-01,16492,1252,GitHub/tokio-rs/bytes,1
2018-07-01,17630,3025,GitHub/bluss/either,1
2018-07-01,17630,268,GitHub/bluss/either,3
2018-07-01,17630,1246,GitHub/bluss/either,3
2018-07-01,18006,659,GitHub/crossbeam-rs/crossbeam,1
2018-07-01,18006,3421,GitHub/crossbeam-rs/crossbeam,1
2018-07-01,18006,658,GitHub/crossbeam-rs/crossbeam,1
2018-07-01,18006,3419,GitHub/crossbeam-rs/crossbeam,1
2018-07-01,18006,3170,GitHub/crossbeam-rs/crossbeam,2
2018-07-01,18006,3242,GitHub/crossbeam-rs/crossbeam,1
2018-07-01,18006,3420,GitHub/crossbeam-rs/crossbeam,2
2018-07-01,18006,3312,GitHub/crossbeam-rs/crossbeam,1
2018-07-01,18006,3096,GitHub/crossbeam-rs/crossbeam,22
2018-07-01,18006,233,GitHub/crossbeam-rs/crossbeam,6
2018-07-01,18006,3413,GitHub/crossbeam-rs/crossbeam,1
2018-07-01,18006,353,GitHub/crossbeam-rs/crossbeam,230
2018-07-01,18006,209,GitHub/crossbeam-rs/crossbeam,2
2018-07-01,18006,2968,GitHub/crossbeam-rs/crossbeam,12
2018-07-01,18006,665,GitHub/crossbeam-rs/crossbeam,2
2018-07-01,18006,3422,GitHub/crossbeam-rs/crossbeam,1
2018-07-01,20410,2872,GitHub/mgeisler/textwrap,39
2018-07-01,20410,3980,GitHub/mgeisler/textwrap,5
2018-07-01,20699,2867,GitHub/Amanieu/parking_lot,1
2018-07-01,20699,2981,GitHub/Amanieu/parking_lot,3
2018-07-01,20699,2968,GitHub/Amanieu/parking_lot,47
2018-07-01,20699,2984,GitHub/Amanieu/parking_lot,1
2018-07-01,20699,2979,GitHub/Amanieu/parking_lot,1
2018-07-01,20699,2985,GitHub/Amanieu/parking_lot,1
2018-07-01,20699,2980,GitHub/Amanieu/parking_lot,1
2018-07-01,20699,155,GitHub/Amanieu/parking_lot,1
2018-07-01,20699,2982,GitHub/Amanieu/parking_lot,1
2018-07-01,20699,2916,GitHub/Amanieu/parking_lot,2
2018-07-01,20699,2978,GitHub/Amanieu/parking_lot,1
2018-07-01,20699,138,GitHub/Amanieu/parking_lot,2
2018-07-01,20699,2983,GitHub/Amanieu/parking_lot,1
2018-07-01,20949,3710,GitHub/Geal/nom,5
2018-07-01,20949,3730,GitHub/Geal/nom,4
2018-07-01,20949,3108,GitHub/Geal/nom,1
2018-07-01,20949,3737,GitHub/Geal/nom,1
2018-07-01,20949,3726,GitHub/Geal/nom,6
2018-07-01,20949,3738,GitHub/Geal/nom,2
2018-07-01,20949,3736,GitHub/Geal/nom,1
2018-07-01,20949,3734,GitHub/Geal/nom,1
2018-07-01,20949,3729,GitHub/Geal/nom,1
2018-07-01,20949,1015,GitHub/Geal/nom,1
2018-07-01,20949,3214,GitHub/Geal/nom,5
2018-07-01,20949,3534,GitHub/Geal/nom,193
2018-07-01,20949,3725,GitHub/Geal/nom,1
2018-07-01,20949,3713,GitHub/Geal/nom,1
2018-07-01,20949,3217,GitHub/Geal/nom,1
2018-07-01,20949,3723,GitHub/Geal/nom,1
2018-07-01,20949,3727,GitHub/Geal/nom,2
2018-07-01,20949,1011,GitHub/Geal/nom,4
2018-07-01,20949,3255,GitHub/Geal/nom,1
2018-07-01,20949,3732,GitHub/Geal/nom,1
2018-07-01,20949,3728,GitHub/Geal/nom,1
2018-07-01,20949,2873,GitHub/Geal/nom,1
2018-07-01,20949,3665,GitHub/Geal/nom,1
2018-07-01,20949,3724,GitHub/Geal/nom,1
2018-07-01,20949,3717,GitHub/Geal/nom,2
2018-07-01,20949,3224,GitHub/Geal/nom,1
2018-07-01,20949,3733,GitHub/Geal/nom,2
2018-07-01,20949,3139,GitHub/Geal/nom,2
2018-07-01,20949,3720,GitHub/Geal/nom,1
2018-07-01,20949,3588,GitHub/Geal/nom,3
2018-07-01,20949,3422,GitHub/Geal/nom,1
2018-07-01,20949,981,GitHub/Geal/nom,1
2018-07-01,20949,3063,GitHub/Geal/nom,4
2018-07-01,20949,3735,GitHub/Geal/nom,1
2018-07-01,20949,3721,GitHub/Geal/nom,1
2018-07-01,21282,3096,GitHub/bluss/arrayvec,1
2018-07-01,21282,268,GitHub/bluss/arrayvec,13
2018-07-01,21445,3097,GitHub/marshallpierce/rust-base64,1
2018-07-01,21445,1272,GitHub/marshallpierce/rust-base64,4
2018-07-01,21445,1273,GitHub/marshallpierce/rust-base64,2
2018-07-01,21445,1281,GitHub/marshallpierce/rust-base64,15
2018-07-01,21445,209,GitHub/marshallpierce/rust-base64,1
2018-07-01,21445,3934,GitHub/marshallpierce/rust-base64,1
2018-07-01,21445,3713,GitHub/marshallpierce/rust-base64,1
2018-07-01,22724,3633,GitHub/rust-lang/log,2
2018-07-01,22724,3741,GitHub/rust-lang/log,1
2018-07-01,22724,3044,GitHub/rust-lang/log,2
2018-07-01,22724,4475,GitHub/rust-lang/log,2
2018-07-01,22724,3403,GitHub/rust-lang/log,1
2018-07-01,22724,2867,GitHub/rust-lang/log,1
2018-07-01,22724,2968,GitHub/rust-lang/log,2
2018-07-01,22724,4476,GitHub/rust-lang/log,2
2018-07-01,22724,2945,GitHub/rust-lang/log,10
2018-07-01,22804,2867,GitHub/alexcrichton/cfg-if,4
2018-07-01,22804,2873,GitHub/alexcrichton/cfg-if,2
2018-07-01,23287,4055,GitHub/rust-itertools/itertools,1
2018-07-01,23287,2927,GitHub/rust-itertools/itertools,1
2018-07-01,23287,1431,GitHub/rust-itertools/itertools,5
2018-07-01,23287,4056,GitHub/rust-itertools/itertools,5
2018-07-01,23287,4054,GitHub/rust-itertools/itertools,2
2018-07-01,23287,3185,GitHub/rust-itertools/itertools,1
2018-07-01,23287,268,GitHub/rust-itertools/itertools,31
2018-07-01,23287,4053,GitHub/rust-itertools/itertools,1
2018-07-01,24440,3990,GitHub/ogham/rust-ansi-term,1
2018-07-01,24440,1343,GitHub/ogham/rust-ansi-term,2
2018-07-01,24440,2975,GitHub/ogham/rust-ansi-term,4
2018-07-01,24440,3989,GitHub/ogham/rust-ansi-term,1
2018-07-01,24440,496,GitHub/ogham/rust-ansi-term,8
2018-07-01,24455,3025,GitHub/serde-rs/json,1
2018-07-01,24455,2310,GitHub/serde-rs/json,1
2018-07-01,24455,3891,GitHub/serde-rs/json,1
2018-07-01,24455,760,GitHub/serde-rs/json,2
2018-07-01,24455,2912,GitHub/serde-rs/json,75
2018-07-01,24455,3094,GitHub/serde-rs/json,1
2018-07-01,24455,2985,GitHub/serde-rs/json,1
2018-07-01,24455,65,GitHub/serde-rs/json,1
2018-07-01,24455,4764,GitHub/serde-rs/json,2
2018-07-01,24455,4254,GitHub/serde-rs/json,2
2018-07-01,24455,4762,GitHub/serde-rs/json,3
2018-07-01,24455,4765,GitHub/serde-rs/json,1
2018-07-01,24455,4315,GitHub/serde-rs/json,1
2018-07-01,25976,3025,GitHub/rust-lang/regex,1
2018-07-01,25976,3637,GitHub/rust-lang/regex,1
2018-07-01,25976,4545,GitHub/rust-lang/regex,2
2018-07-01,25976,4580,GitHub/rust-lang/regex,1
2018-07-01,25976,3571,GitHub/rust-lang/regex,1
2018-07-01,25976,4581,GitHub/rust-lang/regex,1
2018-07-01,25976,4583,GitHub/rust-lang/regex,1
2018-07-01,25976,423,GitHub/rust-lang/regex,6
2018-07-01,25976,3502,GitHub/rust-lang/regex,1
2018-07-01,25976,233,GitHub/rust-lang/regex,2
2018-07-01,25976,3043,GitHub/rust-lang/regex,80
2018-07-01,25976,2988,GitHub/rust-lang/regex,1
2018-07-01,25976,4582,GitHub/rust-lang/regex,3
2018-07-01,25976,155,GitHub/rust-lang/regex,1
2018-07-01,26074,3614,GitHub/paholg/typenum,11
2018-07-01,26074,3438,GitHub/paholg/typenum,2
2018-07-01,26074,4005,GitHub/paholg/typenum,2
2018-07-01,28336,3189,GitHub/RustCrypto/traits,2
2018-07-01,28336,1382,GitHub/RustCrypto/traits,2
2018-07-01,28705,3465,GitHub/dguo/strsim-rs,1
2018-07-01,28705,3463,GitHub/dguo/strsim-rs,1
2018-07-01,28705,3464,GitHub/dguo/strsim-rs,1
2018-07-01,28705,707,GitHub/dguo/strsim-rs,3
2018-07-01,32560,209,GitHub/BurntSushi/memchr,2
2018-07-01,32560,2975,GitHub/BurntSushi/memchr,4
2018-07-01,32560,3043,GitHub/BurntSushi/memchr,4
2018-07-01,32560,3212,GitHub/BurntSushi/memchr,1
2018-07-01,33435,3217,GitHub/dtolnay/itoa,4
2018-07-01,33435,3492,GitHub/dtolnay/itoa,4
2018-07-01,33435,2912,GitHub/dtolnay/itoa,9
2018-07-01,34191,3448,GitHub/RustCrypto/utils,1
2018-07-01,34191,3189,GitHub/RustCrypto/utils,6
2018-07-01,34191,532,GitHub/RustCrypto/utils,1
2018-07-01,34831,1755,GitHub/rust-lang/futures-rs,1
2018-07-01,34831,3505,GitHub/rust-lang/futures-rs,1
2018-07-01,34831,1228,GitHub/rust-lang/futures-rs,6
2018-07-01,34831,4322,GitHub/rust-lang/futures-rs,1
2018-07-01,34831,1662,GitHub/rust-lang/futures-rs,1
2018-07-01,34831,4251,GitHub/rust-lang/futures-rs,1
2018-07-01,34831,4253,GitHub/rust-lang/futures-rs,1
2018-07-01,34831,4324,GitHub/rust-lang/futures-rs,1
2018-07-01,34831,3581,GitHub/rust-lang/futures-rs,96
2018-07-01,34831,4327,GitHub/rust-lang/futures-rs,1
2018-07-01,34831,1743,GitHub/rust-lang/futures-rs,37
2018-07-01,34831,4328,GitHub/rust-lang/futures-rs,1
2018-07-01,34831,4065,GitHub/rust-lang/futures-rs,6
2018-07-01,34831,4259,GitHub/rust-lang/futures-rs,2
2018-07-01,34831,4315,GitHub/rust-lang/futures-rs,1
2018-07-01,34831,4252,GitHub/rust-lang/futures-rs,4
2018-07-01,34831,3194,GitHub/rust-lang/futures-rs,4
2018-07-01,34831,3428,GitHub/rust-lang/futures-rs,1
2018-07-01,34831,4329,GitHub/rust-lang/futures-rs,1
2018-07-01,34831,4319,GitHub/rust-lang/futures-rs,2
2018-07-01,34831,3860,GitHub/rust-lang/futures-rs,3
2018-07-01,34831,3318,GitHub/rust-lang/futures-rs,1
2018-07-01,34831,4314,GitHub/rust-lang/futures-rs,1
2018-07-01,34831,3502,GitHub/rust-lang/futures-rs,38
2018-07-01,34831,4317,GitHub/rust-lang/futures-rs,1
2018-07-01,34831,4249,GitHub/rust-lang/futures-rs,2
2018-07-01,34831,3878,GitHub/rust-lang/futures-rs,11
2018-07-01,34831,4255,GitHub/rust-lang/futures-rs,2
2018-07-01,34831,4330,GitHub/rust-lang/futures-rs,1
2018-07-01,34831,4316,GitHub/rust-lang/futures-rs,2
2018-07-01,34831,209,GitHub/rust-lang/futures-rs,1
2018-07-01,34831,4254,GitHub/rust-lang/futures-rs,1
2018-07-01,34831,4323,GitHub/rust-lang/futures-rs,8
2018-07-01,34831,3435,GitHub/rust-lang/futures-rs,1
2018-07-01,34831,4246,GitHub/rust-lang/futures-rs,2
2018-07-01,34831,4258,GitHub/rust-lang/futures-rs,3
2018-07-01,34831,3268,GitHub/rust-lang/futures-rs,3
2018-07-01,34831,4326,GitHub/rust-lang/futures-rs,2
2018-07-01,34831,3438,GitHub/rust-lang/futures-rs,1
2018-07-01,34831,4313,GitHub/rust-lang/futures-rs,2
2018-07-01,34831,3427,GitHub/rust-lang/futures-rs,80
2018-07-01,34831,4250,GitHub/rust-lang/futures-rs,1
2018-07-01,34831,353,GitHub/rust-lang/futures-rs,1
2018-07-01,34831,2927,GitHub/rust-lang/futures-rs,1
2018-07-01,34831,3433,GitHub/rust-lang/futures-rs,13
2018-07-01,34831,4288,GitHub/rust-lang/futures-rs,3
2018-07-01,34831,4256,GitHub/rust-lang/futures-rs,1
2018-07-01,34831,4325,GitHub/rust-lang/futures-rs,3
2018-07-01,34831,3637,GitHub/rust-lang/futures-rs,4
2018-07-01,34831,4289,GitHub/rust-lang/futures-rs,2
2018-07-01,34831,2970,GitHub/rust-lang/futures-rs,3
2018-07-01,34831,4247,GitHub/rust-lang/futures-rs,31
2018-07-01,34831,1725,GitHub/rust-lang/futures-rs,1
2018-07-01,34831,3145,GitHub/rust-lang/futures-rs,2
2018-07-01,34831,3312,GitHub/rust-lang/futures-rs,3
2018-07-01,34831,4415,GitHub/rust-lang/futures-rs,9
2018-07-01,34831,2867,GitHub/rust-lang/futures-rs,93
2018-07-01,34831,4257,GitHub/rust-lang/futures-rs,1
2018-07-01,34831,4321,GitHub/rust-lang/futures-rs,1
2018-07-01,34831,1666,GitHub/rust-lang/futures-rs,2
2018-07-01,34831,4320,GitHub/rust-lang/futures-rs,1
2018-07-01,35574,2867,GitHub/unicode-rs/unicode-normalization,1
2018-07-01,35574,4979,GitHub/unicode-rs/unicode-normalization,14
2018-07-01,35574,155,GitHub/unicode-rs/unicode-normalization,1
2018-07-01,35574,3173,GitHub/unicode-rs/unicode-normalization,1
2018-07-01,35574,3741,GitHub/unicode-rs/unicode-normalization,2
2018-07-01,35737,3025,GitHub/cuviper/autocfg,1
2018-07-01,36424,3651,GitHub/steveklabnik/semver-parser,1
2018-07-01,36424,2950,GitHub/steveklabnik/semver-parser,11
2018-07-01,37083,3259,GitHub/BurntSushi/termcolor,1
2018-07-01,37083,3267,GitHub/BurntSushi/termcolor,1
2018-07-01,37083,3232,GitHub/BurntSushi/termcolor,6
2018-07-01,37083,457,GitHub/BurntSushi/termcolor,2
2018-07-01,37083,453,GitHub/BurntSushi/termcolor,1
2018-07-01,37083,353,GitHub/BurntSushi/termcolor,1
2018-07-01,37083,454,GitHub/BurntSushi/termcolor,1
2018-07-01,37083,3246,GitHub/BurntSushi/termcolor,1
2018-07-01,37083,3042,GitHub/BurntSushi/termcolor,1
2018-07-01,37083,3257,GitHub/BurntSushi/termcolor,1
2018-07-01,37083,2881,GitHub/BurntSushi/termcolor,1
2018-07-01,37083,3249,GitHub/BurntSushi/termcolor,1
2018-07-01,37083,460,GitHub/BurntSushi/termcolor,1
2018-07-01,37083,3247,GitHub/BurntSushi/termcolor,1
2018-07-01,37083,3242,GitHub/BurntSushi/termcolor,1
2018-07-01,37083,3265,GitHub/BurntSushi/termcolor,2
2018-07-01,37083,3236,GitHub/BurntSushi/termcolor,1
2018-07-01,37083,3180,GitHub/BurntSushi/termcolor,1
2018-07-01,37083,3263,GitHub/BurntSushi/termcolor,1
2018-07-01,37083,473,GitHub/BurntSushi/termcolor,2
2018-07-01,37083,3233,GitHub/BurntSushi/termcolor,1
2018-07-01,37083,3245,GitHub/BurntSushi/termcolor,1
2018-07-01,37083,3239,GitHub/BurntSushi/termcolor,1
2018-07-01,37083,3248,GitHub/BurntSushi/termcolor,1
2018-07-01,37083,3238,GitHub/BurntSushi/termcolor,1
2018-07-01,37083,472,GitHub/BurntSushi/termcolor,1
2018-07-01,37083,3097,GitHub/BurntSushi/termcolor,3
2018-07-01,37083,3230,GitHub/BurntSushi/termcolor,1
2018-07-01,37083,209,GitHub/BurntSushi/termcolor,1
2018-07-01,37083,3240,GitHub/BurntSushi/termcolor,1
2018-07-01,37083,3241,GitHub/BurntSushi/termcolor,1
2018-07-01,37083,2985,GitHub/BurntSushi/termcolor,1
2018-07-01,37083,3256,GitHub/BurntSushi/termcolor,1
2018-07-01,37083,3147,GitHub/BurntSushi/termcolor,1
2018-07-01,37083,3255,GitHub/BurntSushi/termcolor,1
2018-07-01,37083,3254,GitHub/BurntSushi/termcolor,1
2018-07-01,37083,3261,GitHub/BurntSushi/termcolor,1
2018-07-01,37083,3043,GitHub/BurntSushi/termcolor,109
2018-07-01,37083,3253,GitHub/BurntSushi/termcolor,2
2018-07-01,37083,3250,GitHub/BurntSushi/termcolor,1
2018-07-01,37083,3251,GitHub/BurntSushi/termcolor,1
2018-07-01,37083,3260,GitHub/BurntSushi/termcolor,1
2018-07-01,37083,470,GitHub/BurntSushi/termcolor,2
2018-07-01,37083,3264,GitHub/BurntSushi/termcolor,1
2018-07-01,37083,3237,GitHub/BurntSushi/termcolor,1
2018-07-01,37083,3252,GitHub/BurntSushi/termcolor,10
2018-07-01,37083,2875,GitHub/BurntSushi/termcolor,1
2018-07-01,37083,2914,GitHub/BurntSushi/termcolor,1
2018-07-01,37083,466,GitHub/BurntSushi/termcolor,1
2018-07-01,37083,3262,GitHub/BurntSushi/termcolor,1
2018-07-01,37083,3243,GitHub/BurntSushi/termcolor,1
2018-07-01,37083,3258,GitHub/BurntSushi/termcolor,1
2018-07-01,37083,3235,GitHub/BurntSushi/termcolor,1
2018-07-01,37083,3234,GitHub/BurntSushi/termcolor,2
2018-07-01,37101,1198,GitHub/Gilnaa/memoffset,3
2018-07-01,37101,3096,GitHub/Gilnaa/memoffset,1
2018-07-01,37612,2983,GitHub/dtolnay/quote,1
2018-07-01,37612,1228,GitHub/dtolnay/quote,1
2018-07-01,37612,2867,GitHub/dtolnay/quote,2
2018-07-01,37612,3021,GitHub/dtolnay/quote,1
2018-07-01,37612,2912,GitHub/dtolnay/quote,50
2018-07-01,37844,2867,GitHub/softprops/atty,2
2018-07-01,37844,4892,GitHub/softprops/atty,1
2018-07-01,37844,3043,GitHub/softprops/atty,1
2018-07-01,37844,4270,GitHub/softprops/atty,11
2018-07-01,38667,3162,GitHub/bluss/indexmap,3
2018-07-01,38667,268,GitHub/bluss/indexmap,77
2018-07-01,38667,3145,GitHub/bluss/indexmap,1
2018-07-01,38667,3025,GitHub/bluss/indexmap,1
2018-07-01,39779,2985,GitHub/time-rs/time,1
2018-07-01,39779,2992,GitHub/time-rs/time,2
2018-07-01,39779,2508,GitHub/time-rs/time,1
2018-07-01,39779,2867,GitHub/time-rs/time,6
2018-07-01,40937,3516,GitHub/dtolnay/semver,2
2018-07-01,40937,2950,GitHub/dtolnay/semver,8
2018-07-01,41752,3413,GitHub/servo/rust-url,35
2018-07-01,41752,1252,GitHub/servo/rust-url,2
2018-07-01,41752,204,GitHub/servo/rust-url,13
2018-07-01,41752,3032,GitHub/servo/rust-url,3
2018-07-01,41957,2343,GitHub/dtolnay/proc-macro2,1
2018-07-01,41957,2912,GitHub/dtolnay/proc-macro2,58
2018-07-01,41957,1228,GitHub/dtolnay/proc-macro2,1
2018-07-01,41957,2867,GitHub/dtolnay/proc-macro2,35
2018-07-01,41957,3021,GitHub/dtolnay/proc-macro2,2
2018-07-01,41957,3506,GitHub/dtolnay/proc-macro2,1
2018-07-01,42655,4616,GitHub/rust-lang/socket2,1
2018-07-01,42655,2127,GitHub/rust-lang/socket2,1
2018-07-01,42655,4615,GitHub/rust-lang/socket2,10
2018-07-01,42655,2945,GitHub/rust-lang/socket2,4
2018-07-01,42655,3757,GitHub/rust-lang/socket2,1
2018-07-01,42655,4300,GitHub/rust-lang/socket2,4
2018-07-01,42655,2867,GitHub/rust-lang/socket2,22
2018-07-01,46027,2912,GitHub/alexcrichton/toml-rs,1
2018-07-01,46027,2911,GitHub/alexcrichton/toml-rs,7
2018-07-01,46027,2867,GitHub/alexcrichton/toml-rs,7
2018-07-01,46027,2909,GitHub/alexcrichton/toml-rs,1
2018-07-01,46027,2910,GitHub/alexcrichton/toml-rs,1
2018-07-01,46178,4626,GitHub/rust-lang-nursery/lazy-static.rs,1
2018-07-01,46178,3044,GitHub/rust-lang-nursery/lazy-static.rs,5
2018-07-01,46178,2912,GitHub/rust-lang-nursery/lazy-static.rs,1
2018-07-01,46178,4625,GitHub/rust-lang-nursery/lazy-static.rs,1
2018-07-01,49075,4507,GitHub/rust-lang/pkg-config-rs,2
2018-07-01,49075,3690,GitHub/rust-lang/pkg-config-rs,1
2018-07-01,49075,209,GitHub/rust-lang/pkg-config-rs,1
2018-07-01,49075,3741,GitHub/rust-lang/pkg-config-rs,3
2018-07-01,49075,2909,GitHub/rust-lang/pkg-config-rs,1
2018-07-01,49075,2900,GitHub/rust-lang/pkg-config-rs,1
2018-07-01,49075,2867,GitHub/rust-lang/pkg-config-rs,9
2018-07-01,52462,898,GitHub/Frommi/miniz_oxide,14
2018-07-01,52462,3636,GitHub/Frommi/miniz_oxide,10
2018-07-01,52462,3422,GitHub/Frommi/miniz_oxide,1
2018-07-01,52462,3097,GitHub/Frommi/miniz_oxide,1
2018-07-01,52462,3458,GitHub/Frommi/miniz_oxide,1
2018-07-01,52465,3613,GitHub/fizyk20/generic-array,1
2018-07-01,52465,3606,GitHub/fizyk20/generic-array,13
2018-07-01,52465,877,GitHub/fizyk20/generic-array,1
2018-07-01,52465,3607,GitHub/fizyk20/generic-array,15
2018-08-01,602,4988,GitHub/unicode-rs/unicode-segmentation,4
2018-08-01,602,3173,GitHub/unicode-rs/unicode-segmentation,3
2018-08-01,626,3895,GitHub/hyperium/http,1
2018-08-01,626,3893,GitHub/hyperium/http,1
2018-08-01,626,3522,GitHub/hyperium/http,1
2018-08-01,626,3899,GitHub/hyperium/http,1
2018-08-01,626,3898,GitHub/hyperium/http,3
2018-08-01,626,3051,GitHub/hyperium/http,1
2018-08-01,626,3878,GitHub/hyperium/http,21
2018-08-01,626,3897,GitHub/hyperium/http,1
2018-08-01,626,3896,GitHub/hyperium/http,1
2018-08-01,626,3433,GitHub/hyperium/http,6
2018-08-01,626,3894,GitHub/hyperium/http,1
2018-08-01,626,209,GitHub/hyperium/http,3
2018-08-01,626,2945,GitHub/hyperium/http,1
2018-08-01,3509,4538,GitHub/unicode-rs/unicode-width,3
2018-08-01,4484,3188,GitHub/BurntSushi/byteorder,1
2018-08-01,4484,209,GitHub/BurntSushi/byteorder,1
2018-08-01,4484,2975,GitHub/BurntSushi/byteorder,2
2018-08-01,4484,3043,GitHub/BurntSushi/byteorder,8
2018-08-01,4484,3192,GitHub/BurntSushi/byteorder,1
2018-08-01,4484,3191,GitHub/BurntSushi/byteorder,1
2018-08-01,4484,3190,GitHub/BurntSushi/byteorder,3
2018-08-01,4486,3193,GitHub/contain-rs/vec-map,3
2018-08-01,4486,3183,GitHub/contain-rs/vec-map,2
2018-08-01,4486,586,GitHub/contain-rs/vec-map,2
2018-08-01,4733,3031,GitHub/dtolnay/syn,1
2018-08-01,4733,3594,GitHub/dtolnay/syn,1
2018-08-01,4733,3592,GitHub/dtolnay/syn,1
2018-08-01,4733,3593,GitHub/dtolnay/syn,1
2018-08-01,4733,1228,GitHub/dtolnay/syn,3
2018-08-01,4733,3097,GitHub/dtolnay/syn,1
2018-08-01,4733,3590,GitHub/dtolnay/syn,8
2018-08-01,4733,2912,GitHub/dtolnay/syn,322
2018-08-01,4733,2985,GitHub/dtolnay/syn,2
2018-08-01,4733,2983,GitHub/dtolnay/syn,1
2018-08-01,4733,3591,GitHub/dtolnay/syn,3
2018-08-01,4733,3021,GitHub/dtolnay/syn,2
2018-08-01,4733,3516,GitHub/dtolnay/syn,4
2018-08-01,4733,3595,GitHub/dtolnay/syn,1
2018-08-01,4733,2343,GitHub/dtolnay/syn,1
2018-08-01,4733,3025,GitHub/dtolnay/syn,1
2018-08-01,4733,2992,GitHub/dtolnay/syn,1
2018-08-01,4733,2867,GitHub/dtolnay/syn,18
2018-08-01,6681,3474,GitHub/djc/rustc-version-rs,1
2018-08-01,6681,3475,GitHub/djc/rustc-version-rs,1
2018-08-01,6681,3472,GitHub/djc/rustc-version-rs,5
2018-08-01,7322,2988,GitHub/servo/rust-smallvec,12
2018-08-01,7322,233,GitHub/servo/rust-smallvec,1
2018-08-01,7322,2991,GitHub/servo/rust-smallvec,3
2018-08-01,7322,4804,GitHub/servo/rust-smallvec,7
2018-08-01,7322,4805,GitHub/servo/rust-smallvec,2
2018-08-01,7322,2968,GitHub/servo/rust-smallvec,1
2018-08-01,7322,3632,GitHub/servo/rust-smallvec,1
2018-08-01,7415,3170,GitHub/BurntSushi/aho-corasick,2
2018-08-01,7415,209,GitHub/BurntSushi/aho-corasick,2
2018-08-01,7415,3183,GitHub/BurntSushi/aho-corasick,1
2018-08-01,7415,3043,GitHub/BurntSushi/aho-corasick,9
2018-08-01,7415,2975,GitHub/BurntSushi/aho-corasick,1
2018-08-01,7415,204,GitHub/BurntSushi/aho-corasick,4
2018-08-01,7415,3180,GitHub/BurntSushi/aho-corasick,1
2018-08-01,12228,3878,GitHub/seanmonstar/httparse,22
2018-08-01,12228,4722,GitHub/seanmonstar/httparse,2
2018-08-01,12266,1228,GitHub/bitflags/bitflags,1
2018-08-01,12266,3063,GitHub/bitflags/bitflags,1
2018-08-01,12266,3044,GitHub/bitflags/bitflags,3
2018-08-01,12266,2912,GitHub/bitflags/bitflags,14
2018-08-01,12266,3053,GitHub/bitflags/bitflags,2
2018-08-01,12266,3065,GitHub/bitflags/bitflags,1
2018-08-01,12266,233,GitHub/bitflags/bitflags,1
2018-08-01,12266,3062,GitHub/bitflags/bitflags,1
2018-08-01,12842,3092,GitHub/tokio-rs/slab,1
2018-08-01,12842,3433,GitHub/tokio-rs/slab,1
2018-08-01,14306,3025,GitHub/rust-num/num-integer,16
2018-08-01,16183,3114,GitHub/rust-lang/cc-rs,3
2018-08-01,16183,4063,GitHub/rust-lang/cc-rs,1
2018-08-01,16183,2982,GitHub/rust-lang/cc-rs,2
2018-08-01,16183,4135,GitHub/rust-lang/cc-rs,1
2018-08-01,16183,2909,GitHub/rust-lang/cc-rs,2
2018-08-01,16183,1526,GitHub/rust-lang/cc-rs,1
2018-08-01,16183,4132,GitHub/rust-lang/cc-rs,1
2018-08-01,16183,4236,GitHub/rust-lang/cc-rs,1
2018-08-01,16183,3413,GitHub/rust-lang/cc-rs,1
2018-08-01,16183,4133,GitHub/rust-lang/cc-rs,3
2018-08-01,16183,3294,GitHub/rust-lang/cc-rs,1
2018-08-01,16183,2994,GitHub/rust-lang/cc-rs,2
2018-08-01,16183,4136,GitHub/rust-lang/cc-rs,1
2018-08-01,16183,3690,GitHub/rust-lang/cc-rs,2
2018-08-01,16183,3436,GitHub/rust-lang/cc-rs,1
2018-08-01,16183,4235,GitHub/rust-lang/cc-rs,2
2018-08-01,16183,2867,GitHub/rust-lang/cc-rs,53
2018-08-01,16183,4134,GitHub/rust-lang/cc-rs,1
2018-08-01,16183,3025,GitHub/rust-lang/cc-rs,3
2018-08-01,16259,3025,GitHub/rust-num/num-traits,66
2018-08-01,16259,3192,GitHub/rust-num/num-traits,1
2018-08-01,16259,3380,GitHub/rust-num/num-traits,16
2018-08-01,16259,4683,GitHub/rust-num/num-traits,1
2018-08-01,16259,4688,GitHub/rust-num/num-traits,1
2018-08-01,16259,2874,GitHub/rust-num/num-traits,10
2018-08-01,16259,2936,GitHub/rust-num/num-traits,1
2018-08-01,16259,2931,GitHub/rust-num/num-traits,9
2018-08-01,16259,2217,GitHub/rust-num/num-traits,1
2018-08-01,16259,4698,GitHub/rust-num/num-traits,5
2018-08-01,16259,4691,GitHub/rust-num/num-traits,2
2018-08-01,16259,4690,GitHub/rust-num/num-traits,1
2018-08-01,16259,4689,GitHub/rust-num/num-traits,6
2018-08-01,16259,4403,GitHub/rust-num/num-traits,1
2018-08-01,16492,3147,GitHub/tokio-rs/bytes,1
2018-08-01,16492,4960,GitHub/tokio-rs/bytes,2
2018-08-01,16492,4959,GitHub/tokio-rs/bytes,3
2018-08-01,16492,3031,GitHub/tokio-rs/bytes,1
2018-08-01,16492,4956,GitHub/tokio-rs/bytes,2
2018-08-01,16492,1252,GitHub/tokio-rs/bytes,1
2018-08-01,16492,4476,GitHub/tokio-rs/bytes,1
2018-08-01,16492,4287,GitHub/tokio-rs/bytes,4
2018-08-01,16492,3433,GitHub/tokio-rs/bytes,21
2018-08-01,16492,3044,GitHub/tokio-rs/bytes,1
2018-08-01,16492,4958,GitHub/tokio-rs/bytes,2
2018-08-01,16492,4957,GitHub/tokio-rs/bytes,1
2018-08-01,16492,3312,GitHub/tokio-rs/bytes,2
2018-08-01,16492,3878,GitHub/tokio-rs/bytes,5
2018-08-01,17630,1246,GitHub/bluss/either,3
2018-08-01,17630,3025,GitHub/bluss/either,1
2018-08-01,17630,268,GitHub/bluss/either,3
2018-08-01,18006,3170,GitHub/crossbeam-rs/crossbeam,2
2018-08-01,18006,3312,GitHub/crossbeam-rs/crossbeam,1
2018-08-01,18006,3413,GitHub/crossbeam-rs/crossbeam,1
2018-08-01,18006,3420,GitHub/crossbeam-rs/crossbeam,2
2018-08-01,18006,209,GitHub/crossbeam-rs/crossbeam,2
2018-08-01,18006,3419,GitHub/crossbeam-rs/crossbeam,1
2018-08-01,18006,3242,GitHub/crossbeam-rs/crossbeam,2
2018-08-01,18006,658,GitHub/crossbeam-rs/crossbeam,1
2018-08-01,18006,3418,GitHub/crossbeam-rs/crossbeam,1
2018-08-01,18006,233,GitHub/crossbeam-rs/crossbeam,6
2018-08-01,18006,3417,GitHub/crossbeam-rs/crossbeam,1
2018-08-01,18006,659,GitHub/crossbeam-rs/crossbeam,1
2018-08-01,18006,3421,GitHub/crossbeam-rs/crossbeam,1
2018-08-01,18006,665,GitHub/crossbeam-rs/crossbeam,2
2018-08-01,18006,3096,GitHub/crossbeam-rs/crossbeam,27
2018-08-01,18006,353,GitHub/crossbeam-rs/crossbeam,259
2018-08-01,18006,3422,GitHub/crossbeam-rs/crossbeam,1
2018-08-01,18006,2968,GitHub/crossbeam-rs/crossbeam,15
2018-08-01,20410,3979,GitHub/mgeisler/textwrap,1
2018-08-01,20410,2872,GitHub/mgeisler/textwrap,48
2018-08-01,20410,3980,GitHub/mgeisler/textwrap,5
2018-08-01,20699,138,GitHub/Amanieu/parking_lot,2
2018-08-01,20699,2968,GitHub/Amanieu/parking_lot,52
2018-08-01,20699,2978,GitHub/Amanieu/parking_lot,1
2018-08-01,20699,2977,GitHub/Amanieu/parking_lot,1
2018-08-01,20699,155,GitHub/Amanieu/parking_lot,1
2018-08-01,20699,2976,GitHub/Amanieu/parking_lot,1
2018-08-01,20699,2984,GitHub/Amanieu/parking_lot,1
2018-08-01,20699,2982,GitHub/Amanieu/parking_lot,1
2018-08-01,20699,2981,GitHub/Amanieu/parking_lot,3
2018-08-01,20699,2983,GitHub/Amanieu/parking_lot,1
2018-08-01,20699,2980,GitHub/Amanieu/parking_lot,1
2018-08-01,20699,2867,GitHub/Amanieu/parking_lot,1
2018-08-01,20699,2979,GitHub/Amanieu/parking_lot,1
2018-08-01,20699,2985,GitHub/Amanieu/parking_lot,1
2018-08-01,20699,2916,GitHub/Amanieu/parking_lot,2
2018-08-01,20949,3713,GitHub/Geal/nom,1
2018-08-01,20949,981,GitHub/Geal/nom,1
2018-08-01,20949,3217,GitHub/Geal/nom,1
2018-08-01,20949,3224,GitHub/Geal/nom,1
2018-08-01,20949,1011,GitHub/Geal/nom,4
2018-08-01,20949,3502,GitHub/Geal/nom,1
2018-08-01,20949,3534,GitHub/Geal/nom,193
2018-08-01,20949,3729,GitHub/Geal/nom,1
2018-08-01,20949,3632,GitHub/Geal/nom,1
2018-08-01,20949,3738,GitHub/Geal/nom,2
2018-08-01,20949,3255,GitHub/Geal/nom,1
2018-08-01,20949,3665,GitHub/Geal/nom,1
2018-08-01,20949,3737,GitHub/Geal/nom,1
2018-08-01,20949,3718,GitHub/Geal/nom,1
2018-08-01,20949,3723,GitHub/Geal/nom,1
2018-08-01,20949,3728,GitHub/Geal/nom,1
2018-08-01,20949,3710,GitHub/Geal/nom,5
2018-08-01,20949,3717,GitHub/Geal/nom,3
2018-08-01,20949,3214,GitHub/Geal/nom,5
2018-08-01,20949,3734,GitHub/Geal/nom,1
2018-08-01,20949,3063,GitHub/Geal/nom,4
2018-08-01,20949,1015,GitHub/Geal/nom,1
2018-08-01,20949,3588,GitHub/Geal/nom,3
2018-08-01,20949,3139,GitHub/Geal/nom,2
2018-08-01,20949,3709,GitHub/Geal/nom,1
2018-08-01,20949,3112,GitHub/Geal/nom,1
2018-08-01,20949,3727,GitHub/Geal/nom,2
2018-08-01,20949,3108,GitHub/Geal/nom,1
2018-08-01,20949,3733,GitHub/Geal/nom,2
2018-08-01,20949,3736,GitHub/Geal/nom,1
2018-08-01,20949,3719,GitHub/Geal/nom,1
2018-08-01,20949,3721,GitHub/Geal/nom,1
2018-08-01,20949,3720,GitHub/Geal/nom,1
2018-08-01,20949,2873,GitHub/Geal/nom,1
2018-08-01,20949,3726,GitHub/Geal/nom,6
2018-08-01,20949,3422,GitHub/Geal/nom,1
2018-08-01,20949,3724,GitHub/Geal/nom,1
2018-08-01,20949,3732,GitHub/Geal/nom,1
2018-08-01,20949,3725,GitHub/Geal/nom,1
2018-08-01,20949,3735,GitHub/Geal/nom,1
2018-08-01,20949,1004,GitHub/Geal/nom,1
2018-08-01,20949,3730,GitHub/Geal/nom,4
2018-08-01,21282,268,GitHub/bluss/arrayvec,13
2018-08-01,21282,3096,GitHub/bluss/arrayvec,1
2018-08-01,21445,1273,GitHub/marshallpierce/rust-base64,2
2018-08-01,21445,3097,GitHub/marshallpierce/rust-base64,1
2018-08-01,21445,3713,GitHub/marshallpierce/rust-base64,1
2018-08-01,21445,3934,GitHub/marshallpierce/rust-base64,1
2018-08-01,21445,1272,GitHub/marshallpierce/rust-base64,5
2018-08-01,21445,1281,GitHub/marshallpierce/rust-base64,16
2018-08-01,21445,3718,GitHub/marshallpierce/rust-base64,1
2018-08-01,21445,209,GitHub/marshallpierce/rust-base64,1
2018-08-01,22724,233,GitHub/rust-lang/log,1
2018-08-01,22724,4475,GitHub/rust-lang/log,2
2018-08-01,22724,4476,GitHub/rust-lang/log,2
2018-08-01,22724,3044,GitHub/rust-lang/log,3
2018-08-01,22724,3741,GitHub/rust-lang/log,1
2018-08-01,22724,2867,GitHub/rust-lang/log,1
2018-08-01,22724,3403,GitHub/rust-lang/log,1
2018-08-01,22724,2968,GitHub/rust-lang/log,2
2018-08-01,22724,2945,GitHub/rust-lang/log,10
2018-08-01,22724,3633,GitHub/rust-lang/log,2
2018-08-01,22804,2867,GitHub/alexcrichton/cfg-if,4
2018-08-01,22804,2873,GitHub/alexcrichton/cfg-if,2
2018-08-01,23287,4053,GitHub/rust-itertools/itertools,1
2018-08-01,23287,1431,GitHub/rust-itertools/itertools,5
2018-08-01,23287,2927,GitHub/rust-itertools/itertools,1
2018-08-01,23287,4055,GitHub/rust-itertools/itertools,1
2018-08-01,23287,4056,GitHub/rust-itertools/itertools,5
2018-08-01,23287,268,GitHub/rust-itertools/itertools,31
2018-08-01,23287,4054,GitHub/rust-itertools/itertools,2
2018-08-01,23287,3185,GitHub/rust-itertools/itertools,1
2018-08-01,24440,2975,GitHub/ogham/rust-ansi-term,4
2018-08-01,24440,3988,GitHub/ogham/rust-ansi-term,1
2018-08-01,24440,1343,GitHub/ogham/rust-ansi-term,2
2018-08-01,24440,496,GitHub/ogham/rust-ansi-term,8
2018-08-01,24440,3989,GitHub/ogham/rust-ansi-term,1
2018-08-01,24440,3990,GitHub/ogham/rust-ansi-term,1
2018-08-01,24455,2985,GitHub/serde-rs/json,1
2018-08-01,24455,4315,GitHub/serde-rs/json,1
2018-08-01,24455,2912,GitHub/serde-rs/json,85
2018-08-01,24455,3025,GitHub/serde-rs/json,1
2018-08-01,24455,4254,GitHub/serde-rs/json,2
2018-08-01,24455,2310,GitHub/serde-rs/json,1
2018-08-01,24455,3891,GitHub/serde-rs/json,1
2018-08-01,24455,760,GitHub/serde-rs/json,2
2018-08-01,24455,65,GitHub/serde-rs/json,1
2018-08-01,24455,3094,GitHub/serde-rs/json,1
2018-08-01,24455,4762,GitHub/serde-rs/json,3
2018-08-01,24455,4764,GitHub/serde-rs/json,2
2018-08-01,24455,4765,GitHub/serde-rs/json,1
2018-08-01,25976,233,GitHub/rust-lang/regex,2
2018-08-01,25976,3502,GitHub/rust-lang/regex,1
2018-08-01,25976,155,GitHub/rust-lang/regex,1
2018-08-01,25976,4583,GitHub/rust-lang/regex,1
2018-08-01,25976,4582,GitHub/rust-lang/regex,3
2018-08-01,25976,3571,GitHub/rust-lang/regex,1
2018-08-01,25976,3637,GitHub/rust-lang/regex,1
2018-08-01,25976,2988,GitHub/rust-lang/regex,1
2018-08-01,25976,4545,GitHub/rust-lang/regex,2
2018-08-01,25976,3043,GitHub/rust-lang/regex,86
2018-08-01,25976,3025,GitHub/rust-lang/regex,1
2018-08-01,25976,423,GitHub/rust-lang/regex,6
2018-08-01,25976,4580,GitHub/rust-lang/regex,1
2018-08-01,25976,4581,GitHub/rust-lang/regex,1
2018-08-01,26074,4005,GitHub/paholg/typenum,2
2018-08-01,26074,3438,GitHub/paholg/typenum,2
2018-08-01,26074,3614,GitHub/paholg/typenum,11
2018-08-01,28336,3189,GitHub/RustCrypto/traits,7
2018-08-01,28336,4022,GitHub/RustCrypto/traits,1
2018-08-01,28336,1382,GitHub/RustCrypto/traits,2
2018-08-01,28705,3465,GitHub/dguo/strsim-rs,1
2018-08-01,28705,3463,GitHub/dguo/strsim-rs,1
2018-08-01,28705,3464,GitHub/dguo/strsim-rs,1
2018-08-01,28705,707,GitHub/dguo/strsim-rs,3
2018-08-01,30968,2343,GitHub/SergioBenitez/version_check,3
2018-08-01,32560,3212,GitHub/BurntSushi/memchr,1
2018-08-01,32560,2975,GitHub/BurntSushi/memchr,4
2018-08-01,32560,209,GitHub/BurntSushi/memchr,2
2018-08-01,32560,3043,GitHub/BurntSushi/memchr,4
2018-08-01,33435,3217,GitHub/dtolnay/itoa,4
2018-08-01,33435,2912,GitHub/dtolnay/itoa,11
2018-08-01,33435,3492,GitHub/dtolnay/itoa,4
2018-08-01,34191,3448,GitHub/RustCrypto/utils,1
2018-08-01,34191,3189,GitHub/RustCrypto/utils,6
2018-08-01,34191,532,GitHub/RustCrypto/utils,1
2018-08-01,34831,3032,GitHub/rust-lang/futures-rs,2
2018-08-01,34831,2988,GitHub/rust-lang/futures-rs,1
2018-08-01,34831,4327,GitHub/rust-lang/futures-rs,1
2018-08-01,34831,4328,GitHub/rust-lang/futures-rs,1
2018-08-01,34831,4065,GitHub/rust-lang/futures-rs,6
2018-08-01,34831,3581,GitHub/rust-lang/futures-rs,127
2018-08-01,34831,209,GitHub/rust-lang/futures-rs,1
2018-08-01,34831,4329,GitHub/rust-lang/futures-rs,1
2018-08-01,34831,1725,GitHub/rust-lang/futures-rs,1
2018-08-01,34831,4247,GitHub/rust-lang/futures-rs,164
2018-08-01,34831,1755,GitHub/rust-lang/futures-rs,1
2018-08-01,34831,1872,GitHub/rust-lang/futures-rs,3
2018-08-01,34831,3878,GitHub/rust-lang/futures-rs,12
2018-08-01,34831,3860,GitHub/rust-lang/futures-rs,3
2018-08-01,34831,4317,GitHub/rust-lang/futures-rs,1
2018-08-01,34831,3318,GitHub/rust-lang/futures-rs,1
2018-08-01,34831,2970,GitHub/rust-lang/futures-rs,3
2018-08-01,34831,4249,GitHub/rust-lang/futures-rs,2
2018-08-01,34831,4254,GitHub/rust-lang/futures-rs,1
2018-08-01,34831,4289,GitHub/rust-lang/futures-rs,2
2018-08-01,34831,4256,GitHub/rust-lang/futures-rs,1
2018-08-01,34831,4252,GitHub/rust-lang/futures-rs,4
2018-08-01,34831,4425,GitHub/rust-lang/futures-rs,3
2018-08-01,34831,3194,GitHub/rust-lang/futures-rs,7
2018-08-01,34831,353,GitHub/rust-lang/futures-rs,1
2018-08-01,34831,1743,GitHub/rust-lang/futures-rs,37
2018-08-01,34831,4326,GitHub/rust-lang/futures-rs,2
2018-08-01,34831,3438,GitHub/rust-lang/futures-rs,1
2018-08-01,34831,3427,GitHub/rust-lang/futures-rs,84
2018-08-01,34831,3502,GitHub/rust-lang/futures-rs,61
2018-08-01,34831,4314,GitHub/rust-lang/futures-rs,1
2018-08-01,34831,1228,GitHub/rust-lang/futures-rs,6
2018-08-01,34831,4251,GitHub/rust-lang/futures-rs,1
2018-08-01,34831,4323,GitHub/rust-lang/futures-rs,8
2018-08-01,34831,3505,GitHub/rust-lang/futures-rs,1
2018-08-01,34831,4322,GitHub/rust-lang/futures-rs,1
2018-08-01,34831,4325,GitHub/rust-lang/futures-rs,3
2018-08-01,34831,3435,GitHub/rust-lang/futures-rs,1
2018-08-01,34831,4288,GitHub/rust-lang/futures-rs,3
2018-08-01,34831,3389,GitHub/rust-lang/futures-rs,2
2018-08-01,34831,3145,GitHub/rust-lang/futures-rs,2
2018-08-01,34831,4246,GitHub/rust-lang/futures-rs,2
2018-08-01,34831,4250,GitHub/rust-lang/futures-rs,1
2018-08-01,34831,4259,GitHub/rust-lang/futures-rs,2
2018-08-01,34831,4319,GitHub/rust-lang/futures-rs,2
2018-08-01,34831,4313,GitHub/rust-lang/futures-rs,6
2018-08-01,34831,3268,GitHub/rust-lang/futures-rs,3
2018-08-01,34831,4258,GitHub/rust-lang/futures-rs,3
2018-08-01,34831,4255,GitHub/rust-lang/futures-rs,2
2018-08-01,34831,3433,GitHub/rust-lang/futures-rs,13
2018-08-01,34831,2867,GitHub/rust-lang/futures-rs,93
2018-08-01,34831,4315,GitHub/rust-lang/futures-rs,1
2018-08-01,34831,4415,GitHub/rust-lang/futures-rs,10
2018-08-01,34831,2927,GitHub/rust-lang/futures-rs,1
2018-08-01,34831,4321,GitHub/rust-lang/futures-rs,1
2018-08-01,34831,3312,GitHub/rust-lang/futures-rs,3
2018-08-01,34831,4320,GitHub/rust-lang/futures-rs,1
2018-08-01,34831,4330,GitHub/rust-lang/futures-rs,1
2018-08-01,34831,3637,GitHub/rust-lang/futures-rs,4
2018-08-01,34831,4324,GitHub/rust-lang/futures-rs,1
2018-08-01,34831,1666,GitHub/rust-lang/futures-rs,2
2018-08-01,34831,4316,GitHub/rust-lang/futures-rs,2
2018-08-01,34831,4257,GitHub/rust-lang/futures-rs,1
2018-08-01,34831,1662,GitHub/rust-lang/futures-rs,1
2018-08-01,34831,4253,GitHub/rust-lang/futures-rs,1
2018-08-01,34831,3428,GitHub/rust-lang/futures-rs,1
2018-08-01,35574,155,GitHub/unicode-rs/unicode-normalization,1
2018-08-01,35574,4979,GitHub/unicode-rs/unicode-normalization,14
2018-08-01,35574,2867,GitHub/unicode-rs/unicode-normalization,1
2018-08-01,35574,3173,GitHub/unicode-rs/unicode-normalization,1
2018-08-01,35574,3741,GitHub/unicode-rs/unicode-normalization,2
2018-08-01,35737,3025,GitHub/cuviper/autocfg,1
2018-08-01,36114,3413,GitHub/SimonSapin/rust-std-candidates,1
2018-08-01,36114,3173,GitHub/SimonSapin/rust-std-candidates,1
2018-08-01,36424,3651,GitHub/steveklabnik/semver-parser,1
2018-08-01,36424,2950,GitHub/steveklabnik/semver-parser,13
2018-08-01,37083,353,GitHub/BurntSushi/termcolor,1
2018-08-01,37083,454,GitHub/BurntSushi/termcolor,1
2018-08-01,37083,3264,GitHub/BurntSushi/termcolor,1
2018-08-01,37083,2985,GitHub/BurntSushi/termcolor,1
2018-08-01,37083,3252,GitHub/BurntSushi/termcolor,10
2018-08-01,37083,3232,GitHub/BurntSushi/termcolor,8
2018-08-01,37083,3097,GitHub/BurntSushi/termcolor,4
2018-08-01,37083,2881,GitHub/BurntSushi/termcolor,1
2018-08-01,37083,3248,GitHub/BurntSushi/termcolor,1
2018-08-01,37083,3242,GitHub/BurntSushi/termcolor,1
2018-08-01,37083,3245,GitHub/BurntSushi/termcolor,1
2018-08-01,37083,457,GitHub/BurntSushi/termcolor,2
2018-08-01,37083,3237,GitHub/BurntSushi/termcolor,1
2018-08-01,37083,3258,GitHub/BurntSushi/termcolor,1
2018-08-01,37083,473,GitHub/BurntSushi/termcolor,2
2018-08-01,37083,470,GitHub/BurntSushi/termcolor,2
2018-08-01,37083,3259,GitHub/BurntSushi/termcolor,1
2018-08-01,37083,2914,GitHub/BurntSushi/termcolor,1
2018-08-01,37083,3267,GitHub/BurntSushi/termcolor,1
2018-08-01,37083,3262,GitHub/BurntSushi/termcolor,1
2018-08-01,37083,3243,GitHub/BurntSushi/termcolor,1
2018-08-01,37083,3265,GitHub/BurntSushi/termcolor,2
2018-08-01,37083,3235,GitHub/BurntSushi/termcolor,1
2018-08-01,37083,3250,GitHub/BurntSushi/termcolor,1
2018-08-01,37083,3247,GitHub/BurntSushi/termcolor,1
2018-08-01,37083,3238,GitHub/BurntSushi/termcolor,1
2018-08-01,37083,3255,GitHub/BurntSushi/termcolor,1
2018-08-01,37083,3246,GitHub/BurntSushi/termcolor,1
2018-08-01,37083,3261,GitHub/BurntSushi/termcolor,1
2018-08-01,37083,3263,GitHub/BurntSushi/termcolor,1
2018-08-01,37083,3042,GitHub/BurntSushi/termcolor,1
2018-08-01,37083,3253,GitHub/BurntSushi/termcolor,2
2018-08-01,37083,3256,GitHub/BurntSushi/termcolor,1
2018-08-01,37083,3254,GitHub/BurntSushi/termcolor,1
2018-08-01,37083,3257,GitHub/BurntSushi/termcolor,1
2018-08-01,37083,460,GitHub/BurntSushi/termcolor,1
2018-08-01,37083,3233,GitHub/BurntSushi/termcolor,1
2018-08-01,37083,3249,GitHub/BurntSushi/termcolor,1
2018-08-01,37083,3234,GitHub/BurntSushi/termcolor,2
2018-08-01,37083,3043,GitHub/BurntSushi/termcolor,119
2018-08-01,37083,453,GitHub/BurntSushi/termcolor,1
2018-08-01,37083,3251,GitHub/BurntSushi/termcolor,1
2018-08-01,37083,3260,GitHub/BurntSushi/termcolor,1
2018-08-01,37083,3241,GitHub/BurntSushi/termcolor,1
2018-08-01,37083,3240,GitHub/BurntSushi/termcolor,1
2018-08-01,37083,3236,GitHub/BurntSushi/termcolor,1
2018-08-01,37083,209,GitHub/BurntSushi/termcolor,1
2018-08-01,37083,3230,GitHub/BurntSushi/termcolor,1
2018-08-01,37083,472,GitHub/BurntSushi/termcolor,1
2018-08-01,37083,3180,GitHub/BurntSushi/termcolor,1
2018-08-01,37083,2875,GitHub/BurntSushi/termcolor,1
2018-08-01,37083,3147,GitHub/BurntSushi/termcolor,1
2018-08-01,37083,466,GitHub/BurntSushi/termcolor,1
2018-08-01,37083,3239,GitHub/BurntSushi/termcolor,1
2018-08-01,37101,3096,GitHub/Gilnaa/memoffset,1
2018-08-01,37101,1198,GitHub/Gilnaa/memoffset,3
2018-08-01,37612,3021,GitHub/dtolnay/quote,1
2018-08-01,37612,2867,GitHub/dtolnay/quote,2
2018-08-01,37612,2912,GitHub/dtolnay/quote,53
2018-08-01,37612,1228,GitHub/dtolnay/quote,1
2018-08-01,37612,2983,GitHub/dtolnay/quote,1
2018-08-01,37844,2867,GitHub/softprops/atty,2
2018-08-01,37844,2875,GitHub/softprops/atty,1
2018-08-01,37844,4892,GitHub/softprops/atty,1
2018-08-01,37844,4270,GitHub/softprops/atty,15
2018-08-01,37844,3043,GitHub/softprops/atty,1
2018-08-01,38667,3025,GitHub/bluss/indexmap,1
2018-08-01,38667,3162,GitHub/bluss/indexmap,3
2018-08-01,38667,268,GitHub/bluss/indexmap,77
2018-08-01,38667,3145,GitHub/bluss/indexmap,1
2018-08-01,39779,2508,GitHub/time-rs/time,1
2018-08-01,39779,2867,GitHub/time-rs/time,6
2018-08-01,39779,2992,GitHub/time-rs/time,2
2018-08-01,39779,2985,GitHub/time-rs/time,1
2018-08-01,40937,2950,GitHub/dtolnay/semver,9
2018-08-01,40937,3516,GitHub/dtolnay/semver,2
2018-08-01,41752,1252,GitHub/servo/rust-url,2
2018-08-01,41752,204,GitHub/servo/rust-url,13
2018-08-01,41752,3032,GitHub/servo/rust-url,3
2018-08-01,41752,3413,GitHub/servo/rust-url,37
2018-08-01,41957,2912,GitHub/dtolnay/proc-macro2,62
2018-08-01,41957,3506,GitHub/dtolnay/proc-macro2,1
2018-08-01,41957,2867,GitHub/dtolnay/proc-macro2,38
2018-08-01,41957,1228,GitHub/dtolnay/proc-macro2,1
2018-08-01,41957,3021,GitHub/dtolnay/proc-macro2,2
2018-08-01,41957,760,GitHub/dtolnay/proc-macro2,1
2018-08-01,41957,2343,GitHub/dtolnay/proc-macro2,1
2018-08-01,42413,2912,GitHub/dtolnay/ryu,24
2018-08-01,42655,2867,GitHub/rust-lang/socket2,22
2018-08-01,42655,4616,GitHub/rust-lang/socket2,1
2018-08-01,42655,4300,GitHub/rust-lang/socket2,4
2018-08-01,42655,2945,GitHub/rust-lang/socket2,4
2018-08-01,42655,2127,GitHub/rust-lang/socket2,1
2018-08-01,42655,3757,GitHub/rust-lang/socket2,1
2018-08-01,42655,4615,GitHub/rust-lang/socket2,10
2018-08-01,46027,2911,GitHub/alexcrichton/toml-rs,7
2018-08-01,46027,2875,GitHub/alexcrichton/toml-rs,7
2018-08-01,46027,2867,GitHub/alexcrichton/toml-rs,12
2018-08-01,46027,2909,GitHub/alexcrichton/toml-rs,1
2018-08-01,46027,2910,GitHub/alexcrichton/toml-rs,1
2018-08-01,46027,2912,GitHub/alexcrichton/toml-rs,1
2018-08-01,46178,233,GitHub/rust-lang-nursery/lazy-static.rs,1
2018-08-01,46178,3364,GitHub/rust-lang-nursery/lazy-static.rs,5
2018-08-01,46178,4625,GitHub/rust-lang-nursery/lazy-static.rs,1
2018-08-01,46178,3044,GitHub/rust-lang-nursery/lazy-static.rs,6
2018-08-01,46178,4626,GitHub/rust-lang-nursery/lazy-static.rs,1
2018-08-01,46178,2912,GitHub/rust-lang-nursery/lazy-static.rs,6
2018-08-01,49075,4507,GitHub/rust-lang/pkg-config-rs,2
2018-08-01,49075,209,GitHub/rust-lang/pkg-config-rs,1
2018-08-01,49075,3741,GitHub/rust-lang/pkg-config-rs,3
2018-08-01,49075,3690,GitHub/rust-lang/pkg-config-rs,1
2018-08-01,49075,2900,GitHub/rust-lang/pkg-config-rs,1
2018-08-01,49075,2867,GitHub/rust-lang/pkg-config-rs,12
2018-08-01,49075,3194,GitHub/rust-lang/pkg-config-rs,3
2018-08-01,49075,2909,GitHub/rust-lang/pkg-config-rs,1
2018-08-01,49075,4512,GitHub/rust-lang/pkg-config-rs,1
2018-08-01,52462,3422,GitHub/Frommi/miniz_oxide,1
2018-08-01,52462,898,GitHub/Frommi/miniz_oxide,16
2018-08-01,52462,3636,GitHub/Frommi/miniz_oxide,14
2018-08-01,52462,3641,GitHub/Frommi/miniz_oxide,2
2018-08-01,52462,2890,GitHub/Frommi/miniz_oxide,7
2018-08-01,52462,3458,GitHub/Frommi/miniz_oxide,1
2018-08-01,52462,3644,GitHub/Frommi/miniz_oxide,2
2018-08-01,52462,3097,GitHub/Frommi/miniz_oxide,1
2018-08-01,52465,3607,GitHub/fizyk20/generic-array,15
2018-08-01,52465,877,GitHub/fizyk20/generic-array,1
2018-08-01,52465,3606,GitHub/fizyk20/generic-array,13
2018-08-01,52465,3380,GitHub/fizyk20/generic-array,1
2018-08-01,52465,3613,GitHub/fizyk20/generic-array,1
2018-09-01,602,4988,GitHub/unicode-rs/unicode-segmentation,4
2018-09-01,602,3173,GitHub/unicode-rs/unicode-segmentation,3
2018-09-01,602,4540,GitHub/unicode-rs/unicode-segmentation,1
2018-09-01,626,3894,GitHub/hyperium/http,1
2018-09-01,626,3896,GitHub/hyperium/http,1
2018-09-01,626,3892,GitHub/hyperium/http,1
2018-09-01,626,3895,GitHub/hyperium/http,1
2018-09-01,626,3899,GitHub/hyperium/http,1
2018-09-01,626,3051,GitHub/hyperium/http,1
2018-09-01,626,3878,GitHub/hyperium/http,21
2018-09-01,626,3898,GitHub/hyperium/http,3
2018-09-01,626,2945,GitHub/hyperium/http,1
2018-09-01,626,2927,GitHub/hyperium/http,1
2018-09-01,626,209,GitHub/hyperium/http,3
2018-09-01,626,3433,GitHub/hyperium/http,10
2018-09-01,626,3893,GitHub/hyperium/http,1
2018-09-01,626,3522,GitHub/hyperium/http,1
2018-09-01,626,3897,GitHub/hyperium/http,1
2018-09-01,3509,4538,GitHub/unicode-rs/unicode-width,3
2018-09-01,4484,3043,GitHub/BurntSushi/byteorder,12
2018-09-01,4484,3191,GitHub/BurntSushi/byteorder,1
2018-09-01,4484,3188,GitHub/BurntSushi/byteorder,1
2018-09-01,4484,3190,GitHub/BurntSushi/byteorder,3
2018-09-01,4484,3192,GitHub/BurntSushi/byteorder,1
2018-09-01,4484,209,GitHub/BurntSushi/byteorder,1
2018-09-01,4484,2975,GitHub/BurntSushi/byteorder,2
2018-09-01,4486,3193,GitHub/contain-rs/vec-map,3
2018-09-01,4486,586,GitHub/contain-rs/vec-map,2
2018-09-01,4486,3183,GitHub/contain-rs/vec-map,2
2018-09-01,4733,3592,GitHub/dtolnay/syn,1
2018-09-01,4733,2343,GitHub/dtolnay/syn,1
2018-09-01,4733,3595,GitHub/dtolnay/syn,1
2018-09-01,4733,2867,GitHub/dtolnay/syn,18
2018-09-01,4733,2912,GitHub/dtolnay/syn,499
2018-09-01,4733,3505,GitHub/dtolnay/syn,1
2018-09-01,4733,3593,GitHub/dtolnay/syn,1
2018-09-01,4733,3031,GitHub/dtolnay/syn,1
2018-09-01,4733,3594,GitHub/dtolnay/syn,1
2018-09-01,4733,2992,GitHub/dtolnay/syn,1
2018-09-01,4733,3573,GitHub/dtolnay/syn,1
2018-09-01,4733,1228,GitHub/dtolnay/syn,3
2018-09-01,4733,3516,GitHub/dtolnay/syn,4
2018-09-01,4733,3590,GitHub/dtolnay/syn,10
2018-09-01,4733,3591,GitHub/dtolnay/syn,3
2018-09-01,4733,2983,GitHub/dtolnay/syn,1
2018-09-01,4733,3025,GitHub/dtolnay/syn,1
2018-09-01,4733,3097,GitHub/dtolnay/syn,1
2018-09-01,4733,3021,GitHub/dtolnay/syn,2
2018-09-01,4733,2985,GitHub/dtolnay/syn,2
2018-09-01,6681,3472,GitHub/djc/rustc-version-rs,7
2018-09-01,6681,3474,GitHub/djc/rustc-version-rs,1
2018-09-01,6681,3475,GitHub/djc/rustc-version-rs,1
2018-09-01,7322,4803,GitHub/servo/rust-smallvec,1
2018-09-01,7322,2988,GitHub/servo/rust-smallvec,17
2018-09-01,7322,4802,GitHub/servo/rust-smallvec,3
2018-09-01,7322,4804,GitHub/servo/rust-smallvec,7
2018-09-01,7322,2968,GitHub/servo/rust-smallvec,1
2018-09-01,7322,3632,GitHub/servo/rust-smallvec,1
2018-09-01,7322,4805,GitHub/servo/rust-smallvec,2
2018-09-01,7322,233,GitHub/servo/rust-smallvec,1
2018-09-01,7322,2991,GitHub/servo/rust-smallvec,3
2018-09-01,7322,3042,GitHub/servo/rust-smallvec,6
2018-09-01,7415,3170,GitHub/BurntSushi/aho-corasick,2
2018-09-01,7415,3180,GitHub/BurntSushi/aho-corasick,3
2018-09-01,7415,209,GitHub/BurntSushi/aho-corasick,2
2018-09-01,7415,204,GitHub/BurntSushi/aho-corasick,5
2018-09-01,7415,2975,GitHub/BurntSushi/aho-corasick,1
2018-09-01,7415,3043,GitHub/BurntSushi/aho-corasick,12
2018-09-01,7415,3183,GitHub/BurntSushi/aho-corasick,1
2018-09-01,12228,4722,GitHub/seanmonstar/httparse,2
2018-09-01,12228,3878,GitHub/seanmonstar/httparse,22
2018-09-01,12266,3053,GitHub/bitflags/bitflags,2
2018-09-01,12266,233,GitHub/bitflags/bitflags,1
2018-09-01,12266,3063,GitHub/bitflags/bitflags,1
2018-09-01,12266,3044,GitHub/bitflags/bitflags,3
2018-09-01,12266,3062,GitHub/bitflags/bitflags,1
2018-09-01,12266,1228,GitHub/bitflags/bitflags,1
2018-09-01,12266,3065,GitHub/bitflags/bitflags,1
2018-09-01,12266,2912,GitHub/bitflags/bitflags,16
2018-09-01,12842,3433,GitHub/tokio-rs/slab,2
2018-09-01,12842,3092,GitHub/tokio-rs/slab,1
2018-09-01,14306,3025,GitHub/rust-num/num-integer,16
2018-09-01,16183,4234,GitHub/rust-lang/cc-rs,1
2018-09-01,16183,3025,GitHub/rust-lang/cc-rs,3
2018-09-01,16183,1526,GitHub/rust-lang/cc-rs,1
2018-09-01,16183,1643,GitHub/rust-lang/cc-rs,2
2018-09-01,16183,3114,GitHub/rust-lang/cc-rs,3
2018-09-01,16183,378,GitHub/rust-lang/cc-rs,1
2018-09-01,16183,3690,GitHub/rust-lang/cc-rs,2
2018-09-01,16183,4232,GitHub/rust-lang/cc-rs,3
2018-09-01,16183,4133,GitHub/rust-lang/cc-rs,5
2018-09-01,16183,4235,GitHub/rust-lang/cc-rs,2
2018-09-01,16183,2909,GitHub/rust-lang/cc-rs,2
2018-09-01,16183,2867,GitHub/rust-lang/cc-rs,68
2018-09-01,16183,4063,GitHub/rust-lang/cc-rs,1
2018-09-01,16183,3294,GitHub/rust-lang/cc-rs,1
2018-09-01,16183,2982,GitHub/rust-lang/cc-rs,2
2018-09-01,16183,3436,GitHub/rust-lang/cc-rs,1
2018-09-01,16183,4229,GitHub/rust-lang/cc-rs,3
2018-09-01,16183,4136,GitHub/rust-lang/cc-rs,1
2018-09-01,16183,2994,GitHub/rust-lang/cc-rs,2
2018-09-01,16183,4134,GitHub/rust-lang/cc-rs,1
2018-09-01,16183,4154,GitHub/rust-lang/cc-rs,1
2018-09-01,16183,4135,GitHub/rust-lang/cc-rs,1
2018-09-01,16183,3413,GitHub/rust-lang/cc-rs,1
2018-09-01,16183,4236,GitHub/rust-lang/cc-rs,1
2018-09-01,16183,4132,GitHub/rust-lang/cc-rs,1
2018-09-01,16183,4231,GitHub/rust-lang/cc-rs,2
2018-09-01,16259,4690,GitHub/rust-num/num-traits,1
2018-09-01,16259,3380,GitHub/rust-num/num-traits,16
2018-09-01,16259,2931,GitHub/rust-num/num-traits,9
2018-09-01,16259,4688,GitHub/rust-num/num-traits,1
2018-09-01,16259,4698,GitHub/rust-num/num-traits,5
2018-09-01,16259,4689,GitHub/rust-num/num-traits,6
2018-09-01,16259,2874,GitHub/rust-num/num-traits,10
2018-09-01,16259,4691,GitHub/rust-num/num-traits,2
2018-09-01,16259,3025,GitHub/rust-num/num-traits,66
2018-09-01,16259,4403,GitHub/rust-num/num-traits,1
2018-09-01,16259,4683,GitHub/rust-num/num-traits,1
2018-09-01,16259,2217,GitHub/rust-num/num-traits,2
2018-09-01,16259,2936,GitHub/rust-num/num-traits,1
2018-09-01,16259,3192,GitHub/rust-num/num-traits,1
2018-09-01,16492,1252,GitHub/tokio-rs/bytes,1
2018-09-01,16492,4476,GitHub/tokio-rs/bytes,1
2018-09-01,16492,3044,GitHub/tokio-rs/bytes,1
2018-09-01,16492,4959,GitHub/tokio-rs/bytes,3
2018-09-01,16492,3031,GitHub/tokio-rs/bytes,1
2018-09-01,16492,4956,GitHub/tokio-rs/bytes,2
2018-09-01,16492,4287,GitHub/tokio-rs/bytes,4
2018-09-01,16492,4960,GitHub/tokio-rs/bytes,2
2018-09-01,16492,4958,GitHub/tokio-rs/bytes,2
2018-09-01,16492,3878,GitHub/tokio-rs/bytes,5
2018-09-01,16492,4957,GitHub/tokio-rs/bytes,1
2018-09-01,16492,3433,GitHub/tokio-rs/bytes,21
2018-09-01,16492,3147,GitHub/tokio-rs/bytes,1
2018-09-01,16492,3312,GitHub/tokio-rs/bytes,2
2018-09-01,17630,3025,GitHub/bluss/either,1
2018-09-01,17630,268,GitHub/bluss/either,4
2018-09-01,17630,1246,GitHub/bluss/either,4
2018-09-01,17721,2970,GitHub/matklad/once_cell,30
2018-09-01,17721,1309,GitHub/matklad/once_cell,2
2018-09-01,18006,3419,GitHub/crossbeam-rs/crossbeam,1
2018-09-01,18006,658,GitHub/crossbeam-rs/crossbeam,1
2018-09-01,18006,3421,GitHub/crossbeam-rs/crossbeam,1
2018-09-01,18006,209,GitHub/crossbeam-rs/crossbeam,2
2018-09-01,18006,3420,GitHub/crossbeam-rs/crossbeam,2
2018-09-01,18006,3417,GitHub/crossbeam-rs/crossbeam,1
2018-09-01,18006,3312,GitHub/crossbeam-rs/crossbeam,1
2018-09-01,18006,3242,GitHub/crossbeam-rs/crossbeam,2
2018-09-01,18006,3096,GitHub/crossbeam-rs/crossbeam,27
2018-09-01,18006,2968,GitHub/crossbeam-rs/crossbeam,15
2018-09-01,18006,353,GitHub/crossbeam-rs/crossbeam,279
2018-09-01,18006,665,GitHub/crossbeam-rs/crossbeam,2
2018-09-01,18006,3418,GitHub/crossbeam-rs/crossbeam,1
2018-09-01,18006,3170,GitHub/crossbeam-rs/crossbeam,2
2018-09-01,18006,3042,GitHub/crossbeam-rs/crossbeam,1
2018-09-01,18006,233,GitHub/crossbeam-rs/crossbeam,6
2018-09-01,18006,3186,GitHub/crossbeam-rs/crossbeam,1
2018-09-01,18006,659,GitHub/crossbeam-rs/crossbeam,1
2018-09-01,18006,3422,GitHub/crossbeam-rs/crossbeam,1
2018-09-01,18006,3413,GitHub/crossbeam-rs/crossbeam,1
2018-09-01,19184,3167,GitHub/bluss/scopeguard,6
2018-09-01,20410,2872,GitHub/mgeisler/textwrap,48
2018-09-01,20410,3980,GitHub/mgeisler/textwrap,5
2018-09-01,20410,3979,GitHub/mgeisler/textwrap,1
2018-09-01,20699,155,GitHub/Amanieu/parking_lot,1
2018-09-01,20699,2980,GitHub/Amanieu/parking_lot,1
2018-09-01,20699,2984,GitHub/Amanieu/parking_lot,1
2018-09-01,20699,2985,GitHub/Amanieu/parking_lot,1
2018-09-01,20699,2982,GitHub/Amanieu/parking_lot,1
2018-09-01,20699,2979,GitHub/Amanieu/parking_lot,1
2018-09-01,20699,2867,GitHub/Amanieu/parking_lot,1
2018-09-01,20699,2978,GitHub/Amanieu/parking_lot,1
2018-09-01,20699,2968,GitHub/Amanieu/parking_lot,56
2018-09-01,20699,2981,GitHub/Amanieu/parking_lot,3
2018-09-01,20699,2916,GitHub/Amanieu/parking_lot,2
2018-09-01,20699,2976,GitHub/Amanieu/parking_lot,1
2018-09-01,20699,138,GitHub/Amanieu/parking_lot,2
2018-09-01,20699,2983,GitHub/Amanieu/parking_lot,1
2018-09-01,20699,2977,GitHub/Amanieu/parking_lot,1
2018-09-01,20949,3217,GitHub/Geal/nom,1
2018-09-01,20949,3710,GitHub/Geal/nom,5
2018-09-01,20949,1015,GitHub/Geal/nom,1
2018-09-01,20949,3588,GitHub/Geal/nom,3
2018-09-01,20949,3728,GitHub/Geal/nom,1
2018-09-01,20949,3715,GitHub/Geal/nom,1
2018-09-01,20949,3108,GitHub/Geal/nom,1
2018-09-01,20949,3714,GitHub/Geal/nom,1
2018-09-01,20949,3139,GitHub/Geal/nom,2
2018-09-01,20949,3734,GitHub/Geal/nom,1
2018-09-01,20949,3723,GitHub/Geal/nom,1
2018-09-01,20949,3112,GitHub/Geal/nom,1
2018-09-01,20949,3716,GitHub/Geal/nom,1
2018-09-01,20949,3719,GitHub/Geal/nom,1
2018-09-01,20949,3718,GitHub/Geal/nom,1
2018-09-01,20949,3737,GitHub/Geal/nom,1
2018-09-01,20949,3725,GitHub/Geal/nom,1
2018-09-01,20949,3713,GitHub/Geal/nom,2
2018-09-01,20949,981,GitHub/Geal/nom,1
2018-09-01,20949,3712,GitHub/Geal/nom,1
2018-09-01,20949,3665,GitHub/Geal/nom,1
2018-09-01,20949,3733,GitHub/Geal/nom,2
2018-09-01,20949,2873,GitHub/Geal/nom,1
2018-09-01,20949,3726,GitHub/Geal/nom,6
2018-09-01,20949,3736,GitHub/Geal/nom,1
2018-09-01,20949,3255,GitHub/Geal/nom,1
2018-09-01,20949,3422,GitHub/Geal/nom,1
2018-09-01,20949,3738,GitHub/Geal/nom,2
2018-09-01,20949,3724,GitHub/Geal/nom,1
2018-09-01,20949,3632,GitHub/Geal/nom,1
2018-09-01,20949,3730,GitHub/Geal/nom,4
2018-09-01,20949,3735,GitHub/Geal/nom,1
2018-09-01,20949,3729,GitHub/Geal/nom,1
2018-09-01,20949,3732,GitHub/Geal/nom,1
2018-09-01,20949,3502,GitHub/Geal/nom,1
2018-09-01,20949,3534,GitHub/Geal/nom,196
2018-09-01,20949,3721,GitHub/Geal/nom,1
2018-09-01,20949,1011,GitHub/Geal/nom,4
2018-09-01,20949,3224,GitHub/Geal/nom,1
2018-09-01,20949,1004,GitHub/Geal/nom,1
2018-09-01,20949,3720,GitHub/Geal/nom,1
2018-09-01,20949,3709,GitHub/Geal/nom,2
2018-09-01,20949,3214,GitHub/Geal/nom,5
2018-09-01,20949,3727,GitHub/Geal/nom,2
2018-09-01,20949,3063,GitHub/Geal/nom,4
2018-09-01,20949,3717,GitHub/Geal/nom,3
2018-09-01,21282,3096,GitHub/bluss/arrayvec,1
2018-09-01,21282,3114,GitHub/bluss/arrayvec,1
2018-09-01,21282,268,GitHub/bluss/arrayvec,13
2018-09-01,21445,1272,GitHub/marshallpierce/rust-base64,5
2018-09-01,21445,209,GitHub/marshallpierce/rust-base64,1
2018-09-01,21445,1281,GitHub/marshallpierce/rust-base64,16
2018-09-01,21445,3933,GitHub/marshallpierce/rust-base64,1
2018-09-01,21445,3934,GitHub/marshallpierce/rust-base64,1
2018-09-01,21445,1273,GitHub/marshallpierce/rust-base64,2
2018-09-01,21445,3713,GitHub/marshallpierce/rust-base64,1
2018-09-01,21445,3718,GitHub/marshallpierce/rust-base64,1
2018-09-01,21445,3097,GitHub/marshallpierce/rust-base64,1
2018-09-01,22724,3741,GitHub/rust-lang/log,1
2018-09-01,22724,233,GitHub/rust-lang/log,1
2018-09-01,22724,4475,GitHub/rust-lang/log,2
2018-09-01,22724,2912,GitHub/rust-lang/log,2
2018-09-01,22724,3969,GitHub/rust-lang/log,2
2018-09-01,22724,2867,GitHub/rust-lang/log,2
2018-09-01,22724,2945,GitHub/rust-lang/log,11
2018-09-01,22724,3403,GitHub/rust-lang/log,1
2018-09-01,22724,2968,GitHub/rust-lang/log,2
2018-09-01,22724,3044,GitHub/rust-lang/log,3
2018-09-01,22724,4476,GitHub/rust-lang/log,2
2018-09-01,22724,3633,GitHub/rust-lang/log,2
2018-09-01,22804,2867,GitHub/alexcrichton/cfg-if,6
2018-09-01,22804,2873,GitHub/alexcrichton/cfg-if,2
2018-09-01,23287,268,GitHub/rust-itertools/itertools,32
2018-09-01,23287,4054,GitHub/rust-itertools/itertools,2
2018-09-01,23287,4053,GitHub/rust-itertools/itertools,1
2018-09-01,23287,4056,GitHub/rust-itertools/itertools,5
2018-09-01,23287,3185,GitHub/rust-itertools/itertools,1
2018-09-01,23287,2927,GitHub/rust-itertools/itertools,1
2018-09-01,23287,1431,GitHub/rust-itertools/itertools,5
2018-09-01,23287,2970,GitHub/rust-itertools/itertools,1
2018-09-01,23287,4055,GitHub/rust-itertools/itertools,1
2018-09-01,24440,496,GitHub/ogham/rust-ansi-term,8
2018-09-01,24440,1343,GitHub/ogham/rust-ansi-term,2
2018-09-01,24440,3987,GitHub/ogham/rust-ansi-term,1
2018-09-01,24440,2975,GitHub/ogham/rust-ansi-term,4
2018-09-01,24440,3990,GitHub/ogham/rust-ansi-term,1
2018-09-01,24440,3988,GitHub/ogham/rust-ansi-term,1
2018-09-01,24440,3989,GitHub/ogham/rust-ansi-term,1
2018-09-01,24455,65,GitHub/serde-rs/json,1
2018-09-01,24455,4765,GitHub/serde-rs/json,1
2018-09-01,24455,3025,GitHub/serde-rs/json,1
2018-09-01,24455,4764,GitHub/serde-rs/json,2
2018-09-01,24455,760,GitHub/serde-rs/json,2
2018-09-01,24455,2985,GitHub/serde-rs/json,1
2018-09-01,24455,2912,GitHub/serde-rs/json,90
2018-09-01,24455,4254,GitHub/serde-rs/json,2
2018-09-01,24455,4762,GitHub/serde-rs/json,3
2018-09-01,24455,3891,GitHub/serde-rs/json,1
2018-09-01,24455,3094,GitHub/serde-rs/json,1
2018-09-01,24455,2310,GitHub/serde-rs/json,1
2018-09-01,24455,4315,GitHub/serde-rs/json,1
2018-09-01,25976,3041,GitHub/rust-lang/regex,1
2018-09-01,25976,155,GitHub/rust-lang/regex,1
2018-09-01,25976,3502,GitHub/rust-lang/regex,1
2018-09-01,25976,3025,GitHub/rust-lang/regex,1
2018-09-01,25976,4545,GitHub/rust-lang/regex,2
2018-09-01,25976,4581,GitHub/rust-lang/regex,1
2018-09-01,25976,4579,GitHub/rust-lang/regex,1
2018-09-01,25976,3637,GitHub/rust-lang/regex,1
2018-09-01,25976,4583,GitHub/rust-lang/regex,1
2018-09-01,25976,3043,GitHub/rust-lang/regex,93
2018-09-01,25976,4580,GitHub/rust-lang/regex,1
2018-09-01,25976,423,GitHub/rust-lang/regex,6
2018-09-01,25976,2988,GitHub/rust-lang/regex,1
2018-09-01,25976,4582,GitHub/rust-lang/regex,3
2018-09-01,25976,3571,GitHub/rust-lang/regex,1
2018-09-01,25976,233,GitHub/rust-lang/regex,2
2018-09-01,26074,4005,GitHub/paholg/typenum,2
2018-09-01,26074,3438,GitHub/paholg/typenum,2
2018-09-01,26074,3614,GitHub/paholg/typenum,11
2018-09-01,28336,4022,GitHub/RustCrypto/traits,1
2018-09-01,28336,3189,GitHub/RustCrypto/traits,8
2018-09-01,28336,1382,GitHub/RustCrypto/traits,3
2018-09-01,28705,3463,GitHub/dguo/strsim-rs,1
2018-09-01,28705,3464,GitHub/dguo/strsim-rs,1
2018-09-01,28705,3462,GitHub/dguo/strsim-rs,1
2018-09-01,28705,707,GitHub/dguo/strsim-rs,4
2018-09-01,28705,3465,GitHub/dguo/strsim-rs,1
2018-09-01,30968,2343,GitHub/SergioBenitez/version_check,3
2018-09-01,32560,3043,GitHub/BurntSushi/memchr,8
2018-09-01,32560,209,GitHub/BurntSushi/memchr,2
2018-09-01,32560,2975,GitHub/BurntSushi/memchr,4
2018-09-01,32560,3212,GitHub/BurntSushi/memchr,1
2018-09-01,33435,2912,GitHub/dtolnay/itoa,12
2018-09-01,33435,3492,GitHub/dtolnay/itoa,4
2018-09-01,33435,3217,GitHub/dtolnay/itoa,4
2018-09-01,34191,3189,GitHub/RustCrypto/utils,20
2018-09-01,34191,3448,GitHub/RustCrypto/utils,1
2018-09-01,34191,532,GitHub/RustCrypto/utils,1
2018-09-01,34831,3389,GitHub/rust-lang/futures-rs,2
2018-09-01,34831,4314,GitHub/rust-lang/futures-rs,1
2018-09-01,34831,1743,GitHub/rust-lang/futures-rs,37
2018-09-01,34831,2927,GitHub/rust-lang/futures-rs,1
2018-09-01,34831,4416,GitHub/rust-lang/futures-rs,7
2018-09-01,34831,3145,GitHub/rust-lang/futures-rs,2
2018-09-01,34831,353,GitHub/rust-lang/futures-rs,1
2018-09-01,34831,3637,GitHub/rust-lang/futures-rs,4
2018-09-01,34831,2970,GitHub/rust-lang/futures-rs,3
2018-09-01,34831,4259,GitHub/rust-lang/futures-rs,2
2018-09-01,34831,1725,GitHub/rust-lang/futures-rs,1
2018-09-01,34831,4247,GitHub/rust-lang/futures-rs,254
2018-09-01,34831,1872,GitHub/rust-lang/futures-rs,8
2018-09-01,34831,4289,GitHub/rust-lang/futures-rs,2
2018-09-01,34831,4255,GitHub/rust-lang/futures-rs,2
2018-09-01,34831,4256,GitHub/rust-lang/futures-rs,1
2018-09-01,34831,2980,GitHub/rust-lang/futures-rs,1
2018-09-01,34831,4288,GitHub/rust-lang/futures-rs,3
2018-09-01,34831,4321,GitHub/rust-lang/futures-rs,1
2018-09-01,34831,3312,GitHub/rust-lang/futures-rs,3
2018-09-01,34831,4250,GitHub/rust-lang/futures-rs,1
2018-09-01,34831,2867,GitHub/rust-lang/futures-rs,93
2018-09-01,34831,3878,GitHub/rust-lang/futures-rs,12
2018-09-01,34831,4258,GitHub/rust-lang/futures-rs,3
2018-09-01,34831,3318,GitHub/rust-lang/futures-rs,1
2018-09-01,34831,4325,GitHub/rust-lang/futures-rs,3
2018-09-01,34831,3435,GitHub/rust-lang/futures-rs,1
2018-09-01,34831,4323,GitHub/rust-lang/futures-rs,8
2018-09-01,34831,3180,GitHub/rust-lang/futures-rs,1
2018-09-01,34831,3427,GitHub/rust-lang/futures-rs,84
2018-09-01,34831,3438,GitHub/rust-lang/futures-rs,1
2018-09-01,34831,4326,GitHub/rust-lang/futures-rs,2
2018-09-01,34831,3860,GitHub/rust-lang/futures-rs,3
2018-09-01,34831,4252,GitHub/rust-lang/futures-rs,4
2018-09-01,34831,4313,GitHub/rust-lang/futures-rs,6
2018-09-01,34831,3502,GitHub/rust-lang/futures-rs,78
2018-09-01,34831,3268,GitHub/rust-lang/futures-rs,3
2018-09-01,34831,3581,GitHub/rust-lang/futures-rs,151
2018-09-01,34831,4317,GitHub/rust-lang/futures-rs,1
2018-09-01,34831,4251,GitHub/rust-lang/futures-rs,1
2018-09-01,34831,4329,GitHub/rust-lang/futures-rs,1
2018-09-01,34831,3194,GitHub/rust-lang/futures-rs,7
2018-09-01,34831,4322,GitHub/rust-lang/futures-rs,1
2018-09-01,34831,4246,GitHub/rust-lang/futures-rs,2
2018-09-01,34831,4324,GitHub/rust-lang/futures-rs,1
2018-09-01,34831,4253,GitHub/rust-lang/futures-rs,1
2018-09-01,34831,4257,GitHub/rust-lang/futures-rs,1
2018-09-01,34831,1662,GitHub/rust-lang/futures-rs,1
2018-09-01,34831,2988,GitHub/rust-lang/futures-rs,1
2018-09-01,34831,4254,GitHub/rust-lang/futures-rs,1
2018-09-01,34831,209,GitHub/rust-lang/futures-rs,1
2018-09-01,34831,4421,GitHub/rust-lang/futures-rs,10
2018-09-01,34831,1228,GitHub/rust-lang/futures-rs,6
2018-09-01,34831,4319,GitHub/rust-lang/futures-rs,2
2018-09-01,34831,1755,GitHub/rust-lang/futures-rs,1
2018-09-01,34831,3761,GitHub/rust-lang/futures-rs,1
2018-09-01,34831,4055,GitHub/rust-lang/futures-rs,1
2018-09-01,34831,3505,GitHub/rust-lang/futures-rs,1
2018-09-01,34831,4320,GitHub/rust-lang/futures-rs,1
2018-09-01,34831,4425,GitHub/rust-lang/futures-rs,3
2018-09-01,34831,4316,GitHub/rust-lang/futures-rs,2
2018-09-01,34831,1666,GitHub/rust-lang/futures-rs,2
2018-09-01,34831,4330,GitHub/rust-lang/futures-rs,1
2018-09-01,34831,4327,GitHub/rust-lang/futures-rs,1
2018-09-01,34831,3433,GitHub/rust-lang/futures-rs,20
2018-09-01,34831,4328,GitHub/rust-lang/futures-rs,1
2018-09-01,34831,3032,GitHub/rust-lang/futures-rs,2
2018-09-01,34831,4065,GitHub/rust-lang/futures-rs,6
2018-09-01,34831,1836,GitHub/rust-lang/futures-rs,1
2018-09-01,34831,4249,GitHub/rust-lang/futures-rs,2
2018-09-01,34831,3428,GitHub/rust-lang/futures-rs,1
2018-09-01,34831,4415,GitHub/rust-lang/futures-rs,18
2018-09-01,34831,4315,GitHub/rust-lang/futures-rs,1
2018-09-01,35574,3741,GitHub/unicode-rs/unicode-normalization,2
2018-09-01,35574,2867,GitHub/unicode-rs/unicode-normalization,1
2018-09-01,35574,155,GitHub/unicode-rs/unicode-normalization,1
2018-09-01,35574,3173,GitHub/unicode-rs/unicode-normalization,1
2018-09-01,35574,4979,GitHub/unicode-rs/unicode-normalization,14
2018-09-01,35737,3025,GitHub/cuviper/autocfg,1
2018-09-01,36114,3173,GitHub/SimonSapin/rust-std-candidates,1
2018-09-01,36114,3413,GitHub/SimonSapin/rust-std-candidates,8
2018-09-01,36424,2950,GitHub/steveklabnik/semver-parser,14
2018-09-01,36424,3651,GitHub/steveklabnik/semver-parser,1
2018-09-01,37083,353,GitHub/BurntSushi/termcolor,1
2018-09-01,37083,3235,GitHub/BurntSushi/termcolor,1
2018-09-01,37083,3251,GitHub/BurntSushi/termcolor,1
2018-09-01,37083,2881,GitHub/BurntSushi/termcolor,1
2018-09-01,37083,3241,GitHub/BurntSushi/termcolor,1
2018-09-01,37083,3246,GitHub/BurntSushi/termcolor,1
2018-09-01,37083,3257,GitHub/BurntSushi/termcolor,1
2018-09-01,37083,3230,GitHub/BurntSushi/termcolor,1
2018-09-01,37083,3242,GitHub/BurntSushi/termcolor,1
2018-09-01,37083,3264,GitHub/BurntSushi/termcolor,1
2018-09-01,37083,453,GitHub/BurntSushi/termcolor,1
2018-09-01,37083,470,GitHub/BurntSushi/termcolor,2
2018-09-01,37083,3258,GitHub/BurntSushi/termcolor,1
2018-09-01,37083,2914,GitHub/BurntSushi/termcolor,1
2018-09-01,37083,209,GitHub/BurntSushi/termcolor,1
2018-09-01,37083,3263,GitHub/BurntSushi/termcolor,1
2018-09-01,37083,3247,GitHub/BurntSushi/termcolor,1
2018-09-01,37083,3250,GitHub/BurntSushi/termcolor,1
2018-09-01,37083,3248,GitHub/BurntSushi/termcolor,1
2018-09-01,37083,3238,GitHub/BurntSushi/termcolor,1
2018-09-01,37083,3262,GitHub/BurntSushi/termcolor,1
2018-09-01,37083,3245,GitHub/BurntSushi/termcolor,1
2018-09-01,37083,3097,GitHub/BurntSushi/termcolor,4
2018-09-01,37083,3180,GitHub/BurntSushi/termcolor,1
2018-09-01,37083,3249,GitHub/BurntSushi/termcolor,1
2018-09-01,37083,3147,GitHub/BurntSushi/termcolor,1
2018-09-01,37083,3256,GitHub/BurntSushi/termcolor,1
2018-09-01,37083,3042,GitHub/BurntSushi/termcolor,1
2018-09-01,37083,466,GitHub/BurntSushi/termcolor,1
2018-09-01,37083,3261,GitHub/BurntSushi/termcolor,1
2018-09-01,37083,3240,GitHub/BurntSushi/termcolor,1
2018-09-01,37083,473,GitHub/BurntSushi/termcolor,2
2018-09-01,37083,3267,GitHub/BurntSushi/termcolor,1
2018-09-01,37083,2985,GitHub/BurntSushi/termcolor,1
2018-09-01,37083,2875,GitHub/BurntSushi/termcolor,1
2018-09-01,37083,472,GitHub/BurntSushi/termcolor,1
2018-09-01,37083,3236,GitHub/BurntSushi/termcolor,1
2018-09-01,37083,3259,GitHub/BurntSushi/termcolor,1
2018-09-01,37083,457,GitHub/BurntSushi/termcolor,2
2018-09-01,37083,3234,GitHub/BurntSushi/termcolor,2
2018-09-01,37083,3254,GitHub/BurntSushi/termcolor,1
2018-09-01,37083,3233,GitHub/BurntSushi/termcolor,1
2018-09-01,37083,3255,GitHub/BurntSushi/termcolor,1
2018-09-01,37083,3243,GitHub/BurntSushi/termcolor,1
2018-09-01,37083,3265,GitHub/BurntSushi/termcolor,2
2018-09-01,37083,454,GitHub/BurntSushi/termcolor,1
2018-09-01,37083,3253,GitHub/BurntSushi/termcolor,2
2018-09-01,37083,3232,GitHub/BurntSushi/termcolor,8
2018-09-01,37083,3260,GitHub/BurntSushi/termcolor,1
2018-09-01,37083,3043,GitHub/BurntSushi/termcolor,124
2018-09-01,37083,3252,GitHub/BurntSushi/termcolor,10
2018-09-01,37083,3237,GitHub/BurntSushi/termcolor,1
2018-09-01,37083,3239,GitHub/BurntSushi/termcolor,1
2018-09-01,37083,460,GitHub/BurntSushi/termcolor,1
2018-09-01,37101,1198,GitHub/Gilnaa/memoffset,3
2018-09-01,37101,3096,GitHub/Gilnaa/memoffset,1
2018-09-01,37612,2912,GitHub/dtolnay/quote,70
2018-09-01,37612,3021,GitHub/dtolnay/quote,1
2018-09-01,37612,1228,GitHub/dtolnay/quote,1
2018-09-01,37612,3505,GitHub/dtolnay/quote,1
2018-09-01,37612,2867,GitHub/dtolnay/quote,3
2018-09-01,37612,2983,GitHub/dtolnay/quote,1
2018-09-01,37844,4270,GitHub/softprops/atty,15
2018-09-01,37844,4892,GitHub/softprops/atty,1
2018-09-01,37844,3043,GitHub/softprops/atty,1
2018-09-01,37844,2867,GitHub/softprops/atty,2
2018-09-01,37844,2875,GitHub/softprops/atty,1
2018-09-01,38667,3129,GitHub/bluss/indexmap,2
2018-09-01,38667,3162,GitHub/bluss/indexmap,3
2018-09-01,38667,3145,GitHub/bluss/indexmap,1
2018-09-01,38667,3025,GitHub/bluss/indexmap,5
2018-09-01,38667,268,GitHub/bluss/indexmap,77
2018-09-01,39779,2508,GitHub/time-rs/time,1
2018-09-01,39779,2867,GitHub/time-rs/time,6
2018-09-01,39779,2992,GitHub/time-rs/time,2
2018-09-01,39779,2985,GitHub/time-rs/time,1
2018-09-01,40937,3516,GitHub/dtolnay/semver,2
2018-09-01,40937,2950,GitHub/dtolnay/semver,10
2018-09-01,41752,1252,GitHub/servo/rust-url,2
2018-09-01,41752,3032,GitHub/servo/rust-url,3
2018-09-01,41752,3413,GitHub/servo/rust-url,39
2018-09-01,41752,204,GitHub/servo/rust-url,13
2018-09-01,41957,2912,GitHub/dtolnay/proc-macro2,76
2018-09-01,41957,2343,GitHub/dtolnay/proc-macro2,2
2018-09-01,41957,1228,GitHub/dtolnay/proc-macro2,1
2018-09-01,41957,3021,GitHub/dtolnay/proc-macro2,2
2018-09-01,41957,3506,GitHub/dtolnay/proc-macro2,1
2018-09-01,41957,2867,GitHub/dtolnay/proc-macro2,48
2018-09-01,41957,3505,GitHub/dtolnay/proc-macro2,1
2018-09-01,41957,760,GitHub/dtolnay/proc-macro2,1
2018-09-01,42413,3521,GitHub/dtolnay/ryu,1
2018-09-01,42413,2912,GitHub/dtolnay/ryu,100
2018-09-01,42655,2127,GitHub/rust-lang/socket2,1
2018-09-01,42655,2945,GitHub/rust-lang/socket2,4
2018-09-01,42655,4300,GitHub/rust-lang/socket2,4
2018-09-01,42655,2867,GitHub/rust-lang/socket2,24
2018-09-01,42655,4615,GitHub/rust-lang/socket2,10
2018-09-01,42655,3757,GitHub/rust-lang/socket2,1
2018-09-01,42655,4616,GitHub/rust-lang/socket2,1
2018-09-01,46027,2910,GitHub/alexcrichton/toml-rs,1
2018-09-01,46027,2867,GitHub/alexcrichton/toml-rs,14
2018-09-01,46027,2911,GitHub/alexcrichton/toml-rs,7
2018-09-01,46027,2875,GitHub/alexcrichton/toml-rs,8
2018-09-01,46027,2909,GitHub/alexcrichton/toml-rs,3
2018-09-01,46027,2912,GitHub/alexcrichton/toml-rs,1
2018-09-01,46178,2912,GitHub/rust-lang-nursery/lazy-static.rs,8
2018-09-01,46178,233,GitHub/rust-lang-nursery/lazy-static.rs,1
2018-09-01,46178,4626,GitHub/rust-lang-nursery/lazy-static.rs,1
2018-09-01,46178,4625,GitHub/rust-lang-nursery/lazy-static.rs,1
2018-09-01,46178,3364,GitHub/rust-lang-nursery/lazy-static.rs,5
2018-09-01,46178,3044,GitHub/rust-lang-nursery/lazy-static.rs,10
2018-09-01,49067,2968,GitHub/Amanieu/thread_local-rs,2
2018-09-01,49067,3041,GitHub/Amanieu/thread_local-rs,3
2018-09-01,49075,3741,GitHub/rust-lang/pkg-config-rs,3
2018-09-01,49075,2909,GitHub/rust-lang/pkg-config-rs,1
2018-09-01,49075,209,GitHub/rust-lang/pkg-config-rs,1
2018-09-01,49075,2900,GitHub/rust-lang/pkg-config-rs,1
2018-09-01,49075,4512,GitHub/rust-lang/pkg-config-rs,1
2018-09-01,49075,2867,GitHub/rust-lang/pkg-config-rs,16
2018-09-01,49075,3194,GitHub/rust-lang/pkg-config-rs,4
2018-09-01,49075,3690,GitHub/rust-lang/pkg-config-rs,1
2018-09-01,49075,4507,GitHub/rust-lang/pkg-config-rs,2
2018-09-01,52462,3641,GitHub/Frommi/miniz_oxide,2
2018-09-01,52462,3644,GitHub/Frommi/miniz_oxide,2
2018-09-01,52462,2890,GitHub/Frommi/miniz_oxide,7
2018-09-01,52462,3636,GitHub/Frommi/miniz_oxide,14
2018-09-01,52462,898,GitHub/Frommi/miniz_oxide,16
2018-09-01,52462,3422,GitHub/Frommi/miniz_oxide,1
2018-09-01,52462,3097,GitHub/Frommi/miniz_oxide,1
2018-09-01,52462,3458,GitHub/Frommi/miniz_oxide,1
2018-09-01,52465,3613,GitHub/fizyk20/generic-array,1
2018-09-01,52465,3606,GitHub/fizyk20/generic-array,13
2018-09-01,52465,3380,GitHub/fizyk20/generic-array,1
2018-09-01,52465,3617,GitHub/fizyk20/generic-array,1
2018-09-01,52465,3607,GitHub/fizyk20/generic-array,18
2018-09-01,52465,877,GitHub/fizyk20/generic-array,1
2018-10-01,602,3173,GitHub/unicode-rs/unicode-segmentation,3
2018-10-01,602,3097,GitHub/unicode-rs/unicode-segmentation,1
2018-10-01,602,4988,GitHub/unicode-rs/unicode-segmentation,4
2018-10-01,602,4540,GitHub/unicode-rs/unicode-segmentation,1
2018-10-01,626,3899,GitHub/hyperium/http,1
2018-10-01,626,209,GitHub/hyperium/http,3
2018-10-01,626,3897,GitHub/hyperium/http,1
2018-10-01,626,2927,GitHub/hyperium/http,1
2018-10-01,626,3640,GitHub/hyperium/http,1
2018-10-01,626,3896,GitHub/hyperium/http,1
2018-10-01,626,3522,GitHub/hyperium/http,1
2018-10-01,626,3878,GitHub/hyperium/http,30
2018-10-01,626,3051,GitHub/hyperium/http,1
2018-10-01,626,2945,GitHub/hyperium/http,1
2018-10-01,626,3895,GitHub/hyperium/http,1
2018-10-01,626,3894,GitHub/hyperium/http,1
2018-10-01,626,3032,GitHub/hyperium/http,2
2018-10-01,626,3893,GitHub/hyperium/http,1
2018-10-01,626,3433,GitHub/hyperium/http,10
2018-10-01,626,3891,GitHub/hyperium/http,1
2018-10-01,626,1218,GitHub/hyperium/http,1
2018-10-01,626,3898,GitHub/hyperium/http,3
2018-10-01,626,3892,GitHub/hyperium/http,1
2018-10-01,3509,4538,GitHub/unicode-rs/unicode-width,3
2018-10-01,4484,3191,GitHub/BurntSushi/byteorder,1
2018-10-01,4484,3190,GitHub/BurntSushi/byteorder,3
2018-10-01,4484,209,GitHub/BurntSushi/byteorder,1
2018-10-01,4484,3188,GitHub/BurntSushi/byteorder,1
2018-10-01,4484,2975,GitHub/BurntSushi/byteorder,2
2018-10-01,4484,3043,GitHub/BurntSushi/byteorder,12
2018-10-01,4484,3192,GitHub/BurntSushi/byteorder,1
2018-10-01,4486,3183,GitHub/contain-rs/vec-map,2
2018-10-01,4486,586,GitHub/contain-rs/vec-map,2
2018-10-01,4486,3193,GitHub/contain-rs/vec-map,3
2018-10-01,4733,3505,GitHub/dtolnay/syn,1
2018-10-01,4733,3586,GitHub/dtolnay/syn,1
2018-10-01,4733,2343,GitHub/dtolnay/syn,1
2018-10-01,4733,3589,GitHub/dtolnay/syn,1
2018-10-01,4733,2992,GitHub/dtolnay/syn,1
2018-10-01,4733,3587,GitHub/dtolnay/syn,1
2018-10-01,4733,3588,GitHub/dtolnay/syn,1
2018-10-01,4733,3031,GitHub/dtolnay/syn,1
2018-10-01,4733,3594,GitHub/dtolnay/syn,1
2018-10-01,4733,3595,GitHub/dtolnay/syn,1
2018-10-01,4733,3593,GitHub/dtolnay/syn,1
2018-10-01,4733,3021,GitHub/dtolnay/syn,2
2018-10-01,4733,2867,GitHub/dtolnay/syn,18
2018-10-01,4733,3573,GitHub/dtolnay/syn,1
2018-10-01,4733,3516,GitHub/dtolnay/syn,4
2018-10-01,4733,2983,GitHub/dtolnay/syn,1
2018-10-01,4733,3097,GitHub/dtolnay/syn,1
2018-10-01,4733,2912,GitHub/dtolnay/syn,633
2018-10-01,4733,3590,GitHub/dtolnay/syn,10
2018-10-01,4733,3591,GitHub/dtolnay/syn,3
2018-10-01,4733,3025,GitHub/dtolnay/syn,1
2018-10-01,4733,3592,GitHub/dtolnay/syn,1
2018-10-01,4733,2985,GitHub/dtolnay/syn,2
2018-10-01,4733,1228,GitHub/dtolnay/syn,3
2018-10-01,6681,3472,GitHub/djc/rustc-version-rs,7
2018-10-01,6681,3475,GitHub/djc/rustc-version-rs,1
2018-10-01,6681,3474,GitHub/djc/rustc-version-rs,1
2018-10-01,7322,4804,GitHub/servo/rust-smallvec,7
2018-10-01,7322,233,GitHub/servo/rust-smallvec,1
2018-10-01,7322,3042,GitHub/servo/rust-smallvec,6
2018-10-01,7322,2968,GitHub/servo/rust-smallvec,1
2018-10-01,7322,4805,GitHub/servo/rust-smallvec,2
2018-10-01,7322,2991,GitHub/servo/rust-smallvec,3
2018-10-01,7322,3632,GitHub/servo/rust-smallvec,1
2018-10-01,7322,3640,GitHub/servo/rust-smallvec,1
2018-10-01,7322,4803,GitHub/servo/rust-smallvec,1
2018-10-01,7322,4802,GitHub/servo/rust-smallvec,3
2018-10-01,7322,2988,GitHub/servo/rust-smallvec,18
2018-10-01,7415,3183,GitHub/BurntSushi/aho-corasick,1
2018-10-01,7415,2975,GitHub/BurntSushi/aho-corasick,1
2018-10-01,7415,204,GitHub/BurntSushi/aho-corasick,5
2018-10-01,7415,3043,GitHub/BurntSushi/aho-corasick,12
2018-10-01,7415,3170,GitHub/BurntSushi/aho-corasick,2
2018-10-01,7415,209,GitHub/BurntSushi/aho-corasick,2
2018-10-01,7415,3180,GitHub/BurntSushi/aho-corasick,3
2018-10-01,12228,4721,GitHub/seanmonstar/httparse,1
2018-10-01,12228,4720,GitHub/seanmonstar/httparse,2
2018-10-01,12228,3878,GitHub/seanmonstar/httparse,25
2018-10-01,12228,4722,GitHub/seanmonstar/httparse,2
2018-10-01,12266,3063,GitHub/bitflags/bitflags,1
2018-10-01,12266,3044,GitHub/bitflags/bitflags,3
2018-10-01,12266,3053,GitHub/bitflags/bitflags,2
2018-10-01,12266,3062,GitHub/bitflags/bitflags,1
2018-10-01,12266,233,GitHub/bitflags/bitflags,1
2018-10-01,12266,3065,GitHub/bitflags/bitflags,1
2018-10-01,12266,2912,GitHub/bitflags/bitflags,16
2018-10-01,12266,1228,GitHub/bitflags/bitflags,1
2018-10-01,12842,3092,GitHub/tokio-rs/slab,1
2018-10-01,12842,3433,GitHub/tokio-rs/slab,2
2018-10-01,14306,3025,GitHub/rust-num/num-integer,16
2018-10-01,14306,3527,GitHub/rust-num/num-integer,1
2018-10-01,16183,3066,GitHub/rust-lang/cc-rs,1
2018-10-01,16183,3114,GitHub/rust-lang/cc-rs,3
2018-10-01,16183,3025,GitHub/rust-lang/cc-rs,3
2018-10-01,16183,3436,GitHub/rust-lang/cc-rs,1
2018-10-01,16183,4235,GitHub/rust-lang/cc-rs,2
2018-10-01,16183,3690,GitHub/rust-lang/cc-rs,2
2018-10-01,16183,1526,GitHub/rust-lang/cc-rs,1
2018-10-01,16183,4230,GitHub/rust-lang/cc-rs,2
2018-10-01,16183,1643,GitHub/rust-lang/cc-rs,2
2018-10-01,16183,2994,GitHub/rust-lang/cc-rs,2
2018-10-01,16183,4133,GitHub/rust-lang/cc-rs,5
2018-10-01,16183,4236,GitHub/rust-lang/cc-rs,1
2018-10-01,16183,4232,GitHub/rust-lang/cc-rs,3
2018-10-01,16183,4132,GitHub/rust-lang/cc-rs,1
2018-10-01,16183,3413,GitHub/rust-lang/cc-rs,1
2018-10-01,16183,4134,GitHub/rust-lang/cc-rs,1
2018-10-01,16183,3294,GitHub/rust-lang/cc-rs,2
2018-10-01,16183,4231,GitHub/rust-lang/cc-rs,2
2018-10-01,16183,2909,GitHub/rust-lang/cc-rs,2
2018-10-01,16183,4234,GitHub/rust-lang/cc-rs,1
2018-10-01,16183,4154,GitHub/rust-lang/cc-rs,1
2018-10-01,16183,4136,GitHub/rust-lang/cc-rs,1
2018-10-01,16183,4063,GitHub/rust-lang/cc-rs,1
2018-10-01,16183,4135,GitHub/rust-lang/cc-rs,1
2018-10-01,16183,2867,GitHub/rust-lang/cc-rs,75
2018-10-01,16183,2982,GitHub/rust-lang/cc-rs,2
2018-10-01,16183,378,GitHub/rust-lang/cc-rs,1
2018-10-01,16183,4229,GitHub/rust-lang/cc-rs,3
2018-10-01,16259,4683,GitHub/rust-num/num-traits,1
2018-10-01,16259,4698,GitHub/rust-num/num-traits,5
2018-10-01,16259,4688,GitHub/rust-num/num-traits,1
2018-10-01,16259,4687,GitHub/rust-num/num-traits,1
2018-10-01,16259,4689,GitHub/rust-num/num-traits,6
2018-10-01,16259,4403,GitHub/rust-num/num-traits,1
2018-10-01,16259,2931,GitHub/rust-num/num-traits,9
2018-10-01,16259,2874,GitHub/rust-num/num-traits,10
2018-10-01,16259,4691,GitHub/rust-num/num-traits,2
2018-10-01,16259,2217,GitHub/rust-num/num-traits,2
2018-10-01,16259,3025,GitHub/rust-num/num-traits,67
2018-10-01,16259,4690,GitHub/rust-num/num-traits,1
2018-10-01,16259,2936,GitHub/rust-num/num-traits,1
2018-10-01,16259,3192,GitHub/rust-num/num-traits,1
2018-10-01,16259,3380,GitHub/rust-num/num-traits,16
2018-10-01,16492,4958,GitHub/tokio-rs/bytes,2
2018-10-01,16492,4287,GitHub/tokio-rs/bytes,4
2018-10-01,16492,3147,GitHub/tokio-rs/bytes,1
2018-10-01,16492,3044,GitHub/tokio-rs/bytes,1
2018-10-01,16492,4957,GitHub/tokio-rs/bytes,1
2018-10-01,16492,4960,GitHub/tokio-rs/bytes,2
2018-10-01,16492,3433,GitHub/tokio-rs/bytes,24
2018-10-01,16492,3878,GitHub/tokio-rs/bytes,5
2018-10-01,16492,1252,GitHub/tokio-rs/bytes,1
2018-10-01,16492,3031,GitHub/tokio-rs/bytes,1
2018-10-01,16492,3312,GitHub/tokio-rs/bytes,2
2018-10-01,16492,4959,GitHub/tokio-rs/bytes,3
2018-10-01,16492,3593,GitHub/tokio-rs/bytes,1
2018-10-01,16492,4956,GitHub/tokio-rs/bytes,2
2018-10-01,16492,4476,GitHub/tokio-rs/bytes,1
2018-10-01,17630,1246,GitHub/bluss/either,4
2018-10-01,17630,3025,GitHub/bluss/either,1
2018-10-01,17630,268,GitHub/bluss/either,4
2018-10-01,17721,2970,GitHub/matklad/once_cell,34
2018-10-01,17721,1309,GitHub/matklad/once_cell,2
2018-10-01,18006,665,GitHub/crossbeam-rs/crossbeam,2
2018-10-01,18006,209,GitHub/crossbeam-rs/crossbeam,2
2018-10-01,18006,3421,GitHub/crossbeam-rs/crossbeam,1
2018-10-01,18006,3415,GitHub/crossbeam-rs/crossbeam,8
2018-10-01,18006,3242,GitHub/crossbeam-rs/crossbeam,2
2018-10-01,18006,3416,GitHub/crossbeam-rs/crossbeam,5
2018-10-01,18006,658,GitHub/crossbeam-rs/crossbeam,1
2018-10-01,18006,3170,GitHub/crossbeam-rs/crossbeam,2
2018-10-01,18006,2968,GitHub/crossbeam-rs/crossbeam,15
2018-10-01,18006,3417,GitHub/crossbeam-rs/crossbeam,3
2018-10-01,18006,353,GitHub/crossbeam-rs/crossbeam,326
2018-10-01,18006,659,GitHub/crossbeam-rs/crossbeam,1
2018-10-01,18006,3418,GitHub/crossbeam-rs/crossbeam,1
2018-10-01,18006,3186,GitHub/crossbeam-rs/crossbeam,1
2018-10-01,18006,3420,GitHub/crossbeam-rs/crossbeam,2
2018-10-01,18006,3422,GitHub/crossbeam-rs/crossbeam,1
2018-10-01,18006,3096,GitHub/crossbeam-rs/crossbeam,27
2018-10-01,18006,233,GitHub/crossbeam-rs/crossbeam,6
2018-10-01,18006,3413,GitHub/crossbeam-rs/crossbeam,1
2018-10-01,18006,3419,GitHub/crossbeam-rs/crossbeam,1
2018-10-01,18006,3312,GitHub/crossbeam-rs/crossbeam,1
2018-10-01,18006,3097,GitHub/crossbeam-rs/crossbeam,1
2018-10-01,18006,3042,GitHub/crossbeam-rs/crossbeam,1
2018-10-01,19184,3167,GitHub/bluss/scopeguard,6
2018-10-01,20410,2872,GitHub/mgeisler/textwrap,56
2018-10-01,20410,3979,GitHub/mgeisler/textwrap,1
2018-10-01,20410,3973,GitHub/mgeisler/textwrap,1
2018-10-01,20410,3980,GitHub/mgeisler/textwrap,5
2018-10-01,20699,2981,GitHub/Amanieu/parking_lot,3
2018-10-01,20699,2983,GitHub/Amanieu/parking_lot,1
2018-10-01,20699,2982,GitHub/Amanieu/parking_lot,1
2018-10-01,20699,138,GitHub/Amanieu/parking_lot,2
2018-10-01,20699,2985,GitHub/Amanieu/parking_lot,1
2018-10-01,20699,2867,GitHub/Amanieu/parking_lot,1
2018-10-01,20699,155,GitHub/Amanieu/parking_lot,1
2018-10-01,20699,2979,GitHub/Amanieu/parking_lot,1
2018-10-01,20699,2916,GitHub/Amanieu/parking_lot,2
2018-10-01,20699,2978,GitHub/Amanieu/parking_lot,1
2018-10-01,20699,2984,GitHub/Amanieu/parking_lot,1
2018-10-01,20699,2976,GitHub/Amanieu/parking_lot,1
2018-10-01,20699,2977,GitHub/Amanieu/parking_lot,1
2018-10-01,20699,2968,GitHub/Amanieu/parking_lot,64
2018-10-01,20699,2980,GitHub/Amanieu/parking_lot,1
2018-10-01,20949,3730,GitHub/Geal/nom,4
2018-10-01,20949,981,GitHub/Geal/nom,1
2018-10-01,20949,3217,GitHub/Geal/nom,1
2018-10-01,20949,3224,GitHub/Geal/nom,1
2018-10-01,20949,1011,GitHub/Geal/nom,4
2018-10-01,20949,3502,GitHub/Geal/nom,1
2018-10-01,20949,3729,GitHub/Geal/nom,1
2018-10-01,20949,3632,GitHub/Geal/nom,1
2018-10-01,20949,3665,GitHub/Geal/nom,1
2018-10-01,20949,3728,GitHub/Geal/nom,1
2018-10-01,20949,3710,GitHub/Geal/nom,5
2018-10-01,20949,3717,GitHub/Geal/nom,3
2018-10-01,20949,3214,GitHub/Geal/nom,5
2018-10-01,20949,3063,GitHub/Geal/nom,4
2018-10-01,20949,1015,GitHub/Geal/nom,1
2018-10-01,20949,3588,GitHub/Geal/nom,3
2018-10-01,20949,3139,GitHub/Geal/nom,2
2018-10-01,20949,3112,GitHub/Geal/nom,1
2018-10-01,20949,3733,GitHub/Geal/nom,2
2018-10-01,20949,3736,GitHub/Geal/nom,1
2018-10-01,20949,3721,GitHub/Geal/nom,1
2018-10-01,20949,3720,GitHub/Geal/nom,1
2018-10-01,20949,3724,GitHub/Geal/nom,1
2018-10-01,20949,3725,GitHub/Geal/nom,1
2018-10-01,20949,1004,GitHub/Geal/nom,1
2018-10-01,20949,3534,GitHub/Geal/nom,197
2018-10-01,20949,3738,GitHub/Geal/nom,2
2018-10-01,20949,3255,GitHub/Geal/nom,1
2018-10-01,20949,3737,GitHub/Geal/nom,1
2018-10-01,20949,3718,GitHub/Geal/nom,1
2018-10-01,20949,3716,GitHub/Geal/nom,1
2018-10-01,20949,3723,GitHub/Geal/nom,1
2018-10-01,20949,3734,GitHub/Geal/nom,1
2018-10-01,20949,3709,GitHub/Geal/nom,2
2018-10-01,20949,3727,GitHub/Geal/nom,2
2018-10-01,20949,3715,GitHub/Geal/nom,1
2018-10-01,20949,3108,GitHub/Geal/nom,1
2018-10-01,20949,3714,GitHub/Geal/nom,1
2018-10-01,20949,3719,GitHub/Geal/nom,1
2018-10-01,20949,3712,GitHub/Geal/nom,1
2018-10-01,20949,2873,GitHub/Geal/nom,1
2018-10-01,20949,3726,GitHub/Geal/nom,6
2018-10-01,20949,3422,GitHub/Geal/nom,1
2018-10-01,20949,3732,GitHub/Geal/nom,1
2018-10-01,20949,3735,GitHub/Geal/nom,1
2018-10-01,20949,3713,GitHub/Geal/nom,2
2018-10-01,21282,3114,GitHub/bluss/arrayvec,1
2018-10-01,21282,268,GitHub/bluss/arrayvec,13
2018-10-01,21282,3096,GitHub/bluss/arrayvec,1
2018-10-01,21445,1273,GitHub/marshallpierce/rust-base64,2
2018-10-01,21445,3718,GitHub/marshallpierce/rust-base64,1
2018-10-01,21445,3934,GitHub/marshallpierce/rust-base64,1
2018-10-01,21445,209,GitHub/marshallpierce/rust-base64,1
2018-10-01,21445,3933,GitHub/marshallpierce/rust-base64,1
2018-10-01,21445,1281,GitHub/marshallpierce/rust-base64,17
2018-10-01,21445,1272,GitHub/marshallpierce/rust-base64,5
2018-10-01,21445,3713,GitHub/marshallpierce/rust-base64,1
2018-10-01,21445,3097,GitHub/marshallpierce/rust-base64,1
2018-10-01,22724,2945,GitHub/rust-lang/log,11
2018-10-01,22724,3044,GitHub/rust-lang/log,3
2018-10-01,22724,3741,GitHub/rust-lang/log,1
2018-10-01,22724,3633,GitHub/rust-lang/log,2
2018-10-01,22724,4475,GitHub/rust-lang/log,2
2018-10-01,22724,3969,GitHub/rust-lang/log,2
2018-10-01,22724,2867,GitHub/rust-lang/log,2
2018-10-01,22724,2968,GitHub/rust-lang/log,2
2018-10-01,22724,4476,GitHub/rust-lang/log,2
2018-10-01,22724,233,GitHub/rust-lang/log,1
2018-10-01,22724,3403,GitHub/rust-lang/log,1
2018-10-01,22724,2912,GitHub/rust-lang/log,5
2018-10-01,22804,2867,GitHub/alexcrichton/cfg-if,6
2018-10-01,22804,2873,GitHub/alexcrichton/cfg-if,2
2018-10-01,23287,4056,GitHub/rust-itertools/itertools,5
2018-10-01,23287,4054,GitHub/rust-itertools/itertools,2
2018-10-01,23287,4055,GitHub/rust-itertools/itertools,1
2018-10-01,23287,3185,GitHub/rust-itertools/itertools,1
2018-10-01,23287,1431,GitHub/rust-itertools/itertools,5
2018-10-01,23287,2927,GitHub/rust-itertools/itertools,1
2018-10-01,23287,268,GitHub/rust-itertools/itertools,32
2018-10-01,23287,3640,GitHub/rust-itertools/itertools,1
2018-10-01,23287,2970,GitHub/rust-itertools/itertools,1
2018-10-01,23287,4053,GitHub/rust-itertools/itertools,1
2018-10-01,24440,2975,GitHub/ogham/rust-ansi-term,4
2018-10-01,24440,496,GitHub/ogham/rust-ansi-term,8
2018-10-01,24440,1343,GitHub/ogham/rust-ansi-term,2
2018-10-01,24440,3988,GitHub/ogham/rust-ansi-term,1
2018-10-01,24440,3990,GitHub/ogham/rust-ansi-term,1
2018-10-01,24440,3987,GitHub/ogham/rust-ansi-term,1
2018-10-01,24440,3989,GitHub/ogham/rust-ansi-term,1
2018-10-01,24455,4765,GitHub/serde-rs/json,1
2018-10-01,24455,3094,GitHub/serde-rs/json,1
2018-10-01,24455,2912,GitHub/serde-rs/json,132
2018-10-01,24455,4764,GitHub/serde-rs/json,2
2018-10-01,24455,4761,GitHub/serde-rs/json,2
2018-10-01,24455,3192,GitHub/serde-rs/json,1
2018-10-01,24455,4315,GitHub/serde-rs/json,1
2018-10-01,24455,2985,GitHub/serde-rs/json,1
2018-10-01,24455,2310,GitHub/serde-rs/json,1
2018-10-01,24455,760,GitHub/serde-rs/json,2
2018-10-01,24455,3025,GitHub/serde-rs/json,1
2018-10-01,24455,3891,GitHub/serde-rs/json,1
2018-10-01,24455,4254,GitHub/serde-rs/json,2
2018-10-01,24455,65,GitHub/serde-rs/json,1
2018-10-01,24455,4762,GitHub/serde-rs/json,3
2018-10-01,24455,3637,GitHub/serde-rs/json,2
2018-10-01,25976,4578,GitHub/rust-lang/regex,1
2018-10-01,25976,4583,GitHub/rust-lang/regex,1
2018-10-01,25976,3041,GitHub/rust-lang/regex,1
2018-10-01,25976,2988,GitHub/rust-lang/regex,1
2018-10-01,25976,3571,GitHub/rust-lang/regex,1
2018-10-01,25976,4581,GitHub/rust-lang/regex,1
2018-10-01,25976,4579,GitHub/rust-lang/regex,1
2018-10-01,25976,3502,GitHub/rust-lang/regex,1
2018-10-01,25976,3043,GitHub/rust-lang/regex,94
2018-10-01,25976,4580,GitHub/rust-lang/regex,1
2018-10-01,25976,3637,GitHub/rust-lang/regex,1
2018-10-01,25976,3025,GitHub/rust-lang/regex,1
2018-10-01,25976,3632,GitHub/rust-lang/regex,2
2018-10-01,25976,155,GitHub/rust-lang/regex,1
2018-10-01,25976,4582,GitHub/rust-lang/regex,3
2018-10-01,25976,233,GitHub/rust-lang/regex,2
2018-10-01,25976,423,GitHub/rust-lang/regex,6
2018-10-01,25976,4545,GitHub/rust-lang/regex,2
2018-10-01,26074,4005,GitHub/paholg/typenum,2
2018-10-01,26074,3614,GitHub/paholg/typenum,12
2018-10-01,26074,4001,GitHub/paholg/typenum,2
2018-10-01,26074,3438,GitHub/paholg/typenum,2
2018-10-01,28336,4022,GitHub/RustCrypto/traits,1
2018-10-01,28336,1382,GitHub/RustCrypto/traits,3
2018-10-01,28336,3189,GitHub/RustCrypto/traits,8
2018-10-01,28705,3464,GitHub/dguo/strsim-rs,1
2018-10-01,28705,3465,GitHub/dguo/strsim-rs,1
2018-10-01,28705,3463,GitHub/dguo/strsim-rs,1
2018-10-01,28705,707,GitHub/dguo/strsim-rs,4
2018-10-01,28705,3462,GitHub/dguo/strsim-rs,1
2018-10-01,30968,2343,GitHub/SergioBenitez/version_check,5
2018-10-01,32560,3043,GitHub/BurntSushi/memchr,19
2018-10-01,32560,3212,GitHub/BurntSushi/memchr,1
2018-10-01,32560,2975,GitHub/BurntSushi/memchr,4
2018-10-01,32560,209,GitHub/BurntSushi/memchr,2
2018-10-01,33435,3217,GitHub/dtolnay/itoa,4
2018-10-01,33435,2912,GitHub/dtolnay/itoa,20
2018-10-01,33435,3492,GitHub/dtolnay/itoa,4
2018-10-01,33435,3180,GitHub/dtolnay/itoa,1
2018-10-01,34191,3189,GitHub/RustCrypto/utils,24
2018-10-01,34191,3448,GitHub/RustCrypto/utils,1
2018-10-01,34191,532,GitHub/RustCrypto/utils,1
2018-10-01,34831,4254,GitHub/rust-lang/futures-rs,1
2018-10-01,34831,4321,GitHub/rust-lang/futures-rs,1
2018-10-01,34831,3312,GitHub/rust-lang/futures-rs,3
2018-10-01,34831,1743,GitHub/rust-lang/futures-rs,37
2018-10-01,34831,2867,GitHub/rust-lang/futures-rs,93
2018-10-01,34831,4325,GitHub/rust-lang/futures-rs,3
2018-10-01,34831,4248,GitHub/rust-lang/futures-rs,1
2018-10-01,34831,4317,GitHub/rust-lang/futures-rs,1
2018-10-01,34831,3180,GitHub/rust-lang/futures-rs,1
2018-10-01,34831,3427,GitHub/rust-lang/futures-rs,84
2018-10-01,34831,3438,GitHub/rust-lang/futures-rs,1
2018-10-01,34831,2970,GitHub/rust-lang/futures-rs,3
2018-10-01,34831,4326,GitHub/rust-lang/futures-rs,2
2018-10-01,34831,353,GitHub/rust-lang/futures-rs,1
2018-10-01,34831,3637,GitHub/rust-lang/futures-rs,4
2018-10-01,34831,3860,GitHub/rust-lang/futures-rs,3
2018-10-01,34831,1725,GitHub/rust-lang/futures-rs,1
2018-10-01,34831,4247,GitHub/rust-lang/futures-rs,273
2018-10-01,34831,1872,GitHub/rust-lang/futures-rs,8
2018-10-01,34831,4289,GitHub/rust-lang/futures-rs,2
2018-10-01,34831,3581,GitHub/rust-lang/futures-rs,152
2018-10-01,34831,4256,GitHub/rust-lang/futures-rs,1
2018-10-01,34831,4250,GitHub/rust-lang/futures-rs,1
2018-10-01,34831,4257,GitHub/rust-lang/futures-rs,1
2018-10-01,34831,4258,GitHub/rust-lang/futures-rs,3
2018-10-01,34831,3435,GitHub/rust-lang/futures-rs,1
2018-10-01,34831,2988,GitHub/rust-lang/futures-rs,1
2018-10-01,34831,4323,GitHub/rust-lang/futures-rs,8
2018-10-01,34831,1755,GitHub/rust-lang/futures-rs,1
2018-10-01,34831,4055,GitHub/rust-lang/futures-rs,1
2018-10-01,34831,3505,GitHub/rust-lang/futures-rs,1
2018-10-01,34831,3502,GitHub/rust-lang/futures-rs,80
2018-10-01,34831,4425,GitHub/rust-lang/futures-rs,3
2018-10-01,34831,4329,GitHub/rust-lang/futures-rs,1
2018-10-01,34831,3194,GitHub/rust-lang/futures-rs,7
2018-10-01,34831,4327,GitHub/rust-lang/futures-rs,1
2018-10-01,34831,4324,GitHub/rust-lang/futures-rs,1
2018-10-01,34831,4253,GitHub/rust-lang/futures-rs,1
2018-10-01,34831,4328,GitHub/rust-lang/futures-rs,1
2018-10-01,34831,1662,GitHub/rust-lang/futures-rs,1
2018-10-01,34831,4421,GitHub/rust-lang/futures-rs,10
2018-10-01,34831,1228,GitHub/rust-lang/futures-rs,6
2018-10-01,34831,3389,GitHub/rust-lang/futures-rs,2
2018-10-01,34831,4065,GitHub/rust-lang/futures-rs,6
2018-10-01,34831,3428,GitHub/rust-lang/futures-rs,1
2018-10-01,34831,4319,GitHub/rust-lang/futures-rs,2
2018-10-01,34831,4314,GitHub/rust-lang/futures-rs,1
2018-10-01,34831,4414,GitHub/rust-lang/futures-rs,1
2018-10-01,34831,4320,GitHub/rust-lang/futures-rs,1
2018-10-01,34831,3145,GitHub/rust-lang/futures-rs,2
2018-10-01,34831,1666,GitHub/rust-lang/futures-rs,2
2018-10-01,34831,4249,GitHub/rust-lang/futures-rs,2
2018-10-01,34831,3032,GitHub/rust-lang/futures-rs,2
2018-10-01,34831,4330,GitHub/rust-lang/futures-rs,1
2018-10-01,34831,4316,GitHub/rust-lang/futures-rs,2
2018-10-01,34831,1836,GitHub/rust-lang/futures-rs,1
2018-10-01,34831,209,GitHub/rust-lang/futures-rs,1
2018-10-01,34831,4413,GitHub/rust-lang/futures-rs,1
2018-10-01,34831,4315,GitHub/rust-lang/futures-rs,1
2018-10-01,34831,4415,GitHub/rust-lang/futures-rs,18
2018-10-01,34831,3433,GitHub/rust-lang/futures-rs,26
2018-10-01,34831,4246,GitHub/rust-lang/futures-rs,2
2018-10-01,34831,3761,GitHub/rust-lang/futures-rs,1
2018-10-01,34831,4416,GitHub/rust-lang/futures-rs,7
2018-10-01,34831,3268,GitHub/rust-lang/futures-rs,3
2018-10-01,34831,4313,GitHub/rust-lang/futures-rs,6
2018-10-01,34831,4322,GitHub/rust-lang/futures-rs,1
2018-10-01,34831,2927,GitHub/rust-lang/futures-rs,1
2018-10-01,34831,4251,GitHub/rust-lang/futures-rs,1
2018-10-01,34831,4252,GitHub/rust-lang/futures-rs,4
2018-10-01,34831,4288,GitHub/rust-lang/futures-rs,3
2018-10-01,34831,3318,GitHub/rust-lang/futures-rs,1
2018-10-01,34831,3878,GitHub/rust-lang/futures-rs,13
2018-10-01,34831,4255,GitHub/rust-lang/futures-rs,2
2018-10-01,34831,2980,GitHub/rust-lang/futures-rs,1
2018-10-01,34831,4259,GitHub/rust-lang/futures-rs,2
2018-10-01,35574,2867,GitHub/unicode-rs/unicode-normalization,1
2018-10-01,35574,3173,GitHub/unicode-rs/unicode-normalization,1
2018-10-01,35574,3741,GitHub/unicode-rs/unicode-normalization,2
2018-10-01,35574,155,GitHub/unicode-rs/unicode-normalization,1
2018-10-01,35574,4979,GitHub/unicode-rs/unicode-normalization,14
2018-10-01,35737,3025,GitHub/cuviper/autocfg,1
2018-10-01,36114,3173,GitHub/SimonSapin/rust-std-candidates,1
2018-10-01,36114,3413,GitHub/SimonSapin/rust-std-candidates,8
2018-10-01,36424,3651,GitHub/steveklabnik/semver-parser,1
2018-10-01,36424,2950,GitHub/steveklabnik/semver-parser,15
2018-10-01,37083,3241,GitHub/BurntSushi/termcolor,1
2018-10-01,37083,3230,GitHub/BurntSushi/termcolor,1
2018-10-01,37083,2985,GitHub/BurntSushi/termcolor,1
2018-10-01,37083,3043,GitHub/BurntSushi/termcolor,125
2018-10-01,37083,3265,GitHub/BurntSushi/termcolor,2
2018-10-01,37083,3258,GitHub/BurntSushi/termcolor,1
2018-10-01,37083,3256,GitHub/BurntSushi/termcolor,1
2018-10-01,37083,3259,GitHub/BurntSushi/termcolor,1
2018-10-01,37083,2875,GitHub/BurntSushi/termcolor,1
2018-10-01,37083,353,GitHub/BurntSushi/termcolor,1
2018-10-01,37083,3262,GitHub/BurntSushi/termcolor,1
2018-10-01,37083,2914,GitHub/BurntSushi/termcolor,1
2018-10-01,37083,3234,GitHub/BurntSushi/termcolor,2
2018-10-01,37083,3237,GitHub/BurntSushi/termcolor,1
2018-10-01,37083,3261,GitHub/BurntSushi/termcolor,1
2018-10-01,37083,3235,GitHub/BurntSushi/termcolor,1
2018-10-01,37083,3233,GitHub/BurntSushi/termcolor,1
2018-10-01,37083,209,GitHub/BurntSushi/termcolor,1
2018-10-01,37083,3231,GitHub/BurntSushi/termcolor,1
2018-10-01,37083,3180,GitHub/BurntSushi/termcolor,1
2018-10-01,37083,3236,GitHub/BurntSushi/termcolor,1
2018-10-01,37083,457,GitHub/BurntSushi/termcolor,2
2018-10-01,37083,3260,GitHub/BurntSushi/termcolor,1
2018-10-01,37083,3251,GitHub/BurntSushi/termcolor,1
2018-10-01,37083,2881,GitHub/BurntSushi/termcolor,1
2018-10-01,37083,3254,GitHub/BurntSushi/termcolor,1
2018-10-01,37083,3238,GitHub/BurntSushi/termcolor,1
2018-10-01,37083,3240,GitHub/BurntSushi/termcolor,1
2018-10-01,37083,3243,GitHub/BurntSushi/termcolor,1
2018-10-01,37083,3147,GitHub/BurntSushi/termcolor,1
2018-10-01,37083,3246,GitHub/BurntSushi/termcolor,1
2018-10-01,37083,3263,GitHub/BurntSushi/termcolor,1
2018-10-01,37083,3257,GitHub/BurntSushi/termcolor,1
2018-10-01,37083,3249,GitHub/BurntSushi/termcolor,1
2018-10-01,37083,3242,GitHub/BurntSushi/termcolor,1
2018-10-01,37083,3239,GitHub/BurntSushi/termcolor,1
2018-10-01,37083,3245,GitHub/BurntSushi/termcolor,1
2018-10-01,37083,454,GitHub/BurntSushi/termcolor,1
2018-10-01,37083,3255,GitHub/BurntSushi/termcolor,1
2018-10-01,37083,473,GitHub/BurntSushi/termcolor,2
2018-10-01,37083,3042,GitHub/BurntSushi/termcolor,1
2018-10-01,37083,3232,GitHub/BurntSushi/termcolor,8
2018-10-01,37083,470,GitHub/BurntSushi/termcolor,2
2018-10-01,37083,3267,GitHub/BurntSushi/termcolor,1
2018-10-01,37083,3247,GitHub/BurntSushi/termcolor,1
2018-10-01,37083,3097,GitHub/BurntSushi/termcolor,4
2018-10-01,37083,3248,GitHub/BurntSushi/termcolor,1
2018-10-01,37083,3250,GitHub/BurntSushi/termcolor,1
2018-10-01,37083,3264,GitHub/BurntSushi/termcolor,1
2018-10-01,37083,3252,GitHub/BurntSushi/termcolor,10
2018-10-01,37083,472,GitHub/BurntSushi/termcolor,1
2018-10-01,37083,466,GitHub/BurntSushi/termcolor,1
2018-10-01,37083,3253,GitHub/BurntSushi/termcolor,2
2018-10-01,37083,460,GitHub/BurntSushi/termcolor,1
2018-10-01,37083,453,GitHub/BurntSushi/termcolor,1
2018-10-01,37101,3096,GitHub/Gilnaa/memoffset,1
2018-10-01,37101,1198,GitHub/Gilnaa/memoffset,4
2018-10-01,37101,3025,GitHub/Gilnaa/memoffset,1
2018-10-01,37612,3505,GitHub/dtolnay/quote,1
2018-10-01,37612,2912,GitHub/dtolnay/quote,70
2018-10-01,37612,2983,GitHub/dtolnay/quote,1
2018-10-01,37612,1228,GitHub/dtolnay/quote,1
2018-10-01,37612,2867,GitHub/dtolnay/quote,3
2018-10-01,37612,3021,GitHub/dtolnay/quote,1
2018-10-01,37844,4892,GitHub/softprops/atty,1
2018-10-01,37844,4270,GitHub/softprops/atty,17
2018-10-01,37844,2875,GitHub/softprops/atty,1
2018-10-01,37844,2867,GitHub/softprops/atty,2
2018-10-01,37844,3043,GitHub/softprops/atty,1
2018-10-01,38667,3025,GitHub/bluss/indexmap,5
2018-10-01,38667,3162,GitHub/bluss/indexmap,3
2018-10-01,38667,268,GitHub/bluss/indexmap,77
2018-10-01,38667,3145,GitHub/bluss/indexmap,1
2018-10-01,38667,3129,GitHub/bluss/indexmap,2
2018-10-01,39779,2867,GitHub/time-rs/time,6
2018-10-01,39779,2985,GitHub/time-rs/time,1
2018-10-01,39779,2508,GitHub/time-rs/time,1
2018-10-01,39779,2930,GitHub/time-rs/time,1
2018-10-01,39779,2992,GitHub/time-rs/time,2
2018-10-01,40937,2950,GitHub/dtolnay/semver,11
2018-10-01,40937,3516,GitHub/dtolnay/semver,2
2018-10-01,41752,204,GitHub/servo/rust-url,13
2018-10-01,41752,3413,GitHub/servo/rust-url,39
2018-10-01,41752,3032,GitHub/servo/rust-url,3
2018-10-01,41752,1252,GitHub/servo/rust-url,2
2018-10-01,41957,3021,GitHub/dtolnay/proc-macro2,2
2018-10-01,41957,1228,GitHub/dtolnay/proc-macro2,1
2018-10-01,41957,2867,GitHub/dtolnay/proc-macro2,53
2018-10-01,41957,2912,GitHub/dtolnay/proc-macro2,89
2018-10-01,41957,3505,GitHub/dtolnay/proc-macro2,1
2018-10-01,41957,760,GitHub/dtolnay/proc-macro2,1
2018-10-01,41957,2343,GitHub/dtolnay/proc-macro2,2
2018-10-01,41957,3506,GitHub/dtolnay/proc-macro2,1
2018-10-01,42413,2912,GitHub/dtolnay/ryu,100
2018-10-01,42413,3521,GitHub/dtolnay/ryu,1
2018-10-01,42655,2867,GitHub/rust-lang/socket2,24
2018-10-01,42655,2945,GitHub/rust-lang/socket2,4
2018-10-01,42655,2127,GitHub/rust-lang/socket2,1
2018-10-01,42655,4300,GitHub/rust-lang/socket2,4
2018-10-01,42655,4616,GitHub/rust-lang/socket2,1
2018-10-01,42655,3757,GitHub/rust-lang/socket2,1
2018-10-01,42655,4615,GitHub/rust-lang/socket2,10
2018-10-01,46027,2909,GitHub/alexcrichton/toml-rs,3
2018-10-01,46027,2911,GitHub/alexcrichton/toml-rs,7
2018-10-01,46027,2867,GitHub/alexcrichton/toml-rs,16
2018-10-01,46027,2910,GitHub/alexcrichton/toml-rs,1
2018-10-01,46027,2875,GitHub/alexcrichton/toml-rs,8
2018-10-01,46027,29,GitHub/alexcrichton/toml-rs,1
2018-10-01,46027,2912,GitHub/alexcrichton/toml-rs,1
2018-10-01,46178,3364,GitHub/rust-lang-nursery/lazy-static.rs,5
2018-10-01,46178,4625,GitHub/rust-lang-nursery/lazy-static.rs,1
2018-10-01,46178,3044,GitHub/rust-lang-nursery/lazy-static.rs,12
2018-10-01,46178,233,GitHub/rust-lang-nursery/lazy-static.rs,1
2018-10-01,46178,2912,GitHub/rust-lang-nursery/lazy-static.rs,8
2018-10-01,46178,4626,GitHub/rust-lang-nursery/lazy-static.rs,1
2018-10-01,49067,3041,GitHub/Amanieu/thread_local-rs,3
2018-10-01,49067,2968,GitHub/Amanieu/thread_local-rs,2
2018-10-01,49075,2909,GitHub/rust-lang/pkg-config-rs,1
2018-10-01,49075,209,GitHub/rust-lang/pkg-config-rs,1
2018-10-01,49075,4512,GitHub/rust-lang/pkg-config-rs,1
2018-10-01,49075,3690,GitHub/rust-lang/pkg-config-rs,1
2018-10-01,49075,3194,GitHub/rust-lang/pkg-config-rs,4
2018-10-01,49075,2900,GitHub/rust-lang/pkg-config-rs,1
2018-10-01,49075,2867,GitHub/rust-lang/pkg-config-rs,16
2018-10-01,49075,3741,GitHub/rust-lang/pkg-config-rs,3
2018-10-01,49075,4507,GitHub/rust-lang/pkg-config-rs,2
2018-10-01,52462,2890,GitHub/Frommi/miniz_oxide,7
2018-10-01,52462,3644,GitHub/Frommi/miniz_oxide,2
2018-10-01,52462,3636,GitHub/Frommi/miniz_oxide,14
2018-10-01,52462,3097,GitHub/Frommi/miniz_oxide,1
2018-10-01,52462,3422,GitHub/Frommi/miniz_oxide,1
2018-10-01,52462,898,GitHub/Frommi/miniz_oxide,16
2018-10-01,52462,3458,GitHub/Frommi/miniz_oxide,1
2018-10-01,52462,3641,GitHub/Frommi/miniz_oxide,2
2018-10-01,52462,3640,GitHub/Frommi/miniz_oxide,1
2018-10-01,52462,3639,GitHub/Frommi/miniz_oxide,1
2018-10-01,52465,877,GitHub/fizyk20/generic-array,1
2018-10-01,52465,3613,GitHub/fizyk20/generic-array,1
2018-10-01,52465,3606,GitHub/fizyk20/generic-array,13
2018-10-01,52465,3607,GitHub/fizyk20/generic-array,18
2018-10-01,52465,3617,GitHub/fizyk20/generic-array,1
2018-10-01,52465,3380,GitHub/fizyk20/generic-array,1
2018-11-01,602,3173,GitHub/unicode-rs/unicode-segmentation,3
2018-11-01,602,4988,GitHub/unicode-rs/unicode-segmentation,4
2018-11-01,602,4540,GitHub/unicode-rs/unicode-segmentation,1
2018-11-01,602,3097,GitHub/unicode-rs/unicode-segmentation,1
2018-11-01,626,3433,GitHub/hyperium/http,10
2018-11-01,626,3897,GitHub/hyperium/http,1
2018-11-01,626,3878,GitHub/hyperium/http,33
2018-11-01,626,3894,GitHub/hyperium/http,1
2018-11-01,626,3051,GitHub/hyperium/http,1
2018-11-01,626,3892,GitHub/hyperium/http,1
2018-11-01,626,3895,GitHub/hyperium/http,1
2018-11-01,626,3898,GitHub/hyperium/http,3
2018-11-01,626,3893,GitHub/hyperium/http,1
2018-11-01,626,1848,GitHub/hyperium/http,1
2018-11-01,626,209,GitHub/hyperium/http,3
2018-11-01,626,2945,GitHub/hyperium/http,1
2018-11-01,626,3640,GitHub/hyperium/http,1
2018-11-01,626,3896,GitHub/hyperium/http,1
2018-11-01,626,3891,GitHub/hyperium/http,1
2018-11-01,626,2927,GitHub/hyperium/http,1
2018-11-01,626,3890,GitHub/hyperium/http,1
2018-11-01,626,3032,GitHub/hyperium/http,2
2018-11-01,626,3888,GitHub/hyperium/http,1
2018-11-01,626,1218,GitHub/hyperium/http,2
2018-11-01,626,3522,GitHub/hyperium/http,1
2018-11-01,626,3899,GitHub/hyperium/http,1
2018-11-01,3509,3173,GitHub/unicode-rs/unicode-width,1
2018-11-01,3509,2605,GitHub/unicode-rs/unicode-width,2
2018-11-01,3509,4538,GitHub/unicode-rs/unicode-width,3
2018-11-01,4484,2975,GitHub/BurntSushi/byteorder,2
2018-11-01,4484,209,GitHub/BurntSushi/byteorder,1
2018-11-01,4484,3190,GitHub/BurntSushi/byteorder,3
2018-11-01,4484,3192,GitHub/BurntSushi/byteorder,1
2018-11-01,4484,3188,GitHub/BurntSushi/byteorder,1
2018-11-01,4484,3097,GitHub/BurntSushi/byteorder,1
2018-11-01,4484,3191,GitHub/BurntSushi/byteorder,1
2018-11-01,4484,3043,GitHub/BurntSushi/byteorder,13
2018-11-01,4484,3189,GitHub/BurntSushi/byteorder,1
2018-11-01,4486,3183,GitHub/contain-rs/vec-map,2
2018-11-01,4486,586,GitHub/contain-rs/vec-map,2
2018-11-01,4486,3097,GitHub/contain-rs/vec-map,1
2018-11-01,4486,3193,GitHub/contain-rs/vec-map,3
2018-11-01,4733,3573,GitHub/dtolnay/syn,2
2018-11-01,4733,3587,GitHub/dtolnay/syn,1
2018-11-01,4733,3588,GitHub/dtolnay/syn,1
2018-11-01,4733,2992,GitHub/dtolnay/syn,1
2018-11-01,4733,3505,GitHub/dtolnay/syn,1
2018-11-01,4733,3592,GitHub/dtolnay/syn,1
2018-11-01,4733,3433,GitHub/dtolnay/syn,5
2018-11-01,4733,3584,GitHub/dtolnay/syn,1
2018-11-01,4733,3516,GitHub/dtolnay/syn,4
2018-11-01,4733,3585,GitHub/dtolnay/syn,1
2018-11-01,4733,3590,GitHub/dtolnay/syn,10
2018-11-01,4733,3595,GitHub/dtolnay/syn,1
2018-11-01,4733,2343,GitHub/dtolnay/syn,1
2018-11-01,4733,2983,GitHub/dtolnay/syn,1
2018-11-01,4733,2912,GitHub/dtolnay/syn,686
2018-11-01,4733,3589,GitHub/dtolnay/syn,1
2018-11-01,4733,3594,GitHub/dtolnay/syn,1
2018-11-01,4733,3025,GitHub/dtolnay/syn,1
2018-11-01,4733,2867,GitHub/dtolnay/syn,18
2018-11-01,4733,2985,GitHub/dtolnay/syn,3
2018-11-01,4733,3031,GitHub/dtolnay/syn,1
2018-11-01,4733,1228,GitHub/dtolnay/syn,3
2018-11-01,4733,3591,GitHub/dtolnay/syn,3
2018-11-01,4733,3097,GitHub/dtolnay/syn,1
2018-11-01,4733,3586,GitHub/dtolnay/syn,1
2018-11-01,4733,3593,GitHub/dtolnay/syn,1
2018-11-01,4733,3021,GitHub/dtolnay/syn,2
2018-11-01,6681,3475,GitHub/djc/rustc-version-rs,1
2018-11-01,6681,3472,GitHub/djc/rustc-version-rs,7
2018-11-01,6681,3474,GitHub/djc/rustc-version-rs,1
2018-11-01,7322,4804,GitHub/servo/rust-smallvec,7
2018-11-01,7322,3632,GitHub/servo/rust-smallvec,1
2018-11-01,7322,2991,GitHub/servo/rust-smallvec,3
2018-11-01,7322,3042,GitHub/servo/rust-smallvec,6
2018-11-01,7322,2988,GitHub/servo/rust-smallvec,18
2018-11-01,7322,233,GitHub/servo/rust-smallvec,1
2018-11-01,7322,3640,GitHub/servo/rust-smallvec,1
2018-11-01,7322,4802,GitHub/servo/rust-smallvec,3
2018-11-01,7322,4803,GitHub/servo/rust-smallvec,1
2018-11-01,7322,2968,GitHub/servo/rust-smallvec,1
2018-11-01,7322,4805,GitHub/servo/rust-smallvec,2
2018-11-01,7415,204,GitHub/BurntSushi/aho-corasick,5
2018-11-01,7415,3183,GitHub/BurntSushi/aho-corasick,1
2018-11-01,7415,3043,GitHub/BurntSushi/aho-corasick,14
2018-11-01,7415,2975,GitHub/BurntSushi/aho-corasick,1
2018-11-01,7415,3170,GitHub/BurntSushi/aho-corasick,2
2018-11-01,7415,3180,GitHub/BurntSushi/aho-corasick,3
2018-11-01,7415,209,GitHub/BurntSushi/aho-corasick,2
2018-11-01,7415,3097,GitHub/BurntSushi/aho-corasick,1
2018-11-01,12228,4720,GitHub/seanmonstar/httparse,2
2018-11-01,12228,4721,GitHub/seanmonstar/httparse,1
2018-11-01,12228,3878,GitHub/seanmonstar/httparse,25
2018-11-01,12228,4722,GitHub/seanmonstar/httparse,2
2018-11-01,12266,3063,GitHub/bitflags/bitflags,1
2018-11-01,12266,2912,GitHub/bitflags/bitflags,16
2018-11-01,12266,3044,GitHub/bitflags/bitflags,3
2018-11-01,12266,3065,GitHub/bitflags/bitflags,1
2018-11-01,12266,1228,GitHub/bitflags/bitflags,1
2018-11-01,12266,3053,GitHub/bitflags/bitflags,2
2018-11-01,12266,233,GitHub/bitflags/bitflags,1
2018-11-01,12266,3062,GitHub/bitflags/bitflags,1
2018-11-01,12842,3092,GitHub/tokio-rs/slab,1
2018-11-01,12842,3433,GitHub/tokio-rs/slab,2
2018-11-01,14306,3025,GitHub/rust-num/num-integer,16
2018-11-01,14306,3527,GitHub/rust-num/num-integer,3
2018-11-01,14306,3097,GitHub/rust-num/num-integer,1
2018-11-01,16183,4136,GitHub/rust-lang/cc-rs,1
2018-11-01,16183,4236,GitHub/rust-lang/cc-rs,1
2018-11-01,16183,2982,GitHub/rust-lang/cc-rs,2
2018-11-01,16183,378,GitHub/rust-lang/cc-rs,1
2018-11-01,16183,4132,GitHub/rust-lang/cc-rs,1
2018-11-01,16183,3114,GitHub/rust-lang/cc-rs,3
2018-11-01,16183,4235,GitHub/rust-lang/cc-rs,2
2018-11-01,16183,3690,GitHub/rust-lang/cc-rs,2
2018-11-01,16183,4154,GitHub/rust-lang/cc-rs,1
2018-11-01,16183,3025,GitHub/rust-lang/cc-rs,3
2018-11-01,16183,3436,GitHub/rust-lang/cc-rs,1
2018-11-01,16183,4229,GitHub/rust-lang/cc-rs,4
2018-11-01,16183,3066,GitHub/rust-lang/cc-rs,1
2018-11-01,16183,3413,GitHub/rust-lang/cc-rs,1
2018-11-01,16183,4133,GitHub/rust-lang/cc-rs,5
2018-11-01,16183,4135,GitHub/rust-lang/cc-rs,1
2018-11-01,16183,4134,GitHub/rust-lang/cc-rs,1
2018-11-01,16183,2994,GitHub/rust-lang/cc-rs,2
2018-11-01,16183,3294,GitHub/rust-lang/cc-rs,2
2018-11-01,16183,4231,GitHub/rust-lang/cc-rs,2
2018-11-01,16183,4234,GitHub/rust-lang/cc-rs,1
2018-11-01,16183,3097,GitHub/rust-lang/cc-rs,1
2018-11-01,16183,4230,GitHub/rust-lang/cc-rs,2
2018-11-01,16183,1526,GitHub/rust-lang/cc-rs,1
2018-11-01,16183,4232,GitHub/rust-lang/cc-rs,3
2018-11-01,16183,4063,GitHub/rust-lang/cc-rs,1
2018-11-01,16183,2909,GitHub/rust-lang/cc-rs,2
2018-11-01,16183,2867,GitHub/rust-lang/cc-rs,77
2018-11-01,16183,1643,GitHub/rust-lang/cc-rs,2
2018-11-01,16259,4691,GitHub/rust-num/num-traits,2
2018-11-01,16259,3025,GitHub/rust-num/num-traits,67
2018-11-01,16259,3192,GitHub/rust-num/num-traits,1
2018-11-01,16259,3380,GitHub/rust-num/num-traits,16
2018-11-01,16259,4698,GitHub/rust-num/num-traits,5
2018-11-01,16259,4403,GitHub/rust-num/num-traits,1
2018-11-01,16259,2936,GitHub/rust-num/num-traits,1
2018-11-01,16259,2217,GitHub/rust-num/num-traits,2
2018-11-01,16259,2874,GitHub/rust-num/num-traits,10
2018-11-01,16259,4099,GitHub/rust-num/num-traits,1
2018-11-01,16259,4687,GitHub/rust-num/num-traits,1
2018-11-01,16259,4689,GitHub/rust-num/num-traits,6
2018-11-01,16259,4690,GitHub/rust-num/num-traits,1
2018-11-01,16259,2931,GitHub/rust-num/num-traits,9
2018-11-01,16259,3097,GitHub/rust-num/num-traits,1
2018-11-01,16259,4683,GitHub/rust-num/num-traits,1
2018-11-01,16259,4688,GitHub/rust-num/num-traits,1
2018-11-01,16492,3878,GitHub/tokio-rs/bytes,5
2018-11-01,16492,4958,GitHub/tokio-rs/bytes,2
2018-11-01,16492,4476,GitHub/tokio-rs/bytes,1
2018-11-01,16492,4956,GitHub/tokio-rs/bytes,2
2018-11-01,16492,4960,GitHub/tokio-rs/bytes,2
2018-11-01,16492,4287,GitHub/tokio-rs/bytes,4
2018-11-01,16492,3312,GitHub/tokio-rs/bytes,2
2018-11-01,16492,4959,GitHub/tokio-rs/bytes,3
2018-11-01,16492,3044,GitHub/tokio-rs/bytes,1
2018-11-01,16492,3593,GitHub/tokio-rs/bytes,1
2018-11-01,16492,3433,GitHub/tokio-rs/bytes,24
2018-11-01,16492,3031,GitHub/tokio-rs/bytes,1
2018-11-01,16492,1252,GitHub/tokio-rs/bytes,1
2018-11-01,16492,4957,GitHub/tokio-rs/bytes,1
2018-11-01,16492,3147,GitHub/tokio-rs/bytes,1
2018-11-01,17630,3025,GitHub/bluss/either,2
2018-11-01,17630,1246,GitHub/bluss/either,4
2018-11-01,17630,3129,GitHub/bluss/either,1
2018-11-01,17630,3128,GitHub/bluss/either,1
2018-11-01,17630,268,GitHub/bluss/either,4
2018-11-01,17721,1309,GitHub/matklad/once_cell,2
2018-11-01,17721,2970,GitHub/matklad/once_cell,34
2018-11-01,18006,3419,GitHub/crossbeam-rs/crossbeam,1
2018-11-01,18006,2968,GitHub/crossbeam-rs/crossbeam,15
2018-11-01,18006,3042,GitHub/crossbeam-rs/crossbeam,1
2018-11-01,18006,233,GitHub/crossbeam-rs/crossbeam,6
2018-11-01,18006,3415,GitHub/crossbeam-rs/crossbeam,12
2018-11-01,18006,3242,GitHub/crossbeam-rs/crossbeam,3
2018-11-01,18006,658,GitHub/crossbeam-rs/crossbeam,1
2018-11-01,18006,3186,GitHub/crossbeam-rs/crossbeam,1
2018-11-01,18006,665,GitHub/crossbeam-rs/crossbeam,4
2018-11-01,18006,3416,GitHub/crossbeam-rs/crossbeam,5
2018-11-01,18006,3312,GitHub/crossbeam-rs/crossbeam,1
2018-11-01,18006,3418,GitHub/crossbeam-rs/crossbeam,1
2018-11-01,18006,3096,GitHub/crossbeam-rs/crossbeam,27
2018-11-01,18006,3421,GitHub/crossbeam-rs/crossbeam,1
2018-11-01,18006,3170,GitHub/crossbeam-rs/crossbeam,2
2018-11-01,18006,353,GitHub/crossbeam-rs/crossbeam,363
2018-11-01,18006,3413,GitHub/crossbeam-rs/crossbeam,1
2018-11-01,18006,3422,GitHub/crossbeam-rs/crossbeam,1
2018-11-01,18006,209,GitHub/crossbeam-rs/crossbeam,2
2018-11-01,18006,3097,GitHub/crossbeam-rs/crossbeam,1
2018-11-01,18006,659,GitHub/crossbeam-rs/crossbeam,1
2018-11-01,18006,3417,GitHub/crossbeam-rs/crossbeam,3
2018-11-01,18006,3420,GitHub/crossbeam-rs/crossbeam,2
2018-11-01,19184,3167,GitHub/bluss/scopeguard,6
2018-11-01,20410,3980,GitHub/mgeisler/textwrap,5
2018-11-01,20410,2872,GitHub/mgeisler/textwrap,56
2018-11-01,20410,3979,GitHub/mgeisler/textwrap,1
2018-11-01,20410,3973,GitHub/mgeisler/textwrap,1
2018-11-01,20699,2867,GitHub/Amanieu/parking_lot,1
2018-11-01,20699,2978,GitHub/Amanieu/parking_lot,1
2018-11-01,20699,2982,GitHub/Amanieu/parking_lot,1
2018-11-01,20699,2975,GitHub/Amanieu/parking_lot,2
2018-11-01,20699,2981,GitHub/Amanieu/parking_lot,3
2018-11-01,20699,155,GitHub/Amanieu/parking_lot,1
2018-11-01,20699,2980,GitHub/Amanieu/parking_lot,1
2018-11-01,20699,2976,GitHub/Amanieu/parking_lot,1
2018-11-01,20699,2979,GitHub/Amanieu/parking_lot,1
2018-11-01,20699,2916,GitHub/Amanieu/parking_lot,2
2018-11-01,20699,2968,GitHub/Amanieu/parking_lot,65
2018-11-01,20699,2984,GitHub/Amanieu/parking_lot,1
2018-11-01,20699,2985,GitHub/Amanieu/parking_lot,1
2018-11-01,20699,138,GitHub/Amanieu/parking_lot,2
2018-11-01,20699,2977,GitHub/Amanieu/parking_lot,1
2018-11-01,20699,2983,GitHub/Amanieu/parking_lot,1
2018-11-01,20949,3711,GitHub/Geal/nom,7
2018-11-01,20949,981,GitHub/Geal/nom,1
2018-11-01,20949,3217,GitHub/Geal/nom,1
2018-11-01,20949,3224,GitHub/Geal/nom,1
2018-11-01,20949,1011,GitHub/Geal/nom,4
2018-11-01,20949,3502,GitHub/Geal/nom,1
2018-11-01,20949,3729,GitHub/Geal/nom,1
2018-11-01,20949,3632,GitHub/Geal/nom,1
2018-11-01,20949,3665,GitHub/Geal/nom,1
2018-11-01,20949,3728,GitHub/Geal/nom,1
2018-11-01,20949,3710,GitHub/Geal/nom,7
2018-11-01,20949,3717,GitHub/Geal/nom,3
2018-11-01,20949,3214,GitHub/Geal/nom,5
2018-11-01,20949,3063,GitHub/Geal/nom,4
2018-11-01,20949,1015,GitHub/Geal/nom,1
2018-11-01,20949,3588,GitHub/Geal/nom,3
2018-11-01,20949,3139,GitHub/Geal/nom,5
2018-11-01,20949,3112,GitHub/Geal/nom,1
2018-11-01,20949,3733,GitHub/Geal/nom,2
2018-11-01,20949,3736,GitHub/Geal/nom,1
2018-11-01,20949,3721,GitHub/Geal/nom,1
2018-11-01,20949,3720,GitHub/Geal/nom,1
2018-11-01,20949,3689,GitHub/Geal/nom,1
2018-11-01,20949,3724,GitHub/Geal/nom,1
2018-11-01,20949,3725,GitHub/Geal/nom,1
2018-11-01,20949,1004,GitHub/Geal/nom,1
2018-11-01,20949,3534,GitHub/Geal/nom,209
2018-11-01,20949,3738,GitHub/Geal/nom,2
2018-11-01,20949,3255,GitHub/Geal/nom,2
2018-11-01,20949,3527,GitHub/Geal/nom,1
2018-11-01,20949,3730,GitHub/Geal/nom,4
2018-11-01,20949,3737,GitHub/Geal/nom,1
2018-11-01,20949,3718,GitHub/Geal/nom,1
2018-11-01,20949,3708,GitHub/Geal/nom,1
2018-11-01,20949,3716,GitHub/Geal/nom,1
2018-11-01,20949,3723,GitHub/Geal/nom,1
2018-11-01,20949,3734,GitHub/Geal/nom,1
2018-11-01,20949,3709,GitHub/Geal/nom,3
2018-11-01,20949,3727,GitHub/Geal/nom,2
2018-11-01,20949,3715,GitHub/Geal/nom,1
2018-11-01,20949,3108,GitHub/Geal/nom,1
2018-11-01,20949,3714,GitHub/Geal/nom,1
2018-11-01,20949,3719,GitHub/Geal/nom,1
2018-11-01,20949,3712,GitHub/Geal/nom,1
2018-11-01,20949,2873,GitHub/Geal/nom,1
2018-11-01,20949,3726,GitHub/Geal/nom,6
2018-11-01,20949,3422,GitHub/Geal/nom,1
2018-11-01,20949,3732,GitHub/Geal/nom,1
2018-11-01,20949,3735,GitHub/Geal/nom,1
2018-11-01,20949,3713,GitHub/Geal/nom,2
2018-11-01,21282,3114,GitHub/bluss/arrayvec,1
2018-11-01,21282,2874,GitHub/bluss/arrayvec,3
2018-11-01,21282,3096,GitHub/bluss/arrayvec,1
2018-11-01,21282,268,GitHub/bluss/arrayvec,14
2018-11-01,21445,3097,GitHub/marshallpierce/rust-base64,1
2018-11-01,21445,1272,GitHub/marshallpierce/rust-base64,5
2018-11-01,21445,1273,GitHub/marshallpierce/rust-base64,2
2018-11-01,21445,3934,GitHub/marshallpierce/rust-base64,1
2018-11-01,21445,3713,GitHub/marshallpierce/rust-base64,1
2018-11-01,21445,3718,GitHub/marshallpierce/rust-base64,1
2018-11-01,21445,1281,GitHub/marshallpierce/rust-base64,46
2018-11-01,21445,3933,GitHub/marshallpierce/rust-base64,3
2018-11-01,21445,209,GitHub/marshallpierce/rust-base64,1
2018-11-01,22724,3403,GitHub/rust-lang/log,1
2018-11-01,22724,2867,GitHub/rust-lang/log,2
2018-11-01,22724,2912,GitHub/rust-lang/log,10
2018-11-01,22724,3969,GitHub/rust-lang/log,2
2018-11-01,22724,3633,GitHub/rust-lang/log,2
2018-11-01,22724,4476,GitHub/rust-lang/log,2
2018-11-01,22724,3097,GitHub/rust-lang/log,1
2018-11-01,22724,3741,GitHub/rust-lang/log,1
2018-11-01,22724,4473,GitHub/rust-lang/log,1
2018-11-01,22724,3044,GitHub/rust-lang/log,4
2018-11-01,22724,4475,GitHub/rust-lang/log,2
2018-11-01,22724,2971,GitHub/rust-lang/log,1
2018-11-01,22724,233,GitHub/rust-lang/log,1
2018-11-01,22724,2968,GitHub/rust-lang/log,2
2018-11-01,22724,2945,GitHub/rust-lang/log,11
2018-11-01,22724,3353,GitHub/rust-lang/log,1
2018-11-01,22804,2873,GitHub/alexcrichton/cfg-if,2
2018-11-01,22804,2870,GitHub/alexcrichton/cfg-if,1
2018-11-01,22804,2867,GitHub/alexcrichton/cfg-if,8
2018-11-01,23287,3640,GitHub/rust-itertools/itertools,1
2018-11-01,23287,4056,GitHub/rust-itertools/itertools,5
2018-11-01,23287,1431,GitHub/rust-itertools/itertools,5
2018-11-01,23287,4055,GitHub/rust-itertools/itertools,1
2018-11-01,23287,4054,GitHub/rust-itertools/itertools,2
2018-11-01,23287,3106,GitHub/rust-itertools/itertools,1
2018-11-01,23287,268,GitHub/rust-itertools/itertools,32
2018-11-01,23287,3185,GitHub/rust-itertools/itertools,1
2018-11-01,23287,4053,GitHub/rust-itertools/itertools,1
2018-11-01,23287,2970,GitHub/rust-itertools/itertools,1
2018-11-01,23287,2927,GitHub/rust-itertools/itertools,1
2018-11-01,24440,3987,GitHub/ogham/rust-ansi-term,1
2018-11-01,24440,3989,GitHub/ogham/rust-ansi-term,1
2018-11-01,24440,3988,GitHub/ogham/rust-ansi-term,1
2018-11-01,24440,1343,GitHub/ogham/rust-ansi-term,2
2018-11-01,24440,3990,GitHub/ogham/rust-ansi-term,1
2018-11-01,24440,2975,GitHub/ogham/rust-ansi-term,4
2018-11-01,24440,496,GitHub/ogham/rust-ansi-term,8
2018-11-01,24455,2985,GitHub/serde-rs/json,1
2018-11-01,24455,4765,GitHub/serde-rs/json,1
2018-11-01,24455,3637,GitHub/serde-rs/json,2
2018-11-01,24455,4761,GitHub/serde-rs/json,2
2018-11-01,24455,4254,GitHub/serde-rs/json,2
2018-11-01,24455,4762,GitHub/serde-rs/json,3
2018-11-01,24455,2310,GitHub/serde-rs/json,1
2018-11-01,24455,3192,GitHub/serde-rs/json,1
2018-11-01,24455,3891,GitHub/serde-rs/json,1
2018-11-01,24455,3094,GitHub/serde-rs/json,1
2018-11-01,24455,3025,GitHub/serde-rs/json,1
2018-11-01,24455,2912,GitHub/serde-rs/json,137
2018-11-01,24455,4764,GitHub/serde-rs/json,2
2018-11-01,24455,4315,GitHub/serde-rs/json,1
2018-11-01,24455,65,GitHub/serde-rs/json,1
2018-11-01,24455,760,GitHub/serde-rs/json,2
2018-11-01,25976,4579,GitHub/rust-lang/regex,1
2018-11-01,25976,423,GitHub/rust-lang/regex,6
2018-11-01,25976,4545,GitHub/rust-lang/regex,2
2018-11-01,25976,4583,GitHub/rust-lang/regex,1
2018-11-01,25976,4577,GitHub/rust-lang/regex,1
2018-11-01,25976,4578,GitHub/rust-lang/regex,1
2018-11-01,25976,4581,GitHub/rust-lang/regex,1
2018-11-01,25976,3025,GitHub/rust-lang/regex,1
2018-11-01,25976,3571,GitHub/rust-lang/regex,1
2018-11-01,25976,4580,GitHub/rust-lang/regex,1
2018-11-01,25976,4582,GitHub/rust-lang/regex,3
2018-11-01,25976,3637,GitHub/rust-lang/regex,1
2018-11-01,25976,233,GitHub/rust-lang/regex,2
2018-11-01,25976,155,GitHub/rust-lang/regex,1
2018-11-01,25976,2988,GitHub/rust-lang/regex,1
2018-11-01,25976,3632,GitHub/rust-lang/regex,2
2018-11-01,25976,3502,GitHub/rust-lang/regex,1
2018-11-01,25976,3043,GitHub/rust-lang/regex,94
2018-11-01,25976,3041,GitHub/rust-lang/regex,1
2018-11-01,25976,3230,GitHub/rust-lang/regex,1
2018-11-01,26074,3438,GitHub/paholg/typenum,2
2018-11-01,26074,4005,GitHub/paholg/typenum,2
2018-11-01,26074,3042,GitHub/paholg/typenum,1
2018-11-01,26074,4001,GitHub/paholg/typenum,2
2018-11-01,26074,3614,GitHub/paholg/typenum,12
2018-11-01,28336,4022,GitHub/RustCrypto/traits,1
2018-11-01,28336,1382,GitHub/RustCrypto/traits,3
2018-11-01,28336,1381,GitHub/RustCrypto/traits,1
2018-11-01,28336,3189,GitHub/RustCrypto/traits,15
2018-11-01,28705,3464,GitHub/dguo/strsim-rs,1
2018-11-01,28705,3463,GitHub/dguo/strsim-rs,1
2018-11-01,28705,3465,GitHub/dguo/strsim-rs,1
2018-11-01,28705,3462,GitHub/dguo/strsim-rs,1
2018-11-01,28705,3461,GitHub/dguo/strsim-rs,1
2018-11-01,28705,3097,GitHub/dguo/strsim-rs,1
2018-11-01,28705,707,GitHub/dguo/strsim-rs,9
2018-11-01,30968,2343,GitHub/SergioBenitez/version_check,5
2018-11-01,32560,3097,GitHub/BurntSushi/memchr,1
2018-11-01,32560,2975,GitHub/BurntSushi/memchr,4
2018-11-01,32560,3043,GitHub/BurntSushi/memchr,21
2018-11-01,32560,423,GitHub/BurntSushi/memchr,1
2018-11-01,32560,209,GitHub/BurntSushi/memchr,2
2018-11-01,32560,3212,GitHub/BurntSushi/memchr,1
2018-11-01,33435,3492,GitHub/dtolnay/itoa,4
2018-11-01,33435,3180,GitHub/dtolnay/itoa,1
2018-11-01,33435,3217,GitHub/dtolnay/itoa,4
2018-11-01,33435,2912,GitHub/dtolnay/itoa,23
2018-11-01,34191,4039,GitHub/RustCrypto/utils,1
2018-11-01,34191,3189,GitHub/RustCrypto/utils,29
2018-11-01,34191,532,GitHub/RustCrypto/utils,1
2018-11-01,34191,4040,GitHub/RustCrypto/utils,1
2018-11-01,34191,3448,GitHub/RustCrypto/utils,1
2018-11-01,34831,4413,GitHub/rust-lang/futures-rs,1
2018-11-01,34831,4315,GitHub/rust-lang/futures-rs,1
2018-11-01,34831,4415,GitHub/rust-lang/futures-rs,18
2018-11-01,34831,4416,GitHub/rust-lang/futures-rs,7
2018-11-01,34831,1743,GitHub/rust-lang/futures-rs,37
2018-11-01,34831,4325,GitHub/rust-lang/futures-rs,3
2018-11-01,34831,4248,GitHub/rust-lang/futures-rs,1
2018-11-01,34831,3180,GitHub/rust-lang/futures-rs,1
2018-11-01,34831,3427,GitHub/rust-lang/futures-rs,86
2018-11-01,34831,3438,GitHub/rust-lang/futures-rs,1
2018-11-01,34831,4317,GitHub/rust-lang/futures-rs,1
2018-11-01,34831,2867,GitHub/rust-lang/futures-rs,93
2018-11-01,34831,4326,GitHub/rust-lang/futures-rs,2
2018-11-01,34831,3312,GitHub/rust-lang/futures-rs,3
2018-11-01,34831,4259,GitHub/rust-lang/futures-rs,2
2018-11-01,34831,3598,GitHub/rust-lang/futures-rs,1
2018-11-01,34831,4321,GitHub/rust-lang/futures-rs,1
2018-11-01,34831,3860,GitHub/rust-lang/futures-rs,3
2018-11-01,34831,353,GitHub/rust-lang/futures-rs,1
2018-11-01,34831,3637,GitHub/rust-lang/futures-rs,4
2018-11-01,34831,4255,GitHub/rust-lang/futures-rs,2
2018-11-01,34831,3581,GitHub/rust-lang/futures-rs,178
2018-11-01,34831,1725,GitHub/rust-lang/futures-rs,1
2018-11-01,34831,4247,GitHub/rust-lang/futures-rs,273
2018-11-01,34831,2980,GitHub/rust-lang/futures-rs,1
2018-11-01,34831,1872,GitHub/rust-lang/futures-rs,8
2018-11-01,34831,2970,GitHub/rust-lang/futures-rs,3
2018-11-01,34831,4289,GitHub/rust-lang/futures-rs,2
2018-11-01,34831,4256,GitHub/rust-lang/futures-rs,1
2018-11-01,34831,4257,GitHub/rust-lang/futures-rs,1
2018-11-01,34831,3878,GitHub/rust-lang/futures-rs,17
2018-11-01,34831,4250,GitHub/rust-lang/futures-rs,1
2018-11-01,34831,2988,GitHub/rust-lang/futures-rs,1
2018-11-01,34831,4258,GitHub/rust-lang/futures-rs,3
2018-11-01,34831,1755,GitHub/rust-lang/futures-rs,1
2018-11-01,34831,3416,GitHub/rust-lang/futures-rs,1
2018-11-01,34831,3435,GitHub/rust-lang/futures-rs,1
2018-11-01,34831,4055,GitHub/rust-lang/futures-rs,1
2018-11-01,34831,4323,GitHub/rust-lang/futures-rs,8
2018-11-01,34831,3318,GitHub/rust-lang/futures-rs,1
2018-11-01,34831,4288,GitHub/rust-lang/futures-rs,3
2018-11-01,34831,3113,GitHub/rust-lang/futures-rs,1
2018-11-01,34831,3505,GitHub/rust-lang/futures-rs,1
2018-11-01,34831,4425,GitHub/rust-lang/futures-rs,3
2018-11-01,34831,4252,GitHub/rust-lang/futures-rs,4
2018-11-01,34831,3502,GitHub/rust-lang/futures-rs,86
2018-11-01,34831,4411,GitHub/rust-lang/futures-rs,1
2018-11-01,34831,4251,GitHub/rust-lang/futures-rs,1
2018-11-01,34831,4329,GitHub/rust-lang/futures-rs,1
2018-11-01,34831,3194,GitHub/rust-lang/futures-rs,7
2018-11-01,34831,4327,GitHub/rust-lang/futures-rs,1
2018-11-01,34831,4322,GitHub/rust-lang/futures-rs,1
2018-11-01,34831,4313,GitHub/rust-lang/futures-rs,6
2018-11-01,34831,4324,GitHub/rust-lang/futures-rs,1
2018-11-01,34831,4328,GitHub/rust-lang/futures-rs,1
2018-11-01,34831,4253,GitHub/rust-lang/futures-rs,1
2018-11-01,34831,1662,GitHub/rust-lang/futures-rs,1
2018-11-01,34831,4065,GitHub/rust-lang/futures-rs,6
2018-11-01,34831,3268,GitHub/rust-lang/futures-rs,3
2018-11-01,34831,2927,GitHub/rust-lang/futures-rs,1
2018-11-01,34831,4421,GitHub/rust-lang/futures-rs,10
2018-11-01,34831,1228,GitHub/rust-lang/futures-rs,6
2018-11-01,34831,3389,GitHub/rust-lang/futures-rs,2
2018-11-01,34831,3428,GitHub/rust-lang/futures-rs,1
2018-11-01,34831,4319,GitHub/rust-lang/futures-rs,2
2018-11-01,34831,4314,GitHub/rust-lang/futures-rs,1
2018-11-01,34831,3761,GitHub/rust-lang/futures-rs,1
2018-11-01,34831,4414,GitHub/rust-lang/futures-rs,1
2018-11-01,34831,4320,GitHub/rust-lang/futures-rs,1
2018-11-01,34831,3145,GitHub/rust-lang/futures-rs,2
2018-11-01,34831,1666,GitHub/rust-lang/futures-rs,2
2018-11-01,34831,4249,GitHub/rust-lang/futures-rs,2
2018-11-01,34831,3032,GitHub/rust-lang/futures-rs,2
2018-11-01,34831,4330,GitHub/rust-lang/futures-rs,1
2018-11-01,34831,4316,GitHub/rust-lang/futures-rs,2
2018-11-01,34831,4412,GitHub/rust-lang/futures-rs,2
2018-11-01,34831,4246,GitHub/rust-lang/futures-rs,3
2018-11-01,34831,1836,GitHub/rust-lang/futures-rs,1
2018-11-01,34831,209,GitHub/rust-lang/futures-rs,1
2018-11-01,34831,3433,GitHub/rust-lang/futures-rs,26
2018-11-01,34831,4410,GitHub/rust-lang/futures-rs,5
2018-11-01,34831,4254,GitHub/rust-lang/futures-rs,1
2018-11-01,35574,3741,GitHub/unicode-rs/unicode-normalization,2
2018-11-01,35574,2867,GitHub/unicode-rs/unicode-normalization,1
2018-11-01,35574,3173,GitHub/unicode-rs/unicode-normalization,1
2018-11-01,35574,4979,GitHub/unicode-rs/unicode-normalization,14
2018-11-01,35574,155,GitHub/unicode-rs/unicode-normalization,1
2018-11-01,35737,3025,GitHub/cuviper/autocfg,4
2018-11-01,36114,3173,GitHub/SimonSapin/rust-std-candidates,1
2018-11-01,36114,3413,GitHub/SimonSapin/rust-std-candidates,8
2018-11-01,36424,3651,GitHub/steveklabnik/semver-parser,1
2018-11-01,36424,2950,GitHub/steveklabnik/semver-parser,15
2018-11-01,37083,3265,GitHub/BurntSushi/termcolor,2
2018-11-01,37083,453,GitHub/BurntSushi/termcolor,1
2018-11-01,37083,3097,GitHub/BurntSushi/termcolor,4
2018-11-01,37083,2875,GitHub/BurntSushi/termcolor,1
2018-11-01,37083,3258,GitHub/BurntSushi/termcolor,1
2018-11-01,37083,3232,GitHub/BurntSushi/termcolor,8
2018-11-01,37083,353,GitHub/BurntSushi/termcolor,1
2018-11-01,37083,3255,GitHub/BurntSushi/termcolor,1
2018-11-01,37083,3253,GitHub/BurntSushi/termcolor,2
2018-11-01,37083,3264,GitHub/BurntSushi/termcolor,1
2018-11-01,37083,3257,GitHub/BurntSushi/termcolor,1
2018-11-01,37083,3254,GitHub/BurntSushi/termcolor,1
2018-11-01,37083,470,GitHub/BurntSushi/termcolor,2
2018-11-01,37083,3246,GitHub/BurntSushi/termcolor,1
2018-11-01,37083,2881,GitHub/BurntSushi/termcolor,1
2018-11-01,37083,3252,GitHub/BurntSushi/termcolor,10
2018-11-01,37083,3242,GitHub/BurntSushi/termcolor,1
2018-11-01,37083,454,GitHub/BurntSushi/termcolor,1
2018-11-01,37083,466,GitHub/BurntSushi/termcolor,1
2018-11-01,37083,3249,GitHub/BurntSushi/termcolor,1
2018-11-01,37083,457,GitHub/BurntSushi/termcolor,2
2018-11-01,37083,3247,GitHub/BurntSushi/termcolor,1
2018-11-01,37083,3238,GitHub/BurntSushi/termcolor,1
2018-11-01,37083,3236,GitHub/BurntSushi/termcolor,1
2018-11-01,37083,3147,GitHub/BurntSushi/termcolor,1
2018-11-01,37083,2914,GitHub/BurntSushi/termcolor,1
2018-11-01,37083,3239,GitHub/BurntSushi/termcolor,1
2018-11-01,37083,3240,GitHub/BurntSushi/termcolor,1
2018-11-01,37083,3180,GitHub/BurntSushi/termcolor,1
2018-11-01,37083,3042,GitHub/BurntSushi/termcolor,1
2018-11-01,37083,3262,GitHub/BurntSushi/termcolor,1
2018-11-01,37083,3231,GitHub/BurntSushi/termcolor,1
2018-11-01,37083,3235,GitHub/BurntSushi/termcolor,1
2018-11-01,37083,3043,GitHub/BurntSushi/termcolor,125
2018-11-01,37083,3261,GitHub/BurntSushi/termcolor,1
2018-11-01,37083,3241,GitHub/BurntSushi/termcolor,1
2018-11-01,37083,3248,GitHub/BurntSushi/termcolor,1
2018-11-01,37083,2985,GitHub/BurntSushi/termcolor,1
2018-11-01,37083,3234,GitHub/BurntSushi/termcolor,2
2018-11-01,37083,3260,GitHub/BurntSushi/termcolor,1
2018-11-01,37083,3251,GitHub/BurntSushi/termcolor,1
2018-11-01,37083,3230,GitHub/BurntSushi/termcolor,1
2018-11-01,37083,209,GitHub/BurntSushi/termcolor,1
2018-11-01,37083,3245,GitHub/BurntSushi/termcolor,1
2018-11-01,37083,3259,GitHub/BurntSushi/termcolor,1
2018-11-01,37083,3233,GitHub/BurntSushi/termcolor,1
2018-11-01,37083,3263,GitHub/BurntSushi/termcolor,1
2018-11-01,37083,3256,GitHub/BurntSushi/termcolor,1
2018-11-01,37083,3237,GitHub/BurntSushi/termcolor,1
2018-11-01,37083,473,GitHub/BurntSushi/termcolor,2
2018-11-01,37083,460,GitHub/BurntSushi/termcolor,1
2018-11-01,37083,472,GitHub/BurntSushi/termcolor,1
2018-11-01,37083,3267,GitHub/BurntSushi/termcolor,1
2018-11-01,37083,3250,GitHub/BurntSushi/termcolor,1
2018-11-01,37083,3243,GitHub/BurntSushi/termcolor,1
2018-11-01,37101,3025,GitHub/Gilnaa/memoffset,1
2018-11-01,37101,1198,GitHub/Gilnaa/memoffset,4
2018-11-01,37101,3096,GitHub/Gilnaa/memoffset,1
2018-11-01,37612,2912,GitHub/dtolnay/quote,72
2018-11-01,37612,1228,GitHub/dtolnay/quote,1
2018-11-01,37612,2867,GitHub/dtolnay/quote,3
2018-11-01,37612,2983,GitHub/dtolnay/quote,1
2018-11-01,37612,3505,GitHub/dtolnay/quote,1
2018-11-01,37612,3021,GitHub/dtolnay/quote,1
2018-11-01,37612,771,GitHub/dtolnay/quote,1
2018-11-01,37844,2867,GitHub/softprops/atty,2
2018-11-01,37844,4270,GitHub/softprops/atty,18
2018-11-01,37844,3097,GitHub/softprops/atty,1
2018-11-01,37844,4892,GitHub/softprops/atty,1
2018-11-01,37844,2875,GitHub/softprops/atty,1
2018-11-01,37844,3043,GitHub/softprops/atty,1
2018-11-01,38667,3162,GitHub/bluss/indexmap,3
2018-11-01,38667,268,GitHub/bluss/indexmap,77
2018-11-01,38667,3129,GitHub/bluss/indexmap,2
2018-11-01,38667,3025,GitHub/bluss/indexmap,7
2018-11-01,38667,3145,GitHub/bluss/indexmap,1
2018-11-01,39779,2867,GitHub/time-rs/time,6
2018-11-01,39779,2985,GitHub/time-rs/time,1
2018-11-01,39779,2508,GitHub/time-rs/time,1
2018-11-01,39779,2930,GitHub/time-rs/time,1
2018-11-01,39779,2992,GitHub/time-rs/time,2
2018-11-01,40937,2950,GitHub/dtolnay/semver,11
2018-11-01,40937,3516,GitHub/dtolnay/semver,2
2018-11-01,41752,3413,GitHub/servo/rust-url,39
2018-11-01,41752,3032,GitHub/servo/rust-url,3
2018-11-01,41752,1252,GitHub/servo/rust-url,2
2018-11-01,41752,204,GitHub/servo/rust-url,13
2018-11-01,41957,760,GitHub/dtolnay/proc-macro2,1
2018-11-01,41957,2867,GitHub/dtolnay/proc-macro2,55
2018-11-01,41957,3504,GitHub/dtolnay/proc-macro2,1
2018-11-01,41957,1228,GitHub/dtolnay/proc-macro2,1
2018-11-01,41957,2912,GitHub/dtolnay/proc-macro2,89
2018-11-01,41957,3021,GitHub/dtolnay/proc-macro2,2
2018-11-01,41957,2343,GitHub/dtolnay/proc-macro2,2
2018-11-01,41957,3506,GitHub/dtolnay/proc-macro2,1
2018-11-01,41957,3505,GitHub/dtolnay/proc-macro2,1
2018-11-01,42413,2912,GitHub/dtolnay/ryu,101
2018-11-01,42413,3521,GitHub/dtolnay/ryu,1
2018-11-01,42655,2945,GitHub/rust-lang/socket2,4
2018-11-01,42655,4616,GitHub/rust-lang/socket2,1
2018-11-01,42655,2127,GitHub/rust-lang/socket2,1
2018-11-01,42655,4300,GitHub/rust-lang/socket2,4
2018-11-01,42655,4615,GitHub/rust-lang/socket2,10
2018-11-01,42655,3757,GitHub/rust-lang/socket2,1
2018-11-01,42655,2867,GitHub/rust-lang/socket2,24
2018-11-01,44362,3106,GitHub/rust-lang/hashbrown,1
2018-11-01,44362,2968,GitHub/rust-lang/hashbrown,15
2018-11-01,44362,2927,GitHub/rust-lang/hashbrown,1
2018-11-01,44362,4442,GitHub/rust-lang/hashbrown,1
2018-11-01,44362,1228,GitHub/rust-lang/hashbrown,3
2018-11-01,44362,4440,GitHub/rust-lang/hashbrown,1
2018-11-01,46027,2905,GitHub/alexcrichton/toml-rs,1
2018-11-01,46027,2867,GitHub/alexcrichton/toml-rs,21
2018-11-01,46027,2875,GitHub/alexcrichton/toml-rs,8
2018-11-01,46027,1228,GitHub/alexcrichton/toml-rs,1
2018-11-01,46027,2910,GitHub/alexcrichton/toml-rs,1
2018-11-01,46027,29,GitHub/alexcrichton/toml-rs,1
2018-11-01,46027,2912,GitHub/alexcrichton/toml-rs,1
2018-11-01,46027,2906,GitHub/alexcrichton/toml-rs,1
2018-11-01,46027,2911,GitHub/alexcrichton/toml-rs,7
2018-11-01,46027,2907,GitHub/alexcrichton/toml-rs,1
2018-11-01,46027,2909,GitHub/alexcrichton/toml-rs,3
2018-11-01,46178,3364,GitHub/rust-lang-nursery/lazy-static.rs,5
2018-11-01,46178,2912,GitHub/rust-lang-nursery/lazy-static.rs,8
2018-11-01,46178,4625,GitHub/rust-lang-nursery/lazy-static.rs,1
2018-11-01,46178,233,GitHub/rust-lang-nursery/lazy-static.rs,1
2018-11-01,46178,3044,GitHub/rust-lang-nursery/lazy-static.rs,13
2018-11-01,46178,4624,GitHub/rust-lang-nursery/lazy-static.rs,1
2018-11-01,46178,4626,GitHub/rust-lang-nursery/lazy-static.rs,1
2018-11-01,46178,3097,GitHub/rust-lang-nursery/lazy-static.rs,1
2018-11-01,49067,2968,GitHub/Amanieu/thread_local-rs,2
2018-11-01,49067,3041,GitHub/Amanieu/thread_local-rs,3
2018-11-01,49075,4512,GitHub/rust-lang/pkg-config-rs,1
2018-11-01,49075,3194,GitHub/rust-lang/pkg-config-rs,4
2018-11-01,49075,3690,GitHub/rust-lang/pkg-config-rs,1
2018-11-01,49075,209,GitHub/rust-lang/pkg-config-rs,1
2018-11-01,49075,4507,GitHub/rust-lang/pkg-config-rs,2
2018-11-01,49075,2900,GitHub/rust-lang/pkg-config-rs,1
2018-11-01,49075,2867,GitHub/rust-lang/pkg-config-rs,17
2018-11-01,49075,2909,GitHub/rust-lang/pkg-config-rs,1
2018-11-01,49075,3741,GitHub/rust-lang/pkg-config-rs,3
2018-11-01,49075,1989,GitHub/rust-lang/pkg-config-rs,8
2018-11-01,52462,3097,GitHub/Frommi/miniz_oxide,1
2018-11-01,52462,3639,GitHub/Frommi/miniz_oxide,1
2018-11-01,52462,3640,GitHub/Frommi/miniz_oxide,1
2018-11-01,52462,3644,GitHub/Frommi/miniz_oxide,2
2018-11-01,52462,2890,GitHub/Frommi/miniz_oxide,7
2018-11-01,52462,3636,GitHub/Frommi/miniz_oxide,15
2018-11-01,52462,3422,GitHub/Frommi/miniz_oxide,1
2018-11-01,52462,3458,GitHub/Frommi/miniz_oxide,1
2018-11-01,52462,3641,GitHub/Frommi/miniz_oxide,2
2018-11-01,52462,898,GitHub/Frommi/miniz_oxide,16
2018-11-01,52465,3607,GitHub/fizyk20/generic-array,18
2018-11-01,52465,3606,GitHub/fizyk20/generic-array,13
2018-11-01,52465,3617,GitHub/fizyk20/generic-array,1
2018-11-01,52465,877,GitHub/fizyk20/generic-array,1
2018-11-01,52465,3380,GitHub/fizyk20/generic-array,1
2018-11-01,52465,3613,GitHub/fizyk20/generic-array,1
2018-12-01,602,3173,GitHub/unicode-rs/unicode-segmentation,3
2018-12-01,602,4988,GitHub/unicode-rs/unicode-segmentation,4
2018-12-01,602,3097,GitHub/unicode-rs/unicode-segmentation,1
2018-12-01,602,4540,GitHub/unicode-rs/unicode-segmentation,1
2018-12-01,602,4987,GitHub/unicode-rs/unicode-segmentation,1
2018-12-01,626,3888,GitHub/hyperium/http,1
2018-12-01,626,1218,GitHub/hyperium/http,2
2018-12-01,626,3893,GitHub/hyperium/http,1
2018-12-01,626,1848,GitHub/hyperium/http,1
2018-12-01,626,3894,GitHub/hyperium/http,1
2018-12-01,626,3640,GitHub/hyperium/http,1
2018-12-01,626,3899,GitHub/hyperium/http,1
2018-12-01,626,2945,GitHub/hyperium/http,1
2018-12-01,626,3892,GitHub/hyperium/http,1
2018-12-01,626,3896,GitHub/hyperium/http,1
2018-12-01,626,209,GitHub/hyperium/http,3
2018-12-01,626,3890,GitHub/hyperium/http,1
2018-12-01,626,3522,GitHub/hyperium/http,1
2018-12-01,626,3887,GitHub/hyperium/http,1
2018-12-01,626,3898,GitHub/hyperium/http,3
2018-12-01,626,3878,GitHub/hyperium/http,33
2018-12-01,626,2985,GitHub/hyperium/http,1
2018-12-01,626,3032,GitHub/hyperium/http,2
2018-12-01,626,3051,GitHub/hyperium/http,1
2018-12-01,626,3897,GitHub/hyperium/http,1
2018-12-01,626,3895,GitHub/hyperium/http,1
2018-12-01,626,3433,GitHub/hyperium/http,11
2018-12-01,626,2927,GitHub/hyperium/http,1
2018-12-01,626,3891,GitHub/hyperium/http,1
2018-12-01,3509,3173,GitHub/unicode-rs/unicode-width,1
2018-12-01,3509,2605,GitHub/unicode-rs/unicode-width,2
2018-12-01,3509,4538,GitHub/unicode-rs/unicode-width,3
2018-12-01,4484,3188,GitHub/BurntSushi/byteorder,1
2018-12-01,4484,209,GitHub/BurntSushi/byteorder,1
2018-12-01,4484,3192,GitHub/BurntSushi/byteorder,1
2018-12-01,4484,2975,GitHub/BurntSushi/byteorder,2
2018-12-01,4484,3191,GitHub/BurntSushi/byteorder,1
2018-12-01,4484,3189,GitHub/BurntSushi/byteorder,1
2018-12-01,4484,3043,GitHub/BurntSushi/byteorder,13
2018-12-01,4484,3190,GitHub/BurntSushi/byteorder,3
2018-12-01,4484,3097,GitHub/BurntSushi/byteorder,1
2018-12-01,4486,3183,GitHub/contain-rs/vec-map,2
2018-12-01,4486,586,GitHub/contain-rs/vec-map,2
2018-12-01,4486,3097,GitHub/contain-rs/vec-map,1
2018-12-01,4486,3193,GitHub/contain-rs/vec-map,3
2018-12-01,4733,3021,GitHub/dtolnay/syn,2
2018-12-01,4733,3591,GitHub/dtolnay/syn,3
2018-12-01,4733,3590,GitHub/dtolnay/syn,10
2018-12-01,4733,3587,GitHub/dtolnay/syn,1
2018-12-01,4733,3588,GitHub/dtolnay/syn,1
2018-12-01,4733,2992,GitHub/dtolnay/syn,1
2018-12-01,4733,3505,GitHub/dtolnay/syn,1
2018-12-01,4733,3594,GitHub/dtolnay/syn,1
2018-12-01,4733,3592,GitHub/dtolnay/syn,1
2018-12-01,4733,3433,GitHub/dtolnay/syn,5
2018-12-01,4733,3585,GitHub/dtolnay/syn,1
2018-12-01,4733,3582,GitHub/dtolnay/syn,1
2018-12-01,4733,3595,GitHub/dtolnay/syn,1
2018-12-01,4733,3584,GitHub/dtolnay/syn,1
2018-12-01,4733,3516,GitHub/dtolnay/syn,4
2018-12-01,4733,3589,GitHub/dtolnay/syn,1
2018-12-01,4733,2983,GitHub/dtolnay/syn,1
2018-12-01,4733,2912,GitHub/dtolnay/syn,732
2018-12-01,4733,2343,GitHub/dtolnay/syn,1
2018-12-01,4733,3025,GitHub/dtolnay/syn,1
2018-12-01,4733,2985,GitHub/dtolnay/syn,3
2018-12-01,4733,1228,GitHub/dtolnay/syn,3
2018-12-01,4733,3586,GitHub/dtolnay/syn,1
2018-12-01,4733,2227,GitHub/dtolnay/syn,1
2018-12-01,4733,3593,GitHub/dtolnay/syn,1
2018-12-01,4733,3097,GitHub/dtolnay/syn,1
2018-12-01,4733,2867,GitHub/dtolnay/syn,19
2018-12-01,4733,3573,GitHub/dtolnay/syn,2
2018-12-01,4733,3031,GitHub/dtolnay/syn,1
2018-12-01,6681,3475,GitHub/djc/rustc-version-rs,1
2018-12-01,6681,3472,GitHub/djc/rustc-version-rs,7
2018-12-01,6681,3474,GitHub/djc/rustc-version-rs,1
2018-12-01,7322,3506,GitHub/servo/rust-smallvec,2
2018-12-01,7322,233,GitHub/servo/rust-smallvec,1
2018-12-01,7322,4802,GitHub/servo/rust-smallvec,3
2018-12-01,7322,4805,GitHub/servo/rust-smallvec,2
2018-12-01,7322,2991,GitHub/servo/rust-smallvec,3
2018-12-01,7322,4804,GitHub/servo/rust-smallvec,7
2018-12-01,7322,4803,GitHub/servo/rust-smallvec,1
2018-12-01,7322,2988,GitHub/servo/rust-smallvec,19
2018-12-01,7322,3632,GitHub/servo/rust-smallvec,1
2018-12-01,7322,4520,GitHub/servo/rust-smallvec,1
2018-12-01,7322,3640,GitHub/servo/rust-smallvec,1
2018-12-01,7322,3042,GitHub/servo/rust-smallvec,6
2018-12-01,7322,2968,GitHub/servo/rust-smallvec,1
2018-12-01,7322,4795,GitHub/servo/rust-smallvec,2
2018-12-01,7415,3180,GitHub/BurntSushi/aho-corasick,3
2018-12-01,7415,3097,GitHub/BurntSushi/aho-corasick,1
2018-12-01,7415,3043,GitHub/BurntSushi/aho-corasick,14
2018-12-01,7415,2975,GitHub/BurntSushi/aho-corasick,1
2018-12-01,7415,3170,GitHub/BurntSushi/aho-corasick,2
2018-12-01,7415,204,GitHub/BurntSushi/aho-corasick,5
2018-12-01,7415,3183,GitHub/BurntSushi/aho-corasick,1
2018-12-01,7415,209,GitHub/BurntSushi/aho-corasick,2
2018-12-01,12228,4721,GitHub/seanmonstar/httparse,1
2018-12-01,12228,4722,GitHub/seanmonstar/httparse,2
2018-12-01,12228,3878,GitHub/seanmonstar/httparse,25
2018-12-01,12228,4720,GitHub/seanmonstar/httparse,2
2018-12-01,12266,3063,GitHub/bitflags/bitflags,1
2018-12-01,12266,2912,GitHub/bitflags/bitflags,16
2018-12-01,12266,3065,GitHub/bitflags/bitflags,1
2018-12-01,12266,3053,GitHub/bitflags/bitflags,2
2018-12-01,12266,3044,GitHub/bitflags/bitflags,3
2018-12-01,12266,3062,GitHub/bitflags/bitflags,1
2018-12-01,12266,1228,GitHub/bitflags/bitflags,1
2018-12-01,12266,233,GitHub/bitflags/bitflags,1
2018-12-01,12842,3092,GitHub/tokio-rs/slab,1
2018-12-01,12842,3433,GitHub/tokio-rs/slab,2
2018-12-01,14306,3097,GitHub/rust-num/num-integer,1
2018-12-01,14306,3025,GitHub/rust-num/num-integer,16
2018-12-01,14306,3527,GitHub/rust-num/num-integer,3
2018-12-01,16183,4236,GitHub/rust-lang/cc-rs,1
2018-12-01,16183,4134,GitHub/rust-lang/cc-rs,1
2018-12-01,16183,4230,GitHub/rust-lang/cc-rs,2
2018-12-01,16183,2909,GitHub/rust-lang/cc-rs,2
2018-12-01,16183,4063,GitHub/rust-lang/cc-rs,1
2018-12-01,16183,4132,GitHub/rust-lang/cc-rs,1
2018-12-01,16183,2867,GitHub/rust-lang/cc-rs,78
2018-12-01,16183,4229,GitHub/rust-lang/cc-rs,4
2018-12-01,16183,2982,GitHub/rust-lang/cc-rs,2
2018-12-01,16183,4133,GitHub/rust-lang/cc-rs,5
2018-12-01,16183,378,GitHub/rust-lang/cc-rs,1
2018-12-01,16183,3114,GitHub/rust-lang/cc-rs,3
2018-12-01,16183,3413,GitHub/rust-lang/cc-rs,1
2018-12-01,16183,4154,GitHub/rust-lang/cc-rs,1
2018-12-01,16183,3025,GitHub/rust-lang/cc-rs,3
2018-12-01,16183,3066,GitHub/rust-lang/cc-rs,1
2018-12-01,16183,4235,GitHub/rust-lang/cc-rs,2
2018-12-01,16183,1526,GitHub/rust-lang/cc-rs,1
2018-12-01,16183,3097,GitHub/rust-lang/cc-rs,1
2018-12-01,16183,4136,GitHub/rust-lang/cc-rs,1
2018-12-01,16183,2994,GitHub/rust-lang/cc-rs,2
2018-12-01,16183,4231,GitHub/rust-lang/cc-rs,2
2018-12-01,16183,4234,GitHub/rust-lang/cc-rs,1
2018-12-01,16183,1643,GitHub/rust-lang/cc-rs,2
2018-12-01,16183,4135,GitHub/rust-lang/cc-rs,1
2018-12-01,16183,3294,GitHub/rust-lang/cc-rs,2
2018-12-01,16183,4232,GitHub/rust-lang/cc-rs,3
2018-12-01,16183,3436,GitHub/rust-lang/cc-rs,1
2018-12-01,16183,3690,GitHub/rust-lang/cc-rs,2
2018-12-01,16259,4687,GitHub/rust-num/num-traits,1
2018-12-01,16259,4688,GitHub/rust-num/num-traits,1
2018-12-01,16259,3097,GitHub/rust-num/num-traits,1
2018-12-01,16259,2936,GitHub/rust-num/num-traits,1
2018-12-01,16259,2874,GitHub/rust-num/num-traits,10
2018-12-01,16259,4403,GitHub/rust-num/num-traits,1
2018-12-01,16259,3380,GitHub/rust-num/num-traits,16
2018-12-01,16259,4683,GitHub/rust-num/num-traits,1
2018-12-01,16259,4099,GitHub/rust-num/num-traits,1
2018-12-01,16259,3025,GitHub/rust-num/num-traits,67
2018-12-01,16259,4689,GitHub/rust-num/num-traits,6
2018-12-01,16259,2931,GitHub/rust-num/num-traits,9
2018-12-01,16259,3192,GitHub/rust-num/num-traits,1
2018-12-01,16259,4698,GitHub/rust-num/num-traits,5
2018-12-01,16259,4691,GitHub/rust-num/num-traits,2
2018-12-01,16259,2217,GitHub/rust-num/num-traits,2
2018-12-01,16259,4690,GitHub/rust-num/num-traits,1
2018-12-01,16492,4959,GitHub/tokio-rs/bytes,3
2018-12-01,16492,3403,GitHub/tokio-rs/bytes,2
2018-12-01,16492,4476,GitHub/tokio-rs/bytes,1
2018-12-01,16492,4956,GitHub/tokio-rs/bytes,2
2018-12-01,16492,4287,GitHub/tokio-rs/bytes,4
2018-12-01,16492,3878,GitHub/tokio-rs/bytes,5
2018-12-01,16492,3312,GitHub/tokio-rs/bytes,2
2018-12-01,16492,4960,GitHub/tokio-rs/bytes,2
2018-12-01,16492,3044,GitHub/tokio-rs/bytes,1
2018-12-01,16492,3593,GitHub/tokio-rs/bytes,1
2018-12-01,16492,4958,GitHub/tokio-rs/bytes,2
2018-12-01,16492,3433,GitHub/tokio-rs/bytes,26
2018-12-01,16492,3031,GitHub/tokio-rs/bytes,1
2018-12-01,16492,3147,GitHub/tokio-rs/bytes,1
2018-12-01,16492,1252,GitHub/tokio-rs/bytes,1
2018-12-01,16492,4957,GitHub/tokio-rs/bytes,1
2018-12-01,16492,3013,GitHub/tokio-rs/bytes,2
2018-12-01,17630,3025,GitHub/bluss/either,2
2018-12-01,17630,1246,GitHub/bluss/either,4
2018-12-01,17630,3128,GitHub/bluss/either,1
2018-12-01,17630,268,GitHub/bluss/either,4
2018-12-01,17630,3129,GitHub/bluss/either,1
2018-12-01,17721,2970,GitHub/matklad/once_cell,34
2018-12-01,17721,1309,GitHub/matklad/once_cell,2
2018-12-01,18006,3186,GitHub/crossbeam-rs/crossbeam,1
2018-12-01,18006,3422,GitHub/crossbeam-rs/crossbeam,1
2018-12-01,18006,3170,GitHub/crossbeam-rs/crossbeam,2
2018-12-01,18006,3418,GitHub/crossbeam-rs/crossbeam,1
2018-12-01,18006,3013,GitHub/crossbeam-rs/crossbeam,4
2018-12-01,18006,233,GitHub/crossbeam-rs/crossbeam,6
2018-12-01,18006,3042,GitHub/crossbeam-rs/crossbeam,1
2018-12-01,18006,3414,GitHub/crossbeam-rs/crossbeam,2
2018-12-01,18006,3312,GitHub/crossbeam-rs/crossbeam,1
2018-12-01,18006,2968,GitHub/crossbeam-rs/crossbeam,15
2018-12-01,18006,3415,GitHub/crossbeam-rs/crossbeam,12
2018-12-01,18006,3242,GitHub/crossbeam-rs/crossbeam,3
2018-12-01,18006,3097,GitHub/crossbeam-rs/crossbeam,1
2018-12-01,18006,2985,GitHub/crossbeam-rs/crossbeam,2
2018-12-01,18006,658,GitHub/crossbeam-rs/crossbeam,1
2018-12-01,18006,3420,GitHub/crossbeam-rs/crossbeam,2
2018-12-01,18006,209,GitHub/crossbeam-rs/crossbeam,2
2018-12-01,18006,3413,GitHub/crossbeam-rs/crossbeam,1
2018-12-01,18006,353,GitHub/crossbeam-rs/crossbeam,457
2018-12-01,18006,665,GitHub/crossbeam-rs/crossbeam,4
2018-12-01,18006,3419,GitHub/crossbeam-rs/crossbeam,1
2018-12-01,18006,3421,GitHub/crossbeam-rs/crossbeam,1
2018-12-01,18006,3416,GitHub/crossbeam-rs/crossbeam,5
2018-12-01,18006,3417,GitHub/crossbeam-rs/crossbeam,3
2018-12-01,18006,659,GitHub/crossbeam-rs/crossbeam,1
2018-12-01,18006,3096,GitHub/crossbeam-rs/crossbeam,33
2018-12-01,19184,3167,GitHub/bluss/scopeguard,6
2018-12-01,19468,4795,GitHub/servo/rust-fnv,2
2018-12-01,20410,3973,GitHub/mgeisler/textwrap,1
2018-12-01,20410,3980,GitHub/mgeisler/textwrap,5
2018-12-01,20410,2872,GitHub/mgeisler/textwrap,56
2018-12-01,20410,3979,GitHub/mgeisler/textwrap,1
2018-12-01,20699,2975,GitHub/Amanieu/parking_lot,2
2018-12-01,20699,2968,GitHub/Amanieu/parking_lot,69
2018-12-01,20699,2973,GitHub/Amanieu/parking_lot,5
2018-12-01,20699,2981,GitHub/Amanieu/parking_lot,3
2018-12-01,20699,2985,GitHub/Amanieu/parking_lot,1
2018-12-01,20699,2978,GitHub/Amanieu/parking_lot,1
2018-12-01,20699,2976,GitHub/Amanieu/parking_lot,1
2018-12-01,20699,155,GitHub/Amanieu/parking_lot,1
2018-12-01,20699,2977,GitHub/Amanieu/parking_lot,1
2018-12-01,20699,2984,GitHub/Amanieu/parking_lot,1
2018-12-01,20699,2982,GitHub/Amanieu/parking_lot,1
2018-12-01,20699,2867,GitHub/Amanieu/parking_lot,1
2018-12-01,20699,2980,GitHub/Amanieu/parking_lot,1
2018-12-01,20699,2983,GitHub/Amanieu/parking_lot,1
2018-12-01,20699,138,GitHub/Amanieu/parking_lot,2
2018-12-01,20699,2974,GitHub/Amanieu/parking_lot,1
2018-12-01,20699,2979,GitHub/Amanieu/parking_lot,1
2018-12-01,20699,2916,GitHub/Amanieu/parking_lot,2
2018-12-01,20949,3713,GitHub/Geal/nom,2
2018-12-01,20949,981,GitHub/Geal/nom,1
2018-12-01,20949,3217,GitHub/Geal/nom,1
2018-12-01,20949,3224,GitHub/Geal/nom,1
2018-12-01,20949,1011,GitHub/Geal/nom,4
2018-12-01,20949,3502,GitHub/Geal/nom,1
2018-12-01,20949,3729,GitHub/Geal/nom,1
2018-12-01,20949,3632,GitHub/Geal/nom,1
2018-12-01,20949,3665,GitHub/Geal/nom,1
2018-12-01,20949,3728,GitHub/Geal/nom,1
2018-12-01,20949,3710,GitHub/Geal/nom,7
2018-12-01,20949,3717,GitHub/Geal/nom,3
2018-12-01,20949,3214,GitHub/Geal/nom,5
2018-12-01,20949,3063,GitHub/Geal/nom,4
2018-12-01,20949,1015,GitHub/Geal/nom,1
2018-12-01,20949,3588,GitHub/Geal/nom,3
2018-12-01,20949,3139,GitHub/Geal/nom,5
2018-12-01,20949,3112,GitHub/Geal/nom,1
2018-12-01,20949,3733,GitHub/Geal/nom,2
2018-12-01,20949,3736,GitHub/Geal/nom,1
2018-12-01,20949,3721,GitHub/Geal/nom,1
2018-12-01,20949,3720,GitHub/Geal/nom,1
2018-12-01,20949,3689,GitHub/Geal/nom,1
2018-12-01,20949,3724,GitHub/Geal/nom,1
2018-12-01,20949,3725,GitHub/Geal/nom,1
2018-12-01,20949,1004,GitHub/Geal/nom,1
2018-12-01,20949,3534,GitHub/Geal/nom,209
2018-12-01,20949,3738,GitHub/Geal/nom,2
2018-12-01,20949,3255,GitHub/Geal/nom,2
2018-12-01,20949,3527,GitHub/Geal/nom,1
2018-12-01,20949,3711,GitHub/Geal/nom,7
2018-12-01,20949,3737,GitHub/Geal/nom,1
2018-12-01,20949,3718,GitHub/Geal/nom,1
2018-12-01,20949,3708,GitHub/Geal/nom,1
2018-12-01,20949,3716,GitHub/Geal/nom,1
2018-12-01,20949,3723,GitHub/Geal/nom,1
2018-12-01,20949,3734,GitHub/Geal/nom,1
2018-12-01,20949,3709,GitHub/Geal/nom,3
2018-12-01,20949,3727,GitHub/Geal/nom,2
2018-12-01,20949,3715,GitHub/Geal/nom,1
2018-12-01,20949,3108,GitHub/Geal/nom,1
2018-12-01,20949,3714,GitHub/Geal/nom,1
2018-12-01,20949,3719,GitHub/Geal/nom,1
2018-12-01,20949,3712,GitHub/Geal/nom,1
2018-12-01,20949,2873,GitHub/Geal/nom,1
2018-12-01,20949,3726,GitHub/Geal/nom,6
2018-12-01,20949,3422,GitHub/Geal/nom,1
2018-12-01,20949,3732,GitHub/Geal/nom,1
2018-12-01,20949,3735,GitHub/Geal/nom,1
2018-12-01,20949,3730,GitHub/Geal/nom,4
2018-12-01,21282,2874,GitHub/bluss/arrayvec,3
2018-12-01,21282,3096,GitHub/bluss/arrayvec,1
2018-12-01,21282,3114,GitHub/bluss/arrayvec,1
2018-12-01,21282,3113,GitHub/bluss/arrayvec,4
2018-12-01,21282,268,GitHub/bluss/arrayvec,43
2018-12-01,21445,3097,GitHub/marshallpierce/rust-base64,1
2018-12-01,21445,3932,GitHub/marshallpierce/rust-base64,3
2018-12-01,21445,3713,GitHub/marshallpierce/rust-base64,1
2018-12-01,21445,3718,GitHub/marshallpierce/rust-base64,1
2018-12-01,21445,3933,GitHub/marshallpierce/rust-base64,3
2018-12-01,21445,1281,GitHub/marshallpierce/rust-base64,49
2018-12-01,21445,1273,GitHub/marshallpierce/rust-base64,2
2018-12-01,21445,3934,GitHub/marshallpierce/rust-base64,1
2018-12-01,21445,209,GitHub/marshallpierce/rust-base64,1
2018-12-01,21445,1272,GitHub/marshallpierce/rust-base64,5
2018-12-01,22724,2968,GitHub/rust-lang/log,2
2018-12-01,22724,3969,GitHub/rust-lang/log,2
2018-12-01,22724,3633,GitHub/rust-lang/log,2
2018-12-01,22724,4476,GitHub/rust-lang/log,2
2018-12-01,22724,2971,GitHub/rust-lang/log,1
2018-12-01,22724,2945,GitHub/rust-lang/log,12
2018-12-01,22724,2867,GitHub/rust-lang/log,2
2018-12-01,22724,3741,GitHub/rust-lang/log,1
2018-12-01,22724,3403,GitHub/rust-lang/log,1
2018-12-01,22724,3097,GitHub/rust-lang/log,1
2018-12-01,22724,4475,GitHub/rust-lang/log,2
2018-12-01,22724,2912,GitHub/rust-lang/log,10
2018-12-01,22724,233,GitHub/rust-lang/log,1
2018-12-01,22724,3044,GitHub/rust-lang/log,5
2018-12-01,22724,4473,GitHub/rust-lang/log,1
2018-12-01,22724,3353,GitHub/rust-lang/log,1
2018-12-01,22804,2873,GitHub/alexcrichton/cfg-if,2
2018-12-01,22804,2867,GitHub/alexcrichton/cfg-if,8
2018-12-01,22804,2870,GitHub/alexcrichton/cfg-if,1
2018-12-01,23287,4055,GitHub/rust-itertools/itertools,1
2018-12-01,23287,3640,GitHub/rust-itertools/itertools,1
2018-12-01,23287,3185,GitHub/rust-itertools/itertools,1
2018-12-01,23287,3106,GitHub/rust-itertools/itertools,4
2018-12-01,23287,1431,GitHub/rust-itertools/itertools,5
2018-12-01,23287,2970,GitHub/rust-itertools/itertools,1
2018-12-01,23287,4056,GitHub/rust-itertools/itertools,5
2018-12-01,23287,3097,GitHub/rust-itertools/itertools,1
2018-12-01,23287,2927,GitHub/rust-itertools/itertools,1
2018-12-01,23287,4054,GitHub/rust-itertools/itertools,2
2018-12-01,23287,268,GitHub/rust-itertools/itertools,55
2018-12-01,23287,4053,GitHub/rust-itertools/itertools,1
2018-12-01,23287,3225,GitHub/rust-itertools/itertools,1
2018-12-01,24440,496,GitHub/ogham/rust-ansi-term,8
2018-12-01,24440,2975,GitHub/ogham/rust-ansi-term,4
2018-12-01,24440,3987,GitHub/ogham/rust-ansi-term,1
2018-12-01,24440,3988,GitHub/ogham/rust-ansi-term,1
2018-12-01,24440,1343,GitHub/ogham/rust-ansi-term,2
2018-12-01,24440,3990,GitHub/ogham/rust-ansi-term,1
2018-12-01,24440,3989,GitHub/ogham/rust-ansi-term,1
2018-12-01,24440,3986,GitHub/ogham/rust-ansi-term,3
2018-12-01,24455,3025,GitHub/serde-rs/json,1
2018-12-01,24455,4765,GitHub/serde-rs/json,1
2018-12-01,24455,3094,GitHub/serde-rs/json,1
2018-12-01,24455,760,GitHub/serde-rs/json,2
2018-12-01,24455,4764,GitHub/serde-rs/json,2
2018-12-01,24455,3192,GitHub/serde-rs/json,1
2018-12-01,24455,3637,GitHub/serde-rs/json,2
2018-12-01,24455,3891,GitHub/serde-rs/json,1
2018-12-01,24455,2310,GitHub/serde-rs/json,1
2018-12-01,24455,65,GitHub/serde-rs/json,1
2018-12-01,24455,4254,GitHub/serde-rs/json,2
2018-12-01,24455,2985,GitHub/serde-rs/json,1
2018-12-01,24455,2912,GitHub/serde-rs/json,147
2018-12-01,24455,4761,GitHub/serde-rs/json,2
2018-12-01,24455,4762,GitHub/serde-rs/json,3
2018-12-01,24455,4315,GitHub/serde-rs/json,1
2018-12-01,25976,3502,GitHub/rust-lang/regex,1
2018-12-01,25976,4576,GitHub/rust-lang/regex,1
2018-12-01,25976,3097,GitHub/rust-lang/regex,1
2018-12-01,25976,4583,GitHub/rust-lang/regex,1
2018-12-01,25976,3571,GitHub/rust-lang/regex,1
2018-12-01,25976,2988,GitHub/rust-lang/regex,1
2018-12-01,25976,4577,GitHub/rust-lang/regex,1
2018-12-01,25976,4579,GitHub/rust-lang/regex,1
2018-12-01,25976,4545,GitHub/rust-lang/regex,2
2018-12-01,25976,4578,GitHub/rust-lang/regex,1
2018-12-01,25976,3041,GitHub/rust-lang/regex,1
2018-12-01,25976,3025,GitHub/rust-lang/regex,1
2018-12-01,25976,4580,GitHub/rust-lang/regex,1
2018-12-01,25976,3632,GitHub/rust-lang/regex,2
2018-12-01,25976,3637,GitHub/rust-lang/regex,1
2018-12-01,25976,3230,GitHub/rust-lang/regex,1
2018-12-01,25976,3043,GitHub/rust-lang/regex,98
2018-12-01,25976,4581,GitHub/rust-lang/regex,1
2018-12-01,25976,155,GitHub/rust-lang/regex,1
2018-12-01,25976,233,GitHub/rust-lang/regex,2
2018-12-01,25976,4582,GitHub/rust-lang/regex,3
2018-12-01,25976,423,GitHub/rust-lang/regex,6
2018-12-01,26074,3042,GitHub/paholg/typenum,1
2018-12-01,26074,3217,GitHub/paholg/typenum,1
2018-12-01,26074,4001,GitHub/paholg/typenum,2
2018-12-01,26074,3614,GitHub/paholg/typenum,13
2018-12-01,26074,3438,GitHub/paholg/typenum,2
2018-12-01,26074,4005,GitHub/paholg/typenum,2
2018-12-01,28336,3189,GitHub/RustCrypto/traits,17
2018-12-01,28336,4022,GitHub/RustCrypto/traits,1
2018-12-01,28336,1381,GitHub/RustCrypto/traits,1
2018-12-01,28336,3631,GitHub/RustCrypto/traits,1
2018-12-01,28336,1382,GitHub/RustCrypto/traits,3
2018-12-01,28705,3462,GitHub/dguo/strsim-rs,1
2018-12-01,28705,3463,GitHub/dguo/strsim-rs,1
2018-12-01,28705,3097,GitHub/dguo/strsim-rs,1
2018-12-01,28705,3464,GitHub/dguo/strsim-rs,1
2018-12-01,28705,3461,GitHub/dguo/strsim-rs,1
2018-12-01,28705,3465,GitHub/dguo/strsim-rs,1
2018-12-01,28705,707,GitHub/dguo/strsim-rs,9
2018-12-01,30968,2343,GitHub/SergioBenitez/version_check,5
2018-12-01,32560,3043,GitHub/BurntSushi/memchr,21
2018-12-01,32560,2975,GitHub/BurntSushi/memchr,4
2018-12-01,32560,3212,GitHub/BurntSushi/memchr,1
2018-12-01,32560,209,GitHub/BurntSushi/memchr,2
2018-12-01,32560,423,GitHub/BurntSushi/memchr,1
2018-12-01,32560,3097,GitHub/BurntSushi/memchr,1
2018-12-01,33435,2912,GitHub/dtolnay/itoa,23
2018-12-01,33435,3492,GitHub/dtolnay/itoa,4
2018-12-01,33435,3217,GitHub/dtolnay/itoa,4
2018-12-01,33435,3180,GitHub/dtolnay/itoa,1
2018-12-01,34191,532,GitHub/RustCrypto/utils,1
2018-12-01,34191,4039,GitHub/RustCrypto/utils,1
2018-12-01,34191,4040,GitHub/RustCrypto/utils,1
2018-12-01,34191,3448,GitHub/RustCrypto/utils,1
2018-12-01,34191,3189,GitHub/RustCrypto/utils,29
2018-12-01,34831,2970,GitHub/rust-lang/futures-rs,3
2018-12-01,34831,1743,GitHub/rust-lang/futures-rs,39
2018-12-01,34831,4325,GitHub/rust-lang/futures-rs,3
2018-12-01,34831,4248,GitHub/rust-lang/futures-rs,1
2018-12-01,34831,1879,GitHub/rust-lang/futures-rs,1
2018-12-01,34831,3180,GitHub/rust-lang/futures-rs,9
2018-12-01,34831,3427,GitHub/rust-lang/futures-rs,86
2018-12-01,34831,4317,GitHub/rust-lang/futures-rs,1
2018-12-01,34831,3438,GitHub/rust-lang/futures-rs,1
2018-12-01,34831,4326,GitHub/rust-lang/futures-rs,2
2018-12-01,34831,3108,GitHub/rust-lang/futures-rs,1
2018-12-01,34831,3598,GitHub/rust-lang/futures-rs,1
2018-12-01,34831,353,GitHub/rust-lang/futures-rs,1
2018-12-01,34831,3637,GitHub/rust-lang/futures-rs,4
2018-12-01,34831,3147,GitHub/rust-lang/futures-rs,11
2018-12-01,34831,1864,GitHub/rust-lang/futures-rs,1
2018-12-01,34831,3860,GitHub/rust-lang/futures-rs,3
2018-12-01,34831,1725,GitHub/rust-lang/futures-rs,1
2018-12-01,34831,4247,GitHub/rust-lang/futures-rs,274
2018-12-01,34831,3581,GitHub/rust-lang/futures-rs,198
2018-12-01,34831,1872,GitHub/rust-lang/futures-rs,8
2018-12-01,34831,4289,GitHub/rust-lang/futures-rs,2
2018-12-01,34831,4256,GitHub/rust-lang/futures-rs,1
2018-12-01,34831,4257,GitHub/rust-lang/futures-rs,1
2018-12-01,34831,4250,GitHub/rust-lang/futures-rs,1
2018-12-01,34831,4409,GitHub/rust-lang/futures-rs,1
2018-12-01,34831,4258,GitHub/rust-lang/futures-rs,3
2018-12-01,34831,2988,GitHub/rust-lang/futures-rs,1
2018-12-01,34831,3416,GitHub/rust-lang/futures-rs,1
2018-12-01,34831,3435,GitHub/rust-lang/futures-rs,1
2018-12-01,34831,1755,GitHub/rust-lang/futures-rs,1
2018-12-01,34831,4323,GitHub/rust-lang/futures-rs,8
2018-12-01,34831,4055,GitHub/rust-lang/futures-rs,1
2018-12-01,34831,3113,GitHub/rust-lang/futures-rs,1
2018-12-01,34831,3505,GitHub/rust-lang/futures-rs,1
2018-12-01,34831,4425,GitHub/rust-lang/futures-rs,3
2018-12-01,34831,3502,GitHub/rust-lang/futures-rs,96
2018-12-01,34831,4411,GitHub/rust-lang/futures-rs,1
2018-12-01,34831,4329,GitHub/rust-lang/futures-rs,1
2018-12-01,34831,3194,GitHub/rust-lang/futures-rs,7
2018-12-01,34831,4327,GitHub/rust-lang/futures-rs,1
2018-12-01,34831,3145,GitHub/rust-lang/futures-rs,2
2018-12-01,34831,4324,GitHub/rust-lang/futures-rs,1
2018-12-01,34831,4328,GitHub/rust-lang/futures-rs,1
2018-12-01,34831,4253,GitHub/rust-lang/futures-rs,1
2018-12-01,34831,1662,GitHub/rust-lang/futures-rs,1
2018-12-01,34831,4065,GitHub/rust-lang/futures-rs,6
2018-12-01,34831,4421,GitHub/rust-lang/futures-rs,10
2018-12-01,34831,1228,GitHub/rust-lang/futures-rs,6
2018-12-01,34831,3389,GitHub/rust-lang/futures-rs,2
2018-12-01,34831,3428,GitHub/rust-lang/futures-rs,1
2018-12-01,34831,4319,GitHub/rust-lang/futures-rs,2
2018-12-01,34831,4314,GitHub/rust-lang/futures-rs,1
2018-12-01,34831,4414,GitHub/rust-lang/futures-rs,1
2018-12-01,34831,4320,GitHub/rust-lang/futures-rs,1
2018-12-01,34831,3168,GitHub/rust-lang/futures-rs,1
2018-12-01,34831,1666,GitHub/rust-lang/futures-rs,2
2018-12-01,34831,4249,GitHub/rust-lang/futures-rs,2
2018-12-01,34831,3362,GitHub/rust-lang/futures-rs,1
2018-12-01,34831,3032,GitHub/rust-lang/futures-rs,2
2018-12-01,34831,4330,GitHub/rust-lang/futures-rs,1
2018-12-01,34831,4393,GitHub/rust-lang/futures-rs,1
2018-12-01,34831,4316,GitHub/rust-lang/futures-rs,2
2018-12-01,34831,4412,GitHub/rust-lang/futures-rs,2
2018-12-01,34831,1836,GitHub/rust-lang/futures-rs,1
2018-12-01,34831,4416,GitHub/rust-lang/futures-rs,7
2018-12-01,34831,209,GitHub/rust-lang/futures-rs,1
2018-12-01,34831,4410,GitHub/rust-lang/futures-rs,5
2018-12-01,34831,4254,GitHub/rust-lang/futures-rs,1
2018-12-01,34831,4413,GitHub/rust-lang/futures-rs,1
2018-12-01,34831,4315,GitHub/rust-lang/futures-rs,1
2018-12-01,34831,4415,GitHub/rust-lang/futures-rs,18
2018-12-01,34831,2927,GitHub/rust-lang/futures-rs,1
2018-12-01,34831,3433,GitHub/rust-lang/futures-rs,26
2018-12-01,34831,4246,GitHub/rust-lang/futures-rs,3
2018-12-01,34831,3761,GitHub/rust-lang/futures-rs,1
2018-12-01,34831,3268,GitHub/rust-lang/futures-rs,3
2018-12-01,34831,4313,GitHub/rust-lang/futures-rs,6
2018-12-01,34831,4322,GitHub/rust-lang/futures-rs,1
2018-12-01,34831,4251,GitHub/rust-lang/futures-rs,1
2018-12-01,34831,4252,GitHub/rust-lang/futures-rs,4
2018-12-01,34831,4288,GitHub/rust-lang/futures-rs,3
2018-12-01,34831,3318,GitHub/rust-lang/futures-rs,1
2018-12-01,34831,3878,GitHub/rust-lang/futures-rs,17
2018-12-01,34831,4408,GitHub/rust-lang/futures-rs,1
2018-12-01,34831,2980,GitHub/rust-lang/futures-rs,1
2018-12-01,34831,4255,GitHub/rust-lang/futures-rs,2
2018-12-01,34831,4259,GitHub/rust-lang/futures-rs,2
2018-12-01,34831,4321,GitHub/rust-lang/futures-rs,1
2018-12-01,34831,3312,GitHub/rust-lang/futures-rs,3
2018-12-01,34831,2867,GitHub/rust-lang/futures-rs,93
2018-12-01,35574,155,GitHub/unicode-rs/unicode-normalization,1
2018-12-01,35574,3741,GitHub/unicode-rs/unicode-normalization,2
2018-12-01,35574,2867,GitHub/unicode-rs/unicode-normalization,1
2018-12-01,35574,3173,GitHub/unicode-rs/unicode-normalization,1
2018-12-01,35574,4979,GitHub/unicode-rs/unicode-normalization,14
2018-12-01,35737,3025,GitHub/cuviper/autocfg,4
2018-12-01,36114,3413,GitHub/SimonSapin/rust-std-candidates,8
2018-12-01,36114,3173,GitHub/SimonSapin/rust-std-candidates,1
2018-12-01,36424,2950,GitHub/steveklabnik/semver-parser,15
2018-12-01,36424,3651,GitHub/steveklabnik/semver-parser,1
2018-12-01,37083,3235,GitHub/BurntSushi/termcolor,1
2018-12-01,37083,3043,GitHub/BurntSushi/termcolor,125
2018-12-01,37083,3241,GitHub/BurntSushi/termcolor,1
2018-12-01,37083,3265,GitHub/BurntSushi/termcolor,2
2018-12-01,37083,3261,GitHub/BurntSushi/termcolor,1
2018-12-01,37083,2985,GitHub/BurntSushi/termcolor,1
2018-12-01,37083,3258,GitHub/BurntSushi/termcolor,1
2018-12-01,37083,3253,GitHub/BurntSushi/termcolor,2
2018-12-01,37083,460,GitHub/BurntSushi/termcolor,1
2018-12-01,37083,3254,GitHub/BurntSushi/termcolor,1
2018-12-01,37083,457,GitHub/BurntSushi/termcolor,2
2018-12-01,37083,466,GitHub/BurntSushi/termcolor,1
2018-12-01,37083,2875,GitHub/BurntSushi/termcolor,1
2018-12-01,37083,3236,GitHub/BurntSushi/termcolor,1
2018-12-01,37083,2914,GitHub/BurntSushi/termcolor,1
2018-12-01,37083,3232,GitHub/BurntSushi/termcolor,8
2018-12-01,37083,3260,GitHub/BurntSushi/termcolor,1
2018-12-01,37083,3251,GitHub/BurntSushi/termcolor,1
2018-12-01,37083,353,GitHub/BurntSushi/termcolor,1
2018-12-01,37083,3262,GitHub/BurntSushi/termcolor,1
2018-12-01,37083,3246,GitHub/BurntSushi/termcolor,1
2018-12-01,37083,3238,GitHub/BurntSushi/termcolor,1
2018-12-01,37083,2881,GitHub/BurntSushi/termcolor,1
2018-12-01,37083,3257,GitHub/BurntSushi/termcolor,1
2018-12-01,37083,3267,GitHub/BurntSushi/termcolor,1
2018-12-01,37083,3255,GitHub/BurntSushi/termcolor,1
2018-12-01,37083,3242,GitHub/BurntSushi/termcolor,1
2018-12-01,37083,454,GitHub/BurntSushi/termcolor,1
2018-12-01,37083,470,GitHub/BurntSushi/termcolor,2
2018-12-01,37083,3252,GitHub/BurntSushi/termcolor,10
2018-12-01,37083,3097,GitHub/BurntSushi/termcolor,4
2018-12-01,37083,3248,GitHub/BurntSushi/termcolor,1
2018-12-01,37083,3237,GitHub/BurntSushi/termcolor,1
2018-12-01,37083,3249,GitHub/BurntSushi/termcolor,1
2018-12-01,37083,3245,GitHub/BurntSushi/termcolor,1
2018-12-01,37083,3259,GitHub/BurntSushi/termcolor,1
2018-12-01,37083,3247,GitHub/BurntSushi/termcolor,1
2018-12-01,37083,3250,GitHub/BurntSushi/termcolor,1
2018-12-01,37083,3234,GitHub/BurntSushi/termcolor,2
2018-12-01,37083,3042,GitHub/BurntSushi/termcolor,1
2018-12-01,37083,3264,GitHub/BurntSushi/termcolor,1
2018-12-01,37083,473,GitHub/BurntSushi/termcolor,2
2018-12-01,37083,3239,GitHub/BurntSushi/termcolor,1
2018-12-01,37083,3243,GitHub/BurntSushi/termcolor,1
2018-12-01,37083,3147,GitHub/BurntSushi/termcolor,1
2018-12-01,37083,3240,GitHub/BurntSushi/termcolor,1
2018-12-01,37083,3263,GitHub/BurntSushi/termcolor,1
2018-12-01,37083,472,GitHub/BurntSushi/termcolor,1
2018-12-01,37083,3180,GitHub/BurntSushi/termcolor,1
2018-12-01,37083,453,GitHub/BurntSushi/termcolor,1
2018-12-01,37083,3256,GitHub/BurntSushi/termcolor,1
2018-12-01,37083,3230,GitHub/BurntSushi/termcolor,1
2018-12-01,37083,209,GitHub/BurntSushi/termcolor,1
2018-12-01,37083,3233,GitHub/BurntSushi/termcolor,1
2018-12-01,37083,3231,GitHub/BurntSushi/termcolor,1
2018-12-01,37101,3025,GitHub/Gilnaa/memoffset,1
2018-12-01,37101,3096,GitHub/Gilnaa/memoffset,1
2018-12-01,37101,1198,GitHub/Gilnaa/memoffset,4
2018-12-01,37612,771,GitHub/dtolnay/quote,1
2018-12-01,37612,2983,GitHub/dtolnay/quote,1
2018-12-01,37612,2867,GitHub/dtolnay/quote,3
2018-12-01,37612,1228,GitHub/dtolnay/quote,1
2018-12-01,37612,3505,GitHub/dtolnay/quote,1
2018-12-01,37612,3021,GitHub/dtolnay/quote,1
2018-12-01,37612,2912,GitHub/dtolnay/quote,76
2018-12-01,37844,2867,GitHub/softprops/atty,2
2018-12-01,37844,4270,GitHub/softprops/atty,18
2018-12-01,37844,2875,GitHub/softprops/atty,1
2018-12-01,37844,3043,GitHub/softprops/atty,1
2018-12-01,37844,3097,GitHub/softprops/atty,1
2018-12-01,37844,4892,GitHub/softprops/atty,1
2018-12-01,38667,3129,GitHub/bluss/indexmap,2
2018-12-01,38667,268,GitHub/bluss/indexmap,78
2018-12-01,38667,3162,GitHub/bluss/indexmap,3
2018-12-01,38667,3025,GitHub/bluss/indexmap,7
2018-12-01,38667,3145,GitHub/bluss/indexmap,1
2018-12-01,39779,2508,GitHub/time-rs/time,1
2018-12-01,39779,2930,GitHub/time-rs/time,1
2018-12-01,39779,2867,GitHub/time-rs/time,6
2018-12-01,39779,2992,GitHub/time-rs/time,2
2018-12-01,39779,2985,GitHub/time-rs/time,1
2018-12-01,40494,4795,GitHub/servo/unicode-bidi,1
2018-12-01,40937,2950,GitHub/dtolnay/semver,11
2018-12-01,40937,3516,GitHub/dtolnay/semver,2
2018-12-01,41752,2945,GitHub/servo/rust-url,3
2018-12-01,41752,204,GitHub/servo/rust-url,13
2018-12-01,41752,4795,GitHub/servo/rust-url,1
2018-12-01,41752,3413,GitHub/servo/rust-url,39
2018-12-01,41752,1252,GitHub/servo/rust-url,2
2018-12-01,41752,3032,GitHub/servo/rust-url,3
2018-12-01,41957,2343,GitHub/dtolnay/proc-macro2,2
2018-12-01,41957,760,GitHub/dtolnay/proc-macro2,1
2018-12-01,41957,3503,GitHub/dtolnay/proc-macro2,1
2018-12-01,41957,3506,GitHub/dtolnay/proc-macro2,1
2018-12-01,41957,2867,GitHub/dtolnay/proc-macro2,56
2018-12-01,41957,3021,GitHub/dtolnay/proc-macro2,2
2018-12-01,41957,3504,GitHub/dtolnay/proc-macro2,1
2018-12-01,41957,1228,GitHub/dtolnay/proc-macro2,1
2018-12-01,41957,3505,GitHub/dtolnay/proc-macro2,1
2018-12-01,41957,2912,GitHub/dtolnay/proc-macro2,108
2018-12-01,42413,3521,GitHub/dtolnay/ryu,1
2018-12-01,42413,2912,GitHub/dtolnay/ryu,105
2018-12-01,42655,2867,GitHub/rust-lang/socket2,24
2018-12-01,42655,4300,GitHub/rust-lang/socket2,4
2018-12-01,42655,3757,GitHub/rust-lang/socket2,1
2018-12-01,42655,4615,GitHub/rust-lang/socket2,10
2018-12-01,42655,2127,GitHub/rust-lang/socket2,1
2018-12-01,42655,4616,GitHub/rust-lang/socket2,1
2018-12-01,42655,2945,GitHub/rust-lang/socket2,4
2018-12-01,42677,2942,GitHub/withoutboats/heck,1
2018-12-01,44362,4440,GitHub/rust-lang/hashbrown,1
2018-12-01,44362,3106,GitHub/rust-lang/hashbrown,1
2018-12-01,44362,2968,GitHub/rust-lang/hashbrown,25
2018-12-01,44362,2887,GitHub/rust-lang/hashbrown,2
2018-12-01,44362,3025,GitHub/rust-lang/hashbrown,3
2018-12-01,44362,2927,GitHub/rust-lang/hashbrown,1
2018-12-01,44362,1228,GitHub/rust-lang/hashbrown,3
2018-12-01,44362,4439,GitHub/rust-lang/hashbrown,1
2018-12-01,44362,4442,GitHub/rust-lang/hashbrown,1
2018-12-01,46027,2903,GitHub/alexcrichton/toml-rs,11
2018-12-01,46027,2875,GitHub/alexcrichton/toml-rs,10
2018-12-01,46027,2909,GitHub/alexcrichton/toml-rs,3
2018-12-01,46027,2906,GitHub/alexcrichton/toml-rs,1
2018-12-01,46027,2867,GitHub/alexcrichton/toml-rs,25
2018-12-01,46027,2905,GitHub/alexcrichton/toml-rs,1
2018-12-01,46027,2911,GitHub/alexcrichton/toml-rs,7
2018-12-01,46027,2912,GitHub/alexcrichton/toml-rs,1
2018-12-01,46027,2907,GitHub/alexcrichton/toml-rs,1
2018-12-01,46027,29,GitHub/alexcrichton/toml-rs,1
2018-12-01,46027,2910,GitHub/alexcrichton/toml-rs,1
2018-12-01,46027,1228,GitHub/alexcrichton/toml-rs,1
2018-12-01,46178,4626,GitHub/rust-lang-nursery/lazy-static.rs,1
2018-12-01,46178,3097,GitHub/rust-lang-nursery/lazy-static.rs,1
2018-12-01,46178,3044,GitHub/rust-lang-nursery/lazy-static.rs,23
2018-12-01,46178,233,GitHub/rust-lang-nursery/lazy-static.rs,1
2018-12-01,46178,3364,GitHub/rust-lang-nursery/lazy-static.rs,5
2018-12-01,46178,2912,GitHub/rust-lang-nursery/lazy-static.rs,8
2018-12-01,46178,4624,GitHub/rust-lang-nursery/lazy-static.rs,2
2018-12-01,46178,4625,GitHub/rust-lang-nursery/lazy-static.rs,1
2018-12-01,49067,2968,GitHub/Amanieu/thread_local-rs,2
2018-12-01,49067,3041,GitHub/Amanieu/thread_local-rs,3
2018-12-01,49075,3741,GitHub/rust-lang/pkg-config-rs,3
2018-12-01,49075,3690,GitHub/rust-lang/pkg-config-rs,1
2018-12-01,49075,3194,GitHub/rust-lang/pkg-config-rs,4
2018-12-01,49075,2867,GitHub/rust-lang/pkg-config-rs,17
2018-12-01,49075,209,GitHub/rust-lang/pkg-config-rs,1
2018-12-01,49075,2900,GitHub/rust-lang/pkg-config-rs,1
2018-12-01,49075,1989,GitHub/rust-lang/pkg-config-rs,8
2018-12-01,49075,2909,GitHub/rust-lang/pkg-config-rs,1
2018-12-01,49075,4512,GitHub/rust-lang/pkg-config-rs,1
2018-12-01,49075,4507,GitHub/rust-lang/pkg-config-rs,2
2018-12-01,52462,3644,GitHub/Frommi/miniz_oxide,2
2018-12-01,52462,2890,GitHub/Frommi/miniz_oxide,7
2018-12-01,52462,3422,GitHub/Frommi/miniz_oxide,1
2018-12-01,52462,3638,GitHub/Frommi/miniz_oxide,1
2018-12-01,52462,3097,GitHub/Frommi/miniz_oxide,2
2018-12-01,52462,3458,GitHub/Frommi/miniz_oxide,1
2018-12-01,52462,3641,GitHub/Frommi/miniz_oxide,2
2018-12-01,52462,3640,GitHub/Frommi/miniz_oxide,1
2018-12-01,52462,3639,GitHub/Frommi/miniz_oxide,1
2018-12-01,52462,898,GitHub/Frommi/miniz_oxide,16
2018-12-01,52462,3636,GitHub/Frommi/miniz_oxide,15
2018-12-01,52465,3607,GitHub/fizyk20/generic-array,18
2018-12-01,52465,877,GitHub/fizyk20/generic-array,1
2018-12-01,52465,3606,GitHub/fizyk20/generic-array,13
2018-12-01,52465,3617,GitHub/fizyk20/generic-array,1
2018-12-01,52465,3613,GitHub/fizyk20/generic-array,1
2018-12-01,52465,3380,GitHub/fizyk20/generic-array,1
2019-02-01,626,3878,GitHub/hyperium/http,3
2019-02-01,3150,4732,GitHub/seanmonstar/num_cpus,1
2019-02-01,4484,3043,GitHub/BurntSushi/byteorder,7
2019-02-01,4484,3188,GitHub/BurntSushi/byteorder,1
2019-02-01,4733,3063,GitHub/dtolnay/syn,1
2019-02-01,4733,3581,GitHub/dtolnay/syn,1
2019-02-01,4733,3528,GitHub/dtolnay/syn,1
2019-02-01,4733,2912,GitHub/dtolnay/syn,18
2019-02-01,7322,2988,GitHub/servo/rust-smallvec,2
2019-02-01,7415,3182,GitHub/BurntSushi/aho-corasick,1
2019-02-01,12266,3061,GitHub/bitflags/bitflags,1
2019-02-01,12842,3433,GitHub/tokio-rs/slab,6
2019-02-01,12842,4975,GitHub/tokio-rs/slab,2
2019-02-01,14306,3025,GitHub/rust-num/num-integer,1
2019-02-01,16183,2909,GitHub/rust-lang/cc-rs,1
2019-02-01,16183,2867,GitHub/rust-lang/cc-rs,5
2019-02-01,16183,3217,GitHub/rust-lang/cc-rs,1
2019-02-01,16492,4950,GitHub/tokio-rs/bytes,1
2019-02-01,16492,4954,GitHub/tokio-rs/bytes,1
2019-02-01,17721,3960,GitHub/matklad/once_cell,4
2019-02-01,17721,2970,GitHub/matklad/once_cell,5
2019-02-01,18006,353,GitHub/crossbeam-rs/crossbeam,70
2019-02-01,18006,1476,GitHub/crossbeam-rs/crossbeam,1
2019-02-01,18006,3408,GitHub/crossbeam-rs/crossbeam,1
2019-02-01,18006,3410,GitHub/crossbeam-rs/crossbeam,2
2019-02-01,20699,2968,GitHub/Amanieu/parking_lot,7
2019-02-01,20949,3704,GitHub/Geal/nom,1
2019-02-01,20949,3534,GitHub/Geal/nom,3
2019-02-01,21445,1281,GitHub/marshallpierce/rust-base64,6
2019-02-01,21445,3294,GitHub/marshallpierce/rust-base64,1
2019-02-01,21445,1252,GitHub/marshallpierce/rust-base64,2
2019-02-01,22724,3197,GitHub/rust-lang/log,1
2019-02-01,22724,3044,GitHub/rust-lang/log,4
2019-02-01,22804,2867,GitHub/alexcrichton/cfg-if,2
2019-02-01,24455,2912,GitHub/serde-rs/json,14
2019-02-01,25976,3640,GitHub/rust-lang/regex,1
2019-02-01,25976,4574,GitHub/rust-lang/regex,1
2019-02-01,25976,3043,GitHub/rust-lang/regex,3
2019-02-01,28336,4020,GitHub/RustCrypto/traits,1
2019-02-01,28336,3189,GitHub/RustCrypto/traits,1
2019-02-01,32560,421,GitHub/BurntSushi/memchr,1
2019-02-01,32560,3043,GitHub/BurntSushi/memchr,4
2019-02-01,34191,3189,GitHub/RustCrypto/utils,2
2019-02-01,34831,2942,GitHub/rust-lang/futures-rs,1
2019-02-01,34831,2969,GitHub/rust-lang/futures-rs,13
2019-02-01,34831,3113,GitHub/rust-lang/futures-rs,7
2019-02-01,34831,3139,GitHub/rust-lang/futures-rs,4
2019-02-01,34831,3435,GitHub/rust-lang/futures-rs,1
2019-02-01,34831,3502,GitHub/rust-lang/futures-rs,2
2019-02-01,34831,3581,GitHub/rust-lang/futures-rs,3
2019-02-01,34831,1824,GitHub/rust-lang/futures-rs,1
2019-02-01,34831,3878,GitHub/rust-lang/futures-rs,1
2019-02-01,34831,4406,GitHub/rust-lang/futures-rs,4
2019-02-01,35574,3173,GitHub/unicode-rs/unicode-normalization,1
2019-02-01,35574,4979,GitHub/unicode-rs/unicode-normalization,5
2019-02-01,35574,2581,GitHub/unicode-rs/unicode-normalization,10
2019-02-01,35574,2955,GitHub/unicode-rs/unicode-normalization,1
2019-02-01,35737,3025,GitHub/cuviper/autocfg,3
2019-02-01,37612,770,GitHub/dtolnay/quote,1
2019-02-01,37612,2912,GitHub/dtolnay/quote,12
2019-02-01,38667,3161,GitHub/bluss/indexmap,3
2019-02-01,39779,2867,GitHub/time-rs/time,1
2019-02-01,40937,3528,GitHub/dtolnay/semver,1
2019-02-01,41752,4845,GitHub/servo/rust-url,1
2019-02-01,41752,4844,GitHub/servo/rust-url,2
2019-02-01,41957,2867,GitHub/dtolnay/proc-macro2,2
2019-02-01,41957,2912,GitHub/dtolnay/proc-macro2,24
2019-02-01,42413,2912,GitHub/dtolnay/ryu,6
2019-02-01,42655,2867,GitHub/rust-lang/socket2,1
2019-02-01,44362,3025,GitHub/rust-lang/hashbrown,1
2019-02-01,44362,2968,GitHub/rust-lang/hashbrown,3
2019-02-01,46027,2867,GitHub/alexcrichton/toml-rs,4
2019-02-01,46027,2875,GitHub/alexcrichton/toml-rs,1
2019-02-01,46178,830,GitHub/rust-lang-nursery/lazy-static.rs,1
2019-02-01,46178,3044,GitHub/rust-lang-nursery/lazy-static.rs,5
2019-02-01,46178,4623,GitHub/rust-lang-nursery/lazy-static.rs,1
2019-02-01,46178,2138,GitHub/rust-lang-nursery/lazy-static.rs,1
2019-02-01,48512,2227,GitHub/rust-random/getrandom,1
2019-02-01,49075,2867,GitHub/rust-lang/pkg-config-rs,1
2019-02-01,52462,3636,GitHub/Frommi/miniz_oxide,1
2019-02-01,52465,3607,GitHub/fizyk20/generic-array,1
2019-03-01,626,3878,GitHub/hyperium/http,6
2019-03-01,3150,2271,GitHub/seanmonstar/num_cpus,1
2019-03-01,3150,4732,GitHub/seanmonstar/num_cpus,1
2019-03-01,3150,3878,GitHub/seanmonstar/num_cpus,1
2019-03-01,4484,3188,GitHub/BurntSushi/byteorder,1
2019-03-01,4484,3043,GitHub/BurntSushi/byteorder,7
2019-03-01,4733,3063,GitHub/dtolnay/syn,1
2019-03-01,4733,3433,GitHub/dtolnay/syn,3
2019-03-01,4733,3528,GitHub/dtolnay/syn,1
2019-03-01,4733,3580,GitHub/dtolnay/syn,1
2019-03-01,4733,3581,GitHub/dtolnay/syn,1
2019-03-01,4733,2912,GitHub/dtolnay/syn,51
2019-03-01,7322,2988,GitHub/servo/rust-smallvec,4
2019-03-01,7415,3182,GitHub/BurntSushi/aho-corasick,1
2019-03-01,7415,3181,GitHub/BurntSushi/aho-corasick,3
2019-03-01,7415,3043,GitHub/BurntSushi/aho-corasick,3
2019-03-01,12266,3061,GitHub/bitflags/bitflags,1
2019-03-01,12842,4975,GitHub/tokio-rs/slab,2
2019-03-01,12842,3433,GitHub/tokio-rs/slab,6
2019-03-01,14306,3025,GitHub/rust-num/num-integer,1
2019-03-01,14306,3616,GitHub/rust-num/num-integer,2
2019-03-01,16183,3217,GitHub/rust-lang/cc-rs,1
2019-03-01,16183,2867,GitHub/rust-lang/cc-rs,7
2019-03-01,16183,2909,GitHub/rust-lang/cc-rs,1
2019-03-01,16183,4223,GitHub/rust-lang/cc-rs,4
2019-03-01,16492,4954,GitHub/tokio-rs/bytes,1
2019-03-01,16492,4955,GitHub/tokio-rs/bytes,1
2019-03-01,16492,4950,GitHub/tokio-rs/bytes,1
2019-03-01,17630,3025,GitHub/bluss/either,2
2019-03-01,17721,3960,GitHub/matklad/once_cell,4
2019-03-01,17721,2970,GitHub/matklad/once_cell,6
2019-03-01,17721,3959,GitHub/matklad/once_cell,1
2019-03-01,18006,3408,GitHub/crossbeam-rs/crossbeam,1
2019-03-01,18006,1476,GitHub/crossbeam-rs/crossbeam,1
2019-03-01,18006,3410,GitHub/crossbeam-rs/crossbeam,2
2019-03-01,18006,353,GitHub/crossbeam-rs/crossbeam,85
2019-03-01,18006,3113,GitHub/crossbeam-rs/crossbeam,5
2019-03-01,18006,3074,GitHub/crossbeam-rs/crossbeam,6
2019-03-01,18006,665,GitHub/crossbeam-rs/crossbeam,2
2019-03-01,20699,2968,GitHub/Amanieu/parking_lot,12
2019-03-01,20949,3704,GitHub/Geal/nom,1
2019-03-01,20949,3534,GitHub/Geal/nom,8
2019-03-01,20949,3702,GitHub/Geal/nom,1
2019-03-01,21445,3294,GitHub/marshallpierce/rust-base64,1
2019-03-01,21445,1252,GitHub/marshallpierce/rust-base64,2
2019-03-01,21445,1281,GitHub/marshallpierce/rust-base64,7
2019-03-01,22724,3197,GitHub/rust-lang/log,1
2019-03-01,22724,3032,GitHub/rust-lang/log,2
2019-03-01,22724,3044,GitHub/rust-lang/log,5
2019-03-01,22724,2945,GitHub/rust-lang/log,1
2019-03-01,22804,2867,GitHub/alexcrichton/cfg-if,2
2019-03-01,23287,1431,GitHub/rust-itertools/itertools,1
2019-03-01,24455,2912,GitHub/serde-rs/json,21
2019-03-01,25976,3043,GitHub/rust-lang/regex,9
2019-03-01,25976,4574,GitHub/rust-lang/regex,1
2019-03-01,25976,3640,GitHub/rust-lang/regex,1
2019-03-01,28336,4020,GitHub/RustCrypto/traits,1
2019-03-01,28336,3189,GitHub/RustCrypto/traits,2
2019-03-01,32560,268,GitHub/BurntSushi/memchr,1
2019-03-01,32560,3043,GitHub/BurntSushi/memchr,12
2019-03-01,32560,421,GitHub/BurntSushi/memchr,1
2019-03-01,34191,1407,GitHub/RustCrypto/utils,1
2019-03-01,34191,3189,GitHub/RustCrypto/utils,4
2019-03-01,34831,1824,GitHub/rust-lang/futures-rs,1
2019-03-01,34831,3908,GitHub/rust-lang/futures-rs,9
2019-03-01,34831,3878,GitHub/rust-lang/futures-rs,1
2019-03-01,34831,3502,GitHub/rust-lang/futures-rs,7
2019-03-01,34831,3581,GitHub/rust-lang/futures-rs,7
2019-03-01,34831,3113,GitHub/rust-lang/futures-rs,7
2019-03-01,34831,4406,GitHub/rust-lang/futures-rs,8
2019-03-01,34831,3117,GitHub/rust-lang/futures-rs,1
2019-03-01,34831,3139,GitHub/rust-lang/futures-rs,4
2019-03-01,34831,4393,GitHub/rust-lang/futures-rs,7
2019-03-01,34831,2969,GitHub/rust-lang/futures-rs,19
2019-03-01,34831,3435,GitHub/rust-lang/futures-rs,1
2019-03-01,34831,2942,GitHub/rust-lang/futures-rs,1
2019-03-01,35574,4979,GitHub/unicode-rs/unicode-normalization,5
2019-03-01,35574,3173,GitHub/unicode-rs/unicode-normalization,1
2019-03-01,35574,2955,GitHub/unicode-rs/unicode-normalization,1
2019-03-01,35574,2581,GitHub/unicode-rs/unicode-normalization,10
2019-03-01,35737,3025,GitHub/cuviper/autocfg,3
2019-03-01,36424,3523,GitHub/steveklabnik/semver-parser,6
2019-03-01,37612,2912,GitHub/dtolnay/quote,16
2019-03-01,37612,770,GitHub/dtolnay/quote,1
2019-03-01,38667,3025,GitHub/bluss/indexmap,2
2019-03-01,38667,3161,GitHub/bluss/indexmap,3
2019-03-01,39779,2867,GitHub/time-rs/time,1
2019-03-01,40796,3189,GitHub/cryptocorrosion/cryptocorrosion,1
2019-03-01,40796,3448,GitHub/cryptocorrosion/cryptocorrosion,97
2019-03-01,40937,3528,GitHub/dtolnay/semver,1
2019-03-01,41752,1252,GitHub/servo/rust-url,5
2019-03-01,41752,4844,GitHub/servo/rust-url,2
2019-03-01,41752,4845,GitHub/servo/rust-url,1
2019-03-01,41957,2912,GitHub/dtolnay/proc-macro2,24
2019-03-01,41957,2867,GitHub/dtolnay/proc-macro2,2
2019-03-01,42413,2912,GitHub/dtolnay/ryu,6
2019-03-01,42655,2867,GitHub/rust-lang/socket2,1
2019-03-01,44362,4438,GitHub/rust-lang/hashbrown,1
2019-03-01,44362,3025,GitHub/rust-lang/hashbrown,1
2019-03-01,44362,2968,GitHub/rust-lang/hashbrown,3
2019-03-01,46027,2867,GitHub/alexcrichton/toml-rs,5
2019-03-01,46027,2875,GitHub/alexcrichton/toml-rs,2
2019-03-01,46178,830,GitHub/rust-lang-nursery/lazy-static.rs,1
2019-03-01,46178,2138,GitHub/rust-lang-nursery/lazy-static.rs,1
2019-03-01,46178,3044,GitHub/rust-lang-nursery/lazy-static.rs,8
2019-03-01,46178,4623,GitHub/rust-lang-nursery/lazy-static.rs,1
2019-03-01,48512,2227,GitHub/rust-random/getrandom,19
2019-03-01,48512,2271,GitHub/rust-random/getrandom,1
2019-03-01,48512,3189,GitHub/rust-random/getrandom,13
2019-03-01,49075,3194,GitHub/rust-lang/pkg-config-rs,1
2019-03-01,49075,2867,GitHub/rust-lang/pkg-config-rs,1
2019-03-01,49075,4506,GitHub/rust-lang/pkg-config-rs,1
2019-03-01,52462,3636,GitHub/Frommi/miniz_oxide,1
2019-03-01,52465,3607,GitHub/fizyk20/generic-array,1
2019-04-01,602,2872,GitHub/unicode-rs/unicode-segmentation,4
2019-04-01,602,3173,GitHub/unicode-rs/unicode-segmentation,6
2019-04-01,626,2912,GitHub/hyperium/http,1
2019-04-01,626,3884,GitHub/hyperium/http,1
2019-04-01,626,3878,GitHub/hyperium/http,6
2019-04-01,626,3885,GitHub/hyperium/http,1
2019-04-01,3150,4732,GitHub/seanmonstar/num_cpus,1
2019-04-01,3150,3878,GitHub/seanmonstar/num_cpus,1
2019-04-01,3150,2271,GitHub/seanmonstar/num_cpus,1
2019-04-01,4484,3188,GitHub/BurntSushi/byteorder,1
2019-04-01,4484,3043,GitHub/BurntSushi/byteorder,8
2019-04-01,4486,3193,GitHub/contain-rs/vec-map,1
2019-04-01,4486,586,GitHub/contain-rs/vec-map,1
2019-04-01,4733,3433,GitHub/dtolnay/syn,3
2019-04-01,4733,3581,GitHub/dtolnay/syn,1
2019-04-01,4733,3063,GitHub/dtolnay/syn,1
2019-04-01,4733,3580,GitHub/dtolnay/syn,1
2019-04-01,4733,3528,GitHub/dtolnay/syn,1
2019-04-01,4733,2912,GitHub/dtolnay/syn,100
2019-04-01,7322,2988,GitHub/servo/rust-smallvec,4
2019-04-01,7322,4685,GitHub/servo/rust-smallvec,1
2019-04-01,7415,3043,GitHub/BurntSushi/aho-corasick,16
2019-04-01,7415,3182,GitHub/BurntSushi/aho-corasick,1
2019-04-01,7415,3181,GitHub/BurntSushi/aho-corasick,3
2019-04-01,12266,1252,GitHub/bitflags/bitflags,1
2019-04-01,12266,3061,GitHub/bitflags/bitflags,1
2019-04-01,12842,3167,GitHub/tokio-rs/slab,4
2019-04-01,12842,3433,GitHub/tokio-rs/slab,6
2019-04-01,12842,4975,GitHub/tokio-rs/slab,2
2019-04-01,14306,3025,GitHub/rust-num/num-integer,2
2019-04-01,14306,3616,GitHub/rust-num/num-integer,6
2019-04-01,16183,2909,GitHub/rust-lang/cc-rs,1
2019-04-01,16183,4223,GitHub/rust-lang/cc-rs,4
2019-04-01,16183,4222,GitHub/rust-lang/cc-rs,3
2019-04-01,16183,2867,GitHub/rust-lang/cc-rs,18
2019-04-01,16183,4221,GitHub/rust-lang/cc-rs,1
2019-04-01,16183,3217,GitHub/rust-lang/cc-rs,1
2019-04-01,16183,2975,GitHub/rust-lang/cc-rs,1
2019-04-01,16259,3025,GitHub/rust-num/num-traits,1
2019-04-01,16259,4686,GitHub/rust-num/num-traits,1
2019-04-01,16259,4685,GitHub/rust-num/num-traits,7
2019-04-01,16492,4954,GitHub/tokio-rs/bytes,1
2019-04-01,16492,4950,GitHub/tokio-rs/bytes,2
2019-04-01,16492,3433,GitHub/tokio-rs/bytes,1
2019-04-01,16492,3403,GitHub/tokio-rs/bytes,1
2019-04-01,16492,4955,GitHub/tokio-rs/bytes,1
2019-04-01,17630,3025,GitHub/bluss/either,2
2019-04-01,17630,3127,GitHub/bluss/either,3
2019-04-01,17721,3959,GitHub/matklad/once_cell,1
2019-04-01,17721,2970,GitHub/matklad/once_cell,6
2019-04-01,17721,3960,GitHub/matklad/once_cell,4
2019-04-01,18006,3406,GitHub/crossbeam-rs/crossbeam,3
2019-04-01,18006,1476,GitHub/crossbeam-rs/crossbeam,1
2019-04-01,18006,2969,GitHub/crossbeam-rs/crossbeam,1
2019-04-01,18006,3074,GitHub/crossbeam-rs/crossbeam,8
2019-04-01,18006,3408,GitHub/crossbeam-rs/crossbeam,1
2019-04-01,18006,2970,GitHub/crossbeam-rs/crossbeam,1
2019-04-01,18006,353,GitHub/crossbeam-rs/crossbeam,85
2019-04-01,18006,3410,GitHub/crossbeam-rs/crossbeam,2
2019-04-01,18006,641,GitHub/crossbeam-rs/crossbeam,1
2019-04-01,18006,3113,GitHub/crossbeam-rs/crossbeam,5
2019-04-01,18006,3405,GitHub/crossbeam-rs/crossbeam,1
2019-04-01,18006,665,GitHub/crossbeam-rs/crossbeam,2
2019-04-01,18006,1373,GitHub/crossbeam-rs/crossbeam,1
2019-04-01,20699,2968,GitHub/Amanieu/parking_lot,15
2019-04-01,20699,2971,GitHub/Amanieu/parking_lot,27
2019-04-01,20949,3700,GitHub/Geal/nom,1
2019-04-01,20949,3702,GitHub/Geal/nom,1
2019-04-01,20949,3534,GitHub/Geal/nom,22
2019-04-01,20949,3704,GitHub/Geal/nom,1
2019-04-01,21445,3294,GitHub/marshallpierce/rust-base64,1
2019-04-01,21445,1252,GitHub/marshallpierce/rust-base64,2
2019-04-01,21445,1281,GitHub/marshallpierce/rust-base64,7
2019-04-01,22724,2912,GitHub/rust-lang/log,4
2019-04-01,22724,3044,GitHub/rust-lang/log,6
2019-04-01,22724,3032,GitHub/rust-lang/log,2
2019-04-01,22724,3197,GitHub/rust-lang/log,1
2019-04-01,22724,3631,GitHub/rust-lang/log,5
2019-04-01,22724,3192,GitHub/rust-lang/log,1
2019-04-01,22724,2945,GitHub/rust-lang/log,2
2019-04-01,22804,2867,GitHub/alexcrichton/cfg-if,3
2019-04-01,23287,268,GitHub/rust-itertools/itertools,2
2019-04-01,23287,4076,GitHub/rust-itertools/itertools,1
2019-04-01,23287,1431,GitHub/rust-itertools/itertools,1
2019-04-01,24440,3984,GitHub/ogham/rust-ansi-term,1
2019-04-01,24440,496,GitHub/ogham/rust-ansi-term,2
2019-04-01,24455,2912,GitHub/serde-rs/json,24
2019-04-01,24455,2025,GitHub/serde-rs/json,2
2019-04-01,25976,4573,GitHub/rust-lang/regex,1
2019-04-01,25976,4574,GitHub/rust-lang/regex,1
2019-04-01,25976,4572,GitHub/rust-lang/regex,1
2019-04-01,25976,3043,GitHub/rust-lang/regex,22
2019-04-01,25976,4571,GitHub/rust-lang/regex,1
2019-04-01,25976,3640,GitHub/rust-lang/regex,1
2019-04-01,26074,4004,GitHub/paholg/typenum,1
2019-04-01,26074,3614,GitHub/paholg/typenum,2
2019-04-01,28336,3189,GitHub/RustCrypto/traits,2
2019-04-01,28336,4020,GitHub/RustCrypto/traits,1
2019-04-01,28705,3460,GitHub/dguo/strsim-rs,1
2019-04-01,32560,268,GitHub/BurntSushi/memchr,1
2019-04-01,32560,421,GitHub/BurntSushi/memchr,1
2019-04-01,32560,3043,GitHub/BurntSushi/memchr,12
2019-04-01,34191,3189,GitHub/RustCrypto/utils,5
2019-04-01,34191,1407,GitHub/RustCrypto/utils,1
2019-04-01,34831,1824,GitHub/rust-lang/futures-rs,1
2019-04-01,34831,3908,GitHub/rust-lang/futures-rs,9
2019-04-01,34831,2942,GitHub/rust-lang/futures-rs,1
2019-04-01,34831,3878,GitHub/rust-lang/futures-rs,3
2019-04-01,34831,3113,GitHub/rust-lang/futures-rs,7
2019-04-01,34831,3581,GitHub/rust-lang/futures-rs,7
2019-04-01,34831,4406,GitHub/rust-lang/futures-rs,8
2019-04-01,34831,2969,GitHub/rust-lang/futures-rs,38
2019-04-01,34831,3435,GitHub/rust-lang/futures-rs,1
2019-04-01,34831,4393,GitHub/rust-lang/futures-rs,7
2019-04-01,34831,3139,GitHub/rust-lang/futures-rs,4
2019-04-01,34831,3502,GitHub/rust-lang/futures-rs,9
2019-04-01,34831,3117,GitHub/rust-lang/futures-rs,1
2019-04-01,35574,3173,GitHub/unicode-rs/unicode-normalization,1
2019-04-01,35574,2581,GitHub/unicode-rs/unicode-normalization,10
2019-04-01,35574,4979,GitHub/unicode-rs/unicode-normalization,5
2019-04-01,35574,2955,GitHub/unicode-rs/unicode-normalization,1
2019-04-01,35737,3025,GitHub/cuviper/autocfg,3
2019-04-01,36424,3523,GitHub/steveklabnik/semver-parser,6
2019-04-01,37101,1368,GitHub/Gilnaa/memoffset,2
2019-04-01,37101,3870,GitHub/Gilnaa/memoffset,5
2019-04-01,37612,770,GitHub/dtolnay/quote,1
2019-04-01,37612,2912,GitHub/dtolnay/quote,16
2019-04-01,38667,3025,GitHub/bluss/indexmap,3
2019-04-01,38667,3161,GitHub/bluss/indexmap,4
2019-04-01,39779,2867,GitHub/time-rs/time,1
2019-04-01,40796,3189,GitHub/cryptocorrosion/cryptocorrosion,1
2019-04-01,40796,3448,GitHub/cryptocorrosion/cryptocorrosion,97
2019-04-01,40937,3528,GitHub/dtolnay/semver,1
2019-04-01,41752,4844,GitHub/servo/rust-url,2
2019-04-01,41752,1252,GitHub/servo/rust-url,5
2019-04-01,41752,4845,GitHub/servo/rust-url,1
2019-04-01,41957,2912,GitHub/dtolnay/proc-macro2,24
2019-04-01,41957,2867,GitHub/dtolnay/proc-macro2,2
2019-04-01,42413,2912,GitHub/dtolnay/ryu,6
2019-04-01,42655,2867,GitHub/rust-lang/socket2,1
2019-04-01,44362,1925,GitHub/rust-lang/hashbrown,3
2019-04-01,44362,3114,GitHub/rust-lang/hashbrown,8
2019-04-01,44362,3025,GitHub/rust-lang/hashbrown,1
2019-04-01,44362,3013,GitHub/rust-lang/hashbrown,2
2019-04-01,44362,2968,GitHub/rust-lang/hashbrown,8
2019-04-01,44362,4438,GitHub/rust-lang/hashbrown,1
2019-04-01,44362,4437,GitHub/rust-lang/hashbrown,1
2019-04-01,44362,1900,GitHub/rust-lang/hashbrown,4
2019-04-01,46027,2875,GitHub/alexcrichton/toml-rs,3
2019-04-01,46027,2901,GitHub/alexcrichton/toml-rs,1
2019-04-01,46027,2867,GitHub/alexcrichton/toml-rs,6
2019-04-01,46027,2900,GitHub/alexcrichton/toml-rs,1
2019-04-01,46178,830,GitHub/rust-lang-nursery/lazy-static.rs,1
2019-04-01,46178,3044,GitHub/rust-lang-nursery/lazy-static.rs,8
2019-04-01,46178,4623,GitHub/rust-lang-nursery/lazy-static.rs,1
2019-04-01,46178,2137,GitHub/rust-lang-nursery/lazy-static.rs,1
2019-04-01,46178,2138,GitHub/rust-lang-nursery/lazy-static.rs,1
2019-04-01,48512,2227,GitHub/rust-random/getrandom,32
2019-04-01,48512,2271,GitHub/rust-random/getrandom,1
2019-04-01,48512,3189,GitHub/rust-random/getrandom,19
2019-04-01,49075,4506,GitHub/rust-lang/pkg-config-rs,1
2019-04-01,49075,3194,GitHub/rust-lang/pkg-config-rs,1
2019-04-01,49075,2867,GitHub/rust-lang/pkg-config-rs,1
2019-04-01,52462,3637,GitHub/Frommi/miniz_oxide,1
2019-04-01,52462,3636,GitHub/Frommi/miniz_oxide,2
2019-04-01,52465,3607,GitHub/fizyk20/generic-array,1
2019-05-01,602,4986,GitHub/unicode-rs/unicode-segmentation,1
2019-05-01,602,2872,GitHub/unicode-rs/unicode-segmentation,4
2019-05-01,602,3173,GitHub/unicode-rs/unicode-segmentation,7
2019-05-01,626,3878,GitHub/hyperium/http,9
2019-05-01,626,3884,GitHub/hyperium/http,1
2019-05-01,626,3032,GitHub/hyperium/http,1
2019-05-01,626,2912,GitHub/hyperium/http,1
2019-05-01,626,3883,GitHub/hyperium/http,1
2019-05-01,626,3885,GitHub/hyperium/http,1
2019-05-01,3150,4732,GitHub/seanmonstar/num_cpus,1
2019-05-01,3150,2873,GitHub/seanmonstar/num_cpus,1
2019-05-01,3150,2271,GitHub/seanmonstar/num_cpus,1
2019-05-01,3150,3878,GitHub/seanmonstar/num_cpus,1
2019-05-01,4484,3043,GitHub/BurntSushi/byteorder,8
2019-05-01,4484,3188,GitHub/BurntSushi/byteorder,1
2019-05-01,4486,586,GitHub/contain-rs/vec-map,1
2019-05-01,4486,3193,GitHub/contain-rs/vec-map,1
2019-05-01,4733,2912,GitHub/dtolnay/syn,139
2019-05-01,4733,3063,GitHub/dtolnay/syn,6
2019-05-01,4733,3433,GitHub/dtolnay/syn,3
2019-05-01,4733,3581,GitHub/dtolnay/syn,1
2019-05-01,4733,3528,GitHub/dtolnay/syn,1
2019-05-01,4733,3579,GitHub/dtolnay/syn,2
2019-05-01,4733,846,GitHub/dtolnay/syn,1
2019-05-01,4733,3580,GitHub/dtolnay/syn,1
2019-05-01,6681,2873,GitHub/djc/rustc-version-rs,1
2019-05-01,7322,4685,GitHub/servo/rust-smallvec,1
2019-05-01,7322,2988,GitHub/servo/rust-smallvec,4
2019-05-01,7415,3181,GitHub/BurntSushi/aho-corasick,3
2019-05-01,7415,3182,GitHub/BurntSushi/aho-corasick,1
2019-05-01,7415,3043,GitHub/BurntSushi/aho-corasick,16
2019-05-01,12266,1252,GitHub/bitflags/bitflags,1
2019-05-01,12266,3061,GitHub/bitflags/bitflags,1
2019-05-01,12266,3060,GitHub/bitflags/bitflags,2
2019-05-01,12842,3433,GitHub/tokio-rs/slab,6
2019-05-01,12842,3167,GitHub/tokio-rs/slab,4
2019-05-01,12842,4975,GitHub/tokio-rs/slab,2
2019-05-01,14306,3616,GitHub/rust-num/num-integer,8
2019-05-01,14306,3025,GitHub/rust-num/num-integer,8
2019-05-01,16183,2975,GitHub/rust-lang/cc-rs,1
2019-05-01,16183,3217,GitHub/rust-lang/cc-rs,1
2019-05-01,16183,2867,GitHub/rust-lang/cc-rs,37
2019-05-01,16183,4223,GitHub/rust-lang/cc-rs,4
2019-05-01,16183,3969,GitHub/rust-lang/cc-rs,1
2019-05-01,16183,4222,GitHub/rust-lang/cc-rs,3
2019-05-01,16183,4221,GitHub/rust-lang/cc-rs,1
2019-05-01,16183,4220,GitHub/rust-lang/cc-rs,1
2019-05-01,16183,4219,GitHub/rust-lang/cc-rs,1
2019-05-01,16183,4217,GitHub/rust-lang/cc-rs,2
2019-05-01,16183,2990,GitHub/rust-lang/cc-rs,2
2019-05-01,16183,2909,GitHub/rust-lang/cc-rs,1
2019-05-01,16259,4685,GitHub/rust-num/num-traits,7
2019-05-01,16259,4686,GitHub/rust-num/num-traits,1
2019-05-01,16259,3025,GitHub/rust-num/num-traits,3
2019-05-01,16492,4950,GitHub/tokio-rs/bytes,2
2019-05-01,16492,4955,GitHub/tokio-rs/bytes,1
2019-05-01,16492,4952,GitHub/tokio-rs/bytes,1
2019-05-01,16492,4954,GitHub/tokio-rs/bytes,1
2019-05-01,16492,3433,GitHub/tokio-rs/bytes,1
2019-05-01,16492,3403,GitHub/tokio-rs/bytes,1
2019-05-01,17630,3126,GitHub/bluss/either,1
2019-05-01,17630,3025,GitHub/bluss/either,6
2019-05-01,17630,3127,GitHub/bluss/either,3
2019-05-01,17721,3959,GitHub/matklad/once_cell,1
2019-05-01,17721,3960,GitHub/matklad/once_cell,4
2019-05-01,17721,2970,GitHub/matklad/once_cell,6
2019-05-01,18006,3406,GitHub/crossbeam-rs/crossbeam,3
2019-05-01,18006,3405,GitHub/crossbeam-rs/crossbeam,1
2019-05-01,18006,665,GitHub/crossbeam-rs/crossbeam,2
2019-05-01,18006,2969,GitHub/crossbeam-rs/crossbeam,1
2019-05-01,18006,2970,GitHub/crossbeam-rs/crossbeam,1
2019-05-01,18006,3410,GitHub/crossbeam-rs/crossbeam,2
2019-05-01,18006,3408,GitHub/crossbeam-rs/crossbeam,1
2019-05-01,18006,353,GitHub/crossbeam-rs/crossbeam,104
2019-05-01,18006,641,GitHub/crossbeam-rs/crossbeam,1
2019-05-01,18006,1476,GitHub/crossbeam-rs/crossbeam,1
2019-05-01,18006,3113,GitHub/crossbeam-rs/crossbeam,12
2019-05-01,18006,3096,GitHub/crossbeam-rs/crossbeam,4
2019-05-01,18006,3074,GitHub/crossbeam-rs/crossbeam,8
2019-05-01,18006,3404,GitHub/crossbeam-rs/crossbeam,1
2019-05-01,18006,1373,GitHub/crossbeam-rs/crossbeam,1
2019-05-01,20410,3978,GitHub/mgeisler/textwrap,1
2019-05-01,20410,2872,GitHub/mgeisler/textwrap,13
2019-05-01,20699,2971,GitHub/Amanieu/parking_lot,30
2019-05-01,20699,2972,GitHub/Amanieu/parking_lot,17
2019-05-01,20699,2968,GitHub/Amanieu/parking_lot,18
2019-05-01,20949,3697,GitHub/Geal/nom,1
2019-05-01,20949,2873,GitHub/Geal/nom,2
2019-05-01,20949,3651,GitHub/Geal/nom,20
2019-05-01,20949,3704,GitHub/Geal/nom,1
2019-05-01,20949,3702,GitHub/Geal/nom,1
2019-05-01,20949,3701,GitHub/Geal/nom,1
2019-05-01,20949,3700,GitHub/Geal/nom,1
2019-05-01,20949,981,GitHub/Geal/nom,12
2019-05-01,20949,3534,GitHub/Geal/nom,101
2019-05-01,20949,3699,GitHub/Geal/nom,1
2019-05-01,20949,3698,GitHub/Geal/nom,1
2019-05-01,21282,3112,GitHub/bluss/arrayvec,1
2019-05-01,21445,1281,GitHub/marshallpierce/rust-base64,7
2019-05-01,21445,1252,GitHub/marshallpierce/rust-base64,2
2019-05-01,21445,2873,GitHub/marshallpierce/rust-base64,1
2019-05-01,21445,3294,GitHub/marshallpierce/rust-base64,1
2019-05-01,22724,3631,GitHub/rust-lang/log,5
2019-05-01,22724,3044,GitHub/rust-lang/log,9
2019-05-01,22724,3192,GitHub/rust-lang/log,1
2019-05-01,22724,2945,GitHub/rust-lang/log,2
2019-05-01,22724,3032,GitHub/rust-lang/log,2
2019-05-01,22724,3197,GitHub/rust-lang/log,1
2019-05-01,22724,2912,GitHub/rust-lang/log,6
2019-05-01,22804,2867,GitHub/alexcrichton/cfg-if,3
2019-05-01,23287,268,GitHub/rust-itertools/itertools,2
2019-05-01,23287,4076,GitHub/rust-itertools/itertools,1
2019-05-01,23287,1452,GitHub/rust-itertools/itertools,4
2019-05-01,23287,1431,GitHub/rust-itertools/itertools,1
2019-05-01,24440,2873,GitHub/ogham/rust-ansi-term,2
2019-05-01,24440,496,GitHub/ogham/rust-ansi-term,2
2019-05-01,24440,3985,GitHub/ogham/rust-ansi-term,1
2019-05-01,24440,3984,GitHub/ogham/rust-ansi-term,1
2019-05-01,24455,2025,GitHub/serde-rs/json,2
2019-05-01,24455,2912,GitHub/serde-rs/json,25
2019-05-01,25976,4572,GitHub/rust-lang/regex,1
2019-05-01,25976,4573,GitHub/rust-lang/regex,1
2019-05-01,25976,2873,GitHub/rust-lang/regex,1
2019-05-01,25976,4574,GitHub/rust-lang/regex,1
2019-05-01,25976,3640,GitHub/rust-lang/regex,1
2019-05-01,25976,3043,GitHub/rust-lang/regex,27
2019-05-01,25976,4569,GitHub/rust-lang/regex,1
2019-05-01,25976,4570,GitHub/rust-lang/regex,1
2019-05-01,25976,4571,GitHub/rust-lang/regex,1
2019-05-01,26074,4004,GitHub/paholg/typenum,1
2019-05-01,26074,3614,GitHub/paholg/typenum,2
2019-05-01,28336,3189,GitHub/RustCrypto/traits,2
2019-05-01,28336,4020,GitHub/RustCrypto/traits,1
2019-05-01,28705,3460,GitHub/dguo/strsim-rs,2
2019-05-01,28705,707,GitHub/dguo/strsim-rs,3
2019-05-01,32560,421,GitHub/BurntSushi/memchr,1
2019-05-01,32560,268,GitHub/BurntSushi/memchr,1
2019-05-01,32560,3043,GitHub/BurntSushi/memchr,12
2019-05-01,33435,2912,GitHub/dtolnay/itoa,1
2019-05-01,34191,4038,GitHub/RustCrypto/utils,1
2019-05-01,34191,1406,GitHub/RustCrypto/utils,1
2019-05-01,34191,3189,GitHub/RustCrypto/utils,8
2019-05-01,34191,3063,GitHub/RustCrypto/utils,1
2019-05-01,34191,1407,GitHub/RustCrypto/utils,1
2019-05-01,34831,3502,GitHub/rust-lang/futures-rs,26
2019-05-01,34831,1824,GitHub/rust-lang/futures-rs,1
2019-05-01,34831,2942,GitHub/rust-lang/futures-rs,1
2019-05-01,34831,2969,GitHub/rust-lang/futures-rs,70
2019-05-01,34831,3113,GitHub/rust-lang/futures-rs,7
2019-05-01,34831,3117,GitHub/rust-lang/futures-rs,1
2019-05-01,34831,3139,GitHub/rust-lang/futures-rs,4
2019-05-01,34831,3404,GitHub/rust-lang/futures-rs,1
2019-05-01,34831,3435,GitHub/rust-lang/futures-rs,1
2019-05-01,34831,3581,GitHub/rust-lang/futures-rs,12
2019-05-01,34831,3878,GitHub/rust-lang/futures-rs,3
2019-05-01,34831,3908,GitHub/rust-lang/futures-rs,9
2019-05-01,34831,4247,GitHub/rust-lang/futures-rs,4
2019-05-01,34831,4388,GitHub/rust-lang/futures-rs,1
2019-05-01,34831,4393,GitHub/rust-lang/futures-rs,7
2019-05-01,34831,4403,GitHub/rust-lang/futures-rs,2
2019-05-01,34831,4404,GitHub/rust-lang/futures-rs,1
2019-05-01,34831,4405,GitHub/rust-lang/futures-rs,2
2019-05-01,34831,4406,GitHub/rust-lang/futures-rs,8
2019-05-01,35574,4781,GitHub/unicode-rs/unicode-normalization,8
2019-05-01,35574,3173,GitHub/unicode-rs/unicode-normalization,2
2019-05-01,35574,2955,GitHub/unicode-rs/unicode-normalization,1
2019-05-01,35574,4979,GitHub/unicode-rs/unicode-normalization,5
2019-05-01,35574,2581,GitHub/unicode-rs/unicode-normalization,10
2019-05-01,35737,3025,GitHub/cuviper/autocfg,3
2019-05-01,36424,3523,GitHub/steveklabnik/semver-parser,6
2019-05-01,37101,3870,GitHub/Gilnaa/memoffset,5
2019-05-01,37101,1368,GitHub/Gilnaa/memoffset,2
2019-05-01,37612,2912,GitHub/dtolnay/quote,19
2019-05-01,37612,3514,GitHub/dtolnay/quote,1
2019-05-01,37612,770,GitHub/dtolnay/quote,1
2019-05-01,38667,3161,GitHub/bluss/indexmap,4
2019-05-01,38667,3025,GitHub/bluss/indexmap,3
2019-05-01,39779,2867,GitHub/time-rs/time,1
2019-05-01,40796,3448,GitHub/cryptocorrosion/cryptocorrosion,109
2019-05-01,40796,3189,GitHub/cryptocorrosion/cryptocorrosion,1
2019-05-01,40937,3528,GitHub/dtolnay/semver,1
2019-05-01,41752,4844,GitHub/servo/rust-url,2
2019-05-01,41752,4845,GitHub/servo/rust-url,1
2019-05-01,41752,1252,GitHub/servo/rust-url,5
2019-05-01,41752,4843,GitHub/servo/rust-url,1
2019-05-01,41957,2912,GitHub/dtolnay/proc-macro2,38
2019-05-01,41957,3502,GitHub/dtolnay/proc-macro2,1
2019-05-01,41957,2867,GitHub/dtolnay/proc-macro2,3
2019-05-01,42413,2912,GitHub/dtolnay/ryu,8
2019-05-01,42655,2867,GitHub/rust-lang/socket2,1
2019-05-01,44362,3025,GitHub/rust-lang/hashbrown,5
2019-05-01,44362,3013,GitHub/rust-lang/hashbrown,2
2019-05-01,44362,2968,GitHub/rust-lang/hashbrown,22
2019-05-01,44362,3885,GitHub/rust-lang/hashbrown,5
2019-05-01,44362,1925,GitHub/rust-lang/hashbrown,3
2019-05-01,44362,1900,GitHub/rust-lang/hashbrown,4
2019-05-01,44362,3097,GitHub/rust-lang/hashbrown,1
2019-05-01,44362,3114,GitHub/rust-lang/hashbrown,8
2019-05-01,44362,4437,GitHub/rust-lang/hashbrown,1
2019-05-01,44362,4438,GitHub/rust-lang/hashbrown,1
2019-05-01,46027,2901,GitHub/alexcrichton/toml-rs,1
2019-05-01,46027,2892,GitHub/alexcrichton/toml-rs,2
2019-05-01,46027,2898,GitHub/alexcrichton/toml-rs,1
2019-05-01,46027,2899,GitHub/alexcrichton/toml-rs,1
2019-05-01,46027,2867,GitHub/alexcrichton/toml-rs,10
2019-05-01,46027,2875,GitHub/alexcrichton/toml-rs,9
2019-05-01,46027,2900,GitHub/alexcrichton/toml-rs,1
2019-05-01,46178,4623,GitHub/rust-lang-nursery/lazy-static.rs,1
2019-05-01,46178,3044,GitHub/rust-lang-nursery/lazy-static.rs,8
2019-05-01,46178,2873,GitHub/rust-lang-nursery/lazy-static.rs,1
2019-05-01,46178,830,GitHub/rust-lang-nursery/lazy-static.rs,1
2019-05-01,46178,2138,GitHub/rust-lang-nursery/lazy-static.rs,1
2019-05-01,46178,2137,GitHub/rust-lang-nursery/lazy-static.rs,1
2019-05-01,48512,2227,GitHub/rust-random/getrandom,35
2019-05-01,48512,2271,GitHub/rust-random/getrandom,1
2019-05-01,48512,3189,GitHub/rust-random/getrandom,20
2019-05-01,48512,4697,GitHub/rust-random/getrandom,6
2019-05-01,49075,4497,GitHub/rust-lang/pkg-config-rs,1
2019-05-01,49075,2867,GitHub/rust-lang/pkg-config-rs,1
2019-05-01,49075,4503,GitHub/rust-lang/pkg-config-rs,2
2019-05-01,49075,3194,GitHub/rust-lang/pkg-config-rs,3
2019-05-01,49075,4506,GitHub/rust-lang/pkg-config-rs,1
2019-05-01,52462,3636,GitHub/Frommi/miniz_oxide,2
2019-05-01,52462,3637,GitHub/Frommi/miniz_oxide,1
2019-05-01,52465,2898,GitHub/fizyk20/generic-array,1
2019-05-01,52465,3607,GitHub/fizyk20/generic-array,7
2019-05-01,52465,3618,GitHub/fizyk20/generic-array,1
2019-06-01,602,4986,GitHub/unicode-rs/unicode-segmentation,1
2019-06-01,602,4983,GitHub/unicode-rs/unicode-segmentation,1
2019-06-01,602,3173,GitHub/unicode-rs/unicode-segmentation,12
2019-06-01,602,2872,GitHub/unicode-rs/unicode-segmentation,4
2019-06-01,602,4985,GitHub/unicode-rs/unicode-segmentation,2
2019-06-01,602,4984,GitHub/unicode-rs/unicode-segmentation,2
2019-06-01,626,3884,GitHub/hyperium/http,1
2019-06-01,626,3032,GitHub/hyperium/http,1
2019-06-01,626,3883,GitHub/hyperium/http,1
2019-06-01,626,3885,GitHub/hyperium/http,1
2019-06-01,626,3878,GitHub/hyperium/http,9
2019-06-01,626,2912,GitHub/hyperium/http,1
2019-06-01,3150,4732,GitHub/seanmonstar/num_cpus,1
2019-06-01,3150,3878,GitHub/seanmonstar/num_cpus,1
2019-06-01,3150,2873,GitHub/seanmonstar/num_cpus,1
2019-06-01,3150,2271,GitHub/seanmonstar/num_cpus,1
2019-06-01,4484,2873,GitHub/BurntSushi/byteorder,1
2019-06-01,4484,3043,GitHub/BurntSushi/byteorder,8
2019-06-01,4484,3188,GitHub/BurntSushi/byteorder,1
2019-06-01,4486,3193,GitHub/contain-rs/vec-map,1
2019-06-01,4486,586,GitHub/contain-rs/vec-map,1
2019-06-01,4733,3579,GitHub/dtolnay/syn,2
2019-06-01,4733,2912,GitHub/dtolnay/syn,207
2019-06-01,4733,3063,GitHub/dtolnay/syn,6
2019-06-01,4733,3433,GitHub/dtolnay/syn,3
2019-06-01,4733,846,GitHub/dtolnay/syn,5
2019-06-01,4733,3528,GitHub/dtolnay/syn,1
2019-06-01,4733,3580,GitHub/dtolnay/syn,1
2019-06-01,4733,3581,GitHub/dtolnay/syn,1
2019-06-01,6681,2873,GitHub/djc/rustc-version-rs,1
2019-06-01,6681,3472,GitHub/djc/rustc-version-rs,1
2019-06-01,7322,4685,GitHub/servo/rust-smallvec,1
2019-06-01,7322,2988,GitHub/servo/rust-smallvec,4
2019-06-01,7415,3043,GitHub/BurntSushi/aho-corasick,16
2019-06-01,7415,3181,GitHub/BurntSushi/aho-corasick,3
2019-06-01,7415,2873,GitHub/BurntSushi/aho-corasick,1
2019-06-01,7415,3182,GitHub/BurntSushi/aho-corasick,1
2019-06-01,12266,1252,GitHub/bitflags/bitflags,1
2019-06-01,12266,3060,GitHub/bitflags/bitflags,2
2019-06-01,12266,3061,GitHub/bitflags/bitflags,1
2019-06-01,12266,3044,GitHub/bitflags/bitflags,1
2019-06-01,12842,3167,GitHub/tokio-rs/slab,4
2019-06-01,12842,4975,GitHub/tokio-rs/slab,2
2019-06-01,12842,3433,GitHub/tokio-rs/slab,6
2019-06-01,14306,3025,GitHub/rust-num/num-integer,12
2019-06-01,14306,3616,GitHub/rust-num/num-integer,8
2019-06-01,16183,3969,GitHub/rust-lang/cc-rs,1
2019-06-01,16183,4217,GitHub/rust-lang/cc-rs,2
2019-06-01,16183,4222,GitHub/rust-lang/cc-rs,3
2019-06-01,16183,2909,GitHub/rust-lang/cc-rs,1
2019-06-01,16183,2975,GitHub/rust-lang/cc-rs,1
2019-06-01,16183,3217,GitHub/rust-lang/cc-rs,1
2019-06-01,16183,2867,GitHub/rust-lang/cc-rs,41
2019-06-01,16183,4223,GitHub/rust-lang/cc-rs,4
2019-06-01,16183,4220,GitHub/rust-lang/cc-rs,1
2019-06-01,16183,4215,GitHub/rust-lang/cc-rs,1
2019-06-01,16183,2990,GitHub/rust-lang/cc-rs,2
2019-06-01,16183,4221,GitHub/rust-lang/cc-rs,1
2019-06-01,16183,4219,GitHub/rust-lang/cc-rs,1
2019-06-01,16183,4214,GitHub/rust-lang/cc-rs,2
2019-06-01,16259,4686,GitHub/rust-num/num-traits,1
2019-06-01,16259,3025,GitHub/rust-num/num-traits,7
2019-06-01,16259,4685,GitHub/rust-num/num-traits,7
2019-06-01,16492,4950,GitHub/tokio-rs/bytes,2
2019-06-01,16492,4954,GitHub/tokio-rs/bytes,1
2019-06-01,16492,3433,GitHub/tokio-rs/bytes,1
2019-06-01,16492,4955,GitHub/tokio-rs/bytes,1
2019-06-01,16492,3403,GitHub/tokio-rs/bytes,1
2019-06-01,16492,4952,GitHub/tokio-rs/bytes,1
2019-06-01,17630,3025,GitHub/bluss/either,6
2019-06-01,17630,3126,GitHub/bluss/either,1
2019-06-01,17630,3127,GitHub/bluss/either,3
2019-06-01,17721,3097,GitHub/matklad/once_cell,2
2019-06-01,17721,3959,GitHub/matklad/once_cell,1
2019-06-01,17721,3220,GitHub/matklad/once_cell,1
2019-06-01,17721,3960,GitHub/matklad/once_cell,4
2019-06-01,17721,2970,GitHub/matklad/once_cell,15
2019-06-01,18006,3074,GitHub/crossbeam-rs/crossbeam,8
2019-06-01,18006,3096,GitHub/crossbeam-rs/crossbeam,8
2019-06-01,18006,3097,GitHub/crossbeam-rs/crossbeam,1
2019-06-01,18006,637,GitHub/crossbeam-rs/crossbeam,2
2019-06-01,18006,3410,GitHub/crossbeam-rs/crossbeam,2
2019-06-01,18006,2970,GitHub/crossbeam-rs/crossbeam,1
2019-06-01,18006,2969,GitHub/crossbeam-rs/crossbeam,6
2019-06-01,18006,3402,GitHub/crossbeam-rs/crossbeam,2
2019-06-01,18006,665,GitHub/crossbeam-rs/crossbeam,2
2019-06-01,18006,2898,GitHub/crossbeam-rs/crossbeam,1
2019-06-01,18006,3403,GitHub/crossbeam-rs/crossbeam,1
2019-06-01,18006,3113,GitHub/crossbeam-rs/crossbeam,12
2019-06-01,18006,3406,GitHub/crossbeam-rs/crossbeam,3
2019-06-01,18006,1373,GitHub/crossbeam-rs/crossbeam,1
2019-06-01,18006,641,GitHub/crossbeam-rs/crossbeam,1
2019-06-01,18006,3404,GitHub/crossbeam-rs/crossbeam,1
2019-06-01,18006,3408,GitHub/crossbeam-rs/crossbeam,1
2019-06-01,18006,353,GitHub/crossbeam-rs/crossbeam,109
2019-06-01,18006,1476,GitHub/crossbeam-rs/crossbeam,1
2019-06-01,18006,3405,GitHub/crossbeam-rs/crossbeam,1
2019-06-01,20410,3978,GitHub/mgeisler/textwrap,1
2019-06-01,20410,2872,GitHub/mgeisler/textwrap,18
2019-06-01,20699,2972,GitHub/Amanieu/parking_lot,19
2019-06-01,20699,2968,GitHub/Amanieu/parking_lot,20
2019-06-01,20699,2971,GitHub/Amanieu/parking_lot,45
2019-06-01,20949,3534,GitHub/Geal/nom,190
2019-06-01,20949,3698,GitHub/Geal/nom,1
2019-06-01,20949,3700,GitHub/Geal/nom,1
2019-06-01,20949,3651,GitHub/Geal/nom,20
2019-06-01,20949,3701,GitHub/Geal/nom,1
2019-06-01,20949,2873,GitHub/Geal/nom,4
2019-06-01,20949,3699,GitHub/Geal/nom,1
2019-06-01,20949,3666,GitHub/Geal/nom,1
2019-06-01,20949,3697,GitHub/Geal/nom,1
2019-06-01,20949,981,GitHub/Geal/nom,12
2019-06-01,20949,3694,GitHub/Geal/nom,19
2019-06-01,20949,3704,GitHub/Geal/nom,1
2019-06-01,20949,3695,GitHub/Geal/nom,6
2019-06-01,20949,3696,GitHub/Geal/nom,1
2019-06-01,20949,3702,GitHub/Geal/nom,1
2019-06-01,21282,3112,GitHub/bluss/arrayvec,1
2019-06-01,21445,1281,GitHub/marshallpierce/rust-base64,8
2019-06-01,21445,2873,GitHub/marshallpierce/rust-base64,1
2019-06-01,21445,3294,GitHub/marshallpierce/rust-base64,1
2019-06-01,21445,1252,GitHub/marshallpierce/rust-base64,2
2019-06-01,22724,3044,GitHub/rust-lang/log,9
2019-06-01,22724,2912,GitHub/rust-lang/log,7
2019-06-01,22724,4474,GitHub/rust-lang/log,1
2019-06-01,22724,3197,GitHub/rust-lang/log,1
2019-06-01,22724,2945,GitHub/rust-lang/log,3
2019-06-01,22724,3032,GitHub/rust-lang/log,2
2019-06-01,22724,3631,GitHub/rust-lang/log,5
2019-06-01,22724,3192,GitHub/rust-lang/log,1
2019-06-01,22804,2867,GitHub/alexcrichton/cfg-if,6
2019-06-01,23287,1431,GitHub/rust-itertools/itertools,1
2019-06-01,23287,268,GitHub/rust-itertools/itertools,2
2019-06-01,23287,4076,GitHub/rust-itertools/itertools,1
2019-06-01,23287,1452,GitHub/rust-itertools/itertools,4
2019-06-01,24440,3984,GitHub/ogham/rust-ansi-term,2
2019-06-01,24440,3985,GitHub/ogham/rust-ansi-term,1
2019-06-01,24440,2873,GitHub/ogham/rust-ansi-term,2
2019-06-01,24440,496,GitHub/ogham/rust-ansi-term,2
2019-06-01,24455,2912,GitHub/serde-rs/json,32
2019-06-01,24455,2025,GitHub/serde-rs/json,2
2019-06-01,24455,27,GitHub/serde-rs/json,1
2019-06-01,25976,3640,GitHub/rust-lang/regex,1
2019-06-01,25976,3043,GitHub/rust-lang/regex,27
2019-06-01,25976,4571,GitHub/rust-lang/regex,1
2019-06-01,25976,4569,GitHub/rust-lang/regex,1
2019-06-01,25976,4573,GitHub/rust-lang/regex,1
2019-06-01,25976,4574,GitHub/rust-lang/regex,1
2019-06-01,25976,4572,GitHub/rust-lang/regex,1
2019-06-01,25976,2873,GitHub/rust-lang/regex,1
2019-06-01,25976,4570,GitHub/rust-lang/regex,1
2019-06-01,26074,3614,GitHub/paholg/typenum,2
2019-06-01,26074,4004,GitHub/paholg/typenum,1
2019-06-01,28336,3189,GitHub/RustCrypto/traits,2
2019-06-01,28336,4020,GitHub/RustCrypto/traits,1
2019-06-01,28705,3460,GitHub/dguo/strsim-rs,2
2019-06-01,28705,707,GitHub/dguo/strsim-rs,8
2019-06-01,30968,3579,GitHub/SergioBenitez/version_check,1
2019-06-01,30968,2343,GitHub/SergioBenitez/version_check,4
2019-06-01,32560,3043,GitHub/BurntSushi/memchr,12
2019-06-01,32560,421,GitHub/BurntSushi/memchr,1
2019-06-01,32560,268,GitHub/BurntSushi/memchr,1
2019-06-01,33435,2912,GitHub/dtolnay/itoa,14
2019-06-01,34191,1407,GitHub/RustCrypto/utils,1
2019-06-01,34191,4038,GitHub/RustCrypto/utils,1
2019-06-01,34191,1406,GitHub/RustCrypto/utils,1
2019-06-01,34191,3189,GitHub/RustCrypto/utils,8
2019-06-01,34191,3063,GitHub/RustCrypto/utils,1
2019-06-01,34831,3404,GitHub/rust-lang/futures-rs,1
2019-06-01,34831,3908,GitHub/rust-lang/futures-rs,9
2019-06-01,34831,4405,GitHub/rust-lang/futures-rs,2
2019-06-01,34831,2927,GitHub/rust-lang/futures-rs,1
2019-06-01,34831,4400,GitHub/rust-lang/futures-rs,1
2019-06-01,34831,3410,GitHub/rust-lang/futures-rs,2
2019-06-01,34831,4393,GitHub/rust-lang/futures-rs,7
2019-06-01,34831,3524,GitHub/rust-lang/futures-rs,1
2019-06-01,34831,4401,GitHub/rust-lang/futures-rs,1
2019-06-01,34831,4244,GitHub/rust-lang/futures-rs,1
2019-06-01,34831,3878,GitHub/rust-lang/futures-rs,3
2019-06-01,34831,1855,GitHub/rust-lang/futures-rs,1
2019-06-01,34831,3117,GitHub/rust-lang/futures-rs,1
2019-06-01,34831,3435,GitHub/rust-lang/futures-rs,1
2019-06-01,34831,2969,GitHub/rust-lang/futures-rs,115
2019-06-01,34831,4404,GitHub/rust-lang/futures-rs,1
2019-06-01,34831,3581,GitHub/rust-lang/futures-rs,14
2019-06-01,34831,4406,GitHub/rust-lang/futures-rs,8
2019-06-01,34831,4403,GitHub/rust-lang/futures-rs,2
2019-06-01,34831,4247,GitHub/rust-lang/futures-rs,4
2019-06-01,34831,3139,GitHub/rust-lang/futures-rs,4
2019-06-01,34831,1824,GitHub/rust-lang/futures-rs,1
2019-06-01,34831,3113,GitHub/rust-lang/futures-rs,7
2019-06-01,34831,4352,GitHub/rust-lang/futures-rs,12
2019-06-01,34831,3502,GitHub/rust-lang/futures-rs,32
2019-06-01,34831,4402,GitHub/rust-lang/futures-rs,3
2019-06-01,34831,2942,GitHub/rust-lang/futures-rs,1
2019-06-01,34831,4388,GitHub/rust-lang/futures-rs,1
2019-06-01,35574,3173,GitHub/unicode-rs/unicode-normalization,2
2019-06-01,35574,2955,GitHub/unicode-rs/unicode-normalization,1
2019-06-01,35574,4781,GitHub/unicode-rs/unicode-normalization,8
2019-06-01,35574,4979,GitHub/unicode-rs/unicode-normalization,5
2019-06-01,35574,2581,GitHub/unicode-rs/unicode-normalization,10
2019-06-01,35737,3025,GitHub/cuviper/autocfg,13
2019-06-01,36424,3523,GitHub/steveklabnik/semver-parser,6
2019-06-01,37101,2873,GitHub/Gilnaa/memoffset,1
2019-06-01,37101,3870,GitHub/Gilnaa/memoffset,5
2019-06-01,37101,1368,GitHub/Gilnaa/memoffset,2
2019-06-01,37612,2912,GitHub/dtolnay/quote,21
2019-06-01,37612,770,GitHub/dtolnay/quote,1
2019-06-01,37612,3514,GitHub/dtolnay/quote,1
2019-06-01,37612,753,GitHub/dtolnay/quote,1
2019-06-01,38667,3025,GitHub/bluss/indexmap,3
2019-06-01,38667,3161,GitHub/bluss/indexmap,4
2019-06-01,39779,2867,GitHub/time-rs/time,1
2019-06-01,40796,3189,GitHub/cryptocorrosion/cryptocorrosion,1
2019-06-01,40796,3448,GitHub/cryptocorrosion/cryptocorrosion,120
2019-06-01,40937,3528,GitHub/dtolnay/semver,1
2019-06-01,40937,3527,GitHub/dtolnay/semver,1
2019-06-01,41752,4844,GitHub/servo/rust-url,2
2019-06-01,41752,4842,GitHub/servo/rust-url,1
2019-06-01,41752,4843,GitHub/servo/rust-url,1
2019-06-01,41752,1252,GitHub/servo/rust-url,5
2019-06-01,41752,4845,GitHub/servo/rust-url,1
2019-06-01,41957,3501,GitHub/dtolnay/proc-macro2,1
2019-06-01,41957,2912,GitHub/dtolnay/proc-macro2,42
2019-06-01,41957,2867,GitHub/dtolnay/proc-macro2,3
2019-06-01,41957,3502,GitHub/dtolnay/proc-macro2,1
2019-06-01,42413,2912,GitHub/dtolnay/ryu,14
2019-06-01,42655,2867,GitHub/rust-lang/socket2,9
2019-06-01,42655,4614,GitHub/rust-lang/socket2,3
2019-06-01,44362,3097,GitHub/rust-lang/hashbrown,1
2019-06-01,44362,3013,GitHub/rust-lang/hashbrown,4
2019-06-01,44362,3025,GitHub/rust-lang/hashbrown,5
2019-06-01,44362,3885,GitHub/rust-lang/hashbrown,5
2019-06-01,44362,3114,GitHub/rust-lang/hashbrown,8
2019-06-01,44362,4437,GitHub/rust-lang/hashbrown,1
2019-06-01,44362,2968,GitHub/rust-lang/hashbrown,25
2019-06-01,44362,1925,GitHub/rust-lang/hashbrown,3
2019-06-01,44362,4435,GitHub/rust-lang/hashbrown,1
2019-06-01,44362,1900,GitHub/rust-lang/hashbrown,4
2019-06-01,44362,4438,GitHub/rust-lang/hashbrown,1
2019-06-01,46027,2901,GitHub/alexcrichton/toml-rs,1
2019-06-01,46027,2900,GitHub/alexcrichton/toml-rs,1
2019-06-01,46027,2898,GitHub/alexcrichton/toml-rs,1
2019-06-01,46027,2892,GitHub/alexcrichton/toml-rs,2
2019-06-01,46027,2867,GitHub/alexcrichton/toml-rs,13
2019-06-01,46027,2899,GitHub/alexcrichton/toml-rs,1
2019-06-01,46027,2875,GitHub/alexcrichton/toml-rs,13
2019-06-01,46178,3044,GitHub/rust-lang-nursery/lazy-static.rs,9
2019-06-01,46178,2138,GitHub/rust-lang-nursery/lazy-static.rs,1
2019-06-01,46178,830,GitHub/rust-lang-nursery/lazy-static.rs,1
2019-06-01,46178,4623,GitHub/rust-lang-nursery/lazy-static.rs,1
2019-06-01,46178,2873,GitHub/rust-lang-nursery/lazy-static.rs,1
2019-06-01,46178,2137,GitHub/rust-lang-nursery/lazy-static.rs,1
2019-06-01,48512,3969,GitHub/rust-random/getrandom,2
2019-06-01,48512,2271,GitHub/rust-random/getrandom,1
2019-06-01,48512,4697,GitHub/rust-random/getrandom,6
2019-06-01,48512,2227,GitHub/rust-random/getrandom,36
2019-06-01,48512,3189,GitHub/rust-random/getrandom,20
2019-06-01,49075,4497,GitHub/rust-lang/pkg-config-rs,1
2019-06-01,49075,4506,GitHub/rust-lang/pkg-config-rs,1
2019-06-01,49075,4503,GitHub/rust-lang/pkg-config-rs,2
2019-06-01,49075,3194,GitHub/rust-lang/pkg-config-rs,3
2019-06-01,49075,2867,GitHub/rust-lang/pkg-config-rs,1
2019-06-01,52462,3636,GitHub/Frommi/miniz_oxide,2
2019-06-01,52462,3637,GitHub/Frommi/miniz_oxide,1
2019-06-01,52465,3618,GitHub/fizyk20/generic-array,1
2019-06-01,52465,2898,GitHub/fizyk20/generic-array,1
2019-06-01,52465,3607,GitHub/fizyk20/generic-array,7
2019-07-01,602,4986,GitHub/unicode-rs/unicode-segmentation,1
2019-07-01,602,4984,GitHub/unicode-rs/unicode-segmentation,2
2019-07-01,602,4983,GitHub/unicode-rs/unicode-segmentation,1
2019-07-01,602,4985,GitHub/unicode-rs/unicode-segmentation,2
2019-07-01,602,3173,GitHub/unicode-rs/unicode-segmentation,19
2019-07-01,602,2872,GitHub/unicode-rs/unicode-segmentation,4
2019-07-01,626,3883,GitHub/hyperium/http,1
2019-07-01,626,3884,GitHub/hyperium/http,1
2019-07-01,626,3882,GitHub/hyperium/http,1
2019-07-01,626,3032,GitHub/hyperium/http,1
2019-07-01,626,3885,GitHub/hyperium/http,1
2019-07-01,626,3878,GitHub/hyperium/http,9
2019-07-01,626,2912,GitHub/hyperium/http,1
2019-07-01,3150,4732,GitHub/seanmonstar/num_cpus,1
2019-07-01,3150,2873,GitHub/seanmonstar/num_cpus,1
2019-07-01,3150,2271,GitHub/seanmonstar/num_cpus,1
2019-07-01,3150,3718,GitHub/seanmonstar/num_cpus,2
2019-07-01,3150,4731,GitHub/seanmonstar/num_cpus,1
2019-07-01,3150,3878,GitHub/seanmonstar/num_cpus,2
2019-07-01,4484,3185,GitHub/BurntSushi/byteorder,1
2019-07-01,4484,3186,GitHub/BurntSushi/byteorder,1
2019-07-01,4484,2873,GitHub/BurntSushi/byteorder,1
2019-07-01,4484,3188,GitHub/BurntSushi/byteorder,1
2019-07-01,4484,3043,GitHub/BurntSushi/byteorder,9
2019-07-01,4486,3193,GitHub/contain-rs/vec-map,1
2019-07-01,4486,586,GitHub/contain-rs/vec-map,1
2019-07-01,4733,3579,GitHub/dtolnay/syn,2
2019-07-01,4733,3433,GitHub/dtolnay/syn,3
2019-07-01,4733,3021,GitHub/dtolnay/syn,5
2019-07-01,4733,3580,GitHub/dtolnay/syn,1
2019-07-01,4733,2898,GitHub/dtolnay/syn,1
2019-07-01,4733,3577,GitHub/dtolnay/syn,1
2019-07-01,4733,3578,GitHub/dtolnay/syn,1
2019-07-01,4733,2912,GitHub/dtolnay/syn,262
2019-07-01,4733,845,GitHub/dtolnay/syn,1
2019-07-01,4733,846,GitHub/dtolnay/syn,5
2019-07-01,4733,3581,GitHub/dtolnay/syn,1
2019-07-01,4733,3063,GitHub/dtolnay/syn,10
2019-07-01,4733,3528,GitHub/dtolnay/syn,1
2019-07-01,6681,3472,GitHub/djc/rustc-version-rs,1
2019-07-01,6681,2873,GitHub/djc/rustc-version-rs,1
2019-07-01,7322,2875,GitHub/servo/rust-smallvec,3
2019-07-01,7322,4133,GitHub/servo/rust-smallvec,1
2019-07-01,7322,4685,GitHub/servo/rust-smallvec,1
2019-07-01,7322,2988,GitHub/servo/rust-smallvec,4
2019-07-01,7415,2873,GitHub/BurntSushi/aho-corasick,1
2019-07-01,7415,3043,GitHub/BurntSushi/aho-corasick,16
2019-07-01,7415,3182,GitHub/BurntSushi/aho-corasick,1
2019-07-01,7415,3181,GitHub/BurntSushi/aho-corasick,3
2019-07-01,12266,3060,GitHub/bitflags/bitflags,2
2019-07-01,12266,3061,GitHub/bitflags/bitflags,1
2019-07-01,12266,3044,GitHub/bitflags/bitflags,2
2019-07-01,12266,1252,GitHub/bitflags/bitflags,1
2019-07-01,12266,3059,GitHub/bitflags/bitflags,1
2019-07-01,12842,4975,GitHub/tokio-rs/slab,2
2019-07-01,12842,3433,GitHub/tokio-rs/slab,6
2019-07-01,12842,3167,GitHub/tokio-rs/slab,4
2019-07-01,14306,3616,GitHub/rust-num/num-integer,8
2019-07-01,14306,3025,GitHub/rust-num/num-integer,12
2019-07-01,16183,4219,GitHub/rust-lang/cc-rs,1
2019-07-01,16183,239,GitHub/rust-lang/cc-rs,1
2019-07-01,16183,3217,GitHub/rust-lang/cc-rs,1
2019-07-01,16183,4000,GitHub/rust-lang/cc-rs,1
2019-07-01,16183,3969,GitHub/rust-lang/cc-rs,1
2019-07-01,16183,2909,GitHub/rust-lang/cc-rs,1
2019-07-01,16183,4217,GitHub/rust-lang/cc-rs,2
2019-07-01,16183,4222,GitHub/rust-lang/cc-rs,3
2019-07-01,16183,4223,GitHub/rust-lang/cc-rs,4
2019-07-01,16183,2990,GitHub/rust-lang/cc-rs,2
2019-07-01,16183,1593,GitHub/rust-lang/cc-rs,2
2019-07-01,16183,4215,GitHub/rust-lang/cc-rs,1
2019-07-01,16183,4214,GitHub/rust-lang/cc-rs,4
2019-07-01,16183,4220,GitHub/rust-lang/cc-rs,1
2019-07-01,16183,2975,GitHub/rust-lang/cc-rs,1
2019-07-01,16183,3503,GitHub/rust-lang/cc-rs,1
2019-07-01,16183,4221,GitHub/rust-lang/cc-rs,1
2019-07-01,16183,2867,GitHub/rust-lang/cc-rs,59
2019-07-01,16259,4686,GitHub/rust-num/num-traits,1
2019-07-01,16259,3025,GitHub/rust-num/num-traits,7
2019-07-01,16259,4685,GitHub/rust-num/num-traits,7
2019-07-01,16492,4952,GitHub/tokio-rs/bytes,1
2019-07-01,16492,2969,GitHub/tokio-rs/bytes,1
2019-07-01,16492,3878,GitHub/tokio-rs/bytes,8
2019-07-01,16492,4950,GitHub/tokio-rs/bytes,2
2019-07-01,16492,4954,GitHub/tokio-rs/bytes,1
2019-07-01,16492,3433,GitHub/tokio-rs/bytes,1
2019-07-01,16492,4262,GitHub/tokio-rs/bytes,1
2019-07-01,16492,3403,GitHub/tokio-rs/bytes,1
2019-07-01,16492,4955,GitHub/tokio-rs/bytes,1
2019-07-01,17630,3127,GitHub/bluss/either,3
2019-07-01,17630,3025,GitHub/bluss/either,6
2019-07-01,17630,3126,GitHub/bluss/either,1
2019-07-01,17721,3960,GitHub/matklad/once_cell,4
2019-07-01,17721,2970,GitHub/matklad/once_cell,27
2019-07-01,17721,3097,GitHub/matklad/once_cell,2
2019-07-01,17721,3957,GitHub/matklad/once_cell,1
2019-07-01,17721,3220,GitHub/matklad/once_cell,1
2019-07-01,17721,3959,GitHub/matklad/once_cell,1
2019-07-01,18006,3405,GitHub/crossbeam-rs/crossbeam,1
2019-07-01,18006,2970,GitHub/crossbeam-rs/crossbeam,1
2019-07-01,18006,665,GitHub/crossbeam-rs/crossbeam,2
2019-07-01,18006,2969,GitHub/crossbeam-rs/crossbeam,6
2019-07-01,18006,3404,GitHub/crossbeam-rs/crossbeam,1
2019-07-01,18006,641,GitHub/crossbeam-rs/crossbeam,1
2019-07-01,18006,3403,GitHub/crossbeam-rs/crossbeam,1
2019-07-01,18006,1373,GitHub/crossbeam-rs/crossbeam,1
2019-07-01,18006,2898,GitHub/crossbeam-rs/crossbeam,1
2019-07-01,18006,3406,GitHub/crossbeam-rs/crossbeam,3
2019-07-01,18006,3180,GitHub/crossbeam-rs/crossbeam,1
2019-07-01,18006,3074,GitHub/crossbeam-rs/crossbeam,8
2019-07-01,18006,3097,GitHub/crossbeam-rs/crossbeam,1
2019-07-01,18006,3410,GitHub/crossbeam-rs/crossbeam,2
2019-07-01,18006,3402,GitHub/crossbeam-rs/crossbeam,2
2019-07-01,18006,3113,GitHub/crossbeam-rs/crossbeam,12
2019-07-01,18006,353,GitHub/crossbeam-rs/crossbeam,114
2019-07-01,18006,1476,GitHub/crossbeam-rs/crossbeam,1
2019-07-01,18006,637,GitHub/crossbeam-rs/crossbeam,2
2019-07-01,18006,3408,GitHub/crossbeam-rs/crossbeam,1
2019-07-01,18006,3096,GitHub/crossbeam-rs/crossbeam,9
2019-07-01,20410,2872,GitHub/mgeisler/textwrap,18
2019-07-01,20410,3978,GitHub/mgeisler/textwrap,1
2019-07-01,20699,2970,GitHub/Amanieu/parking_lot,1
2019-07-01,20699,2968,GitHub/Amanieu/parking_lot,27
2019-07-01,20699,2972,GitHub/Amanieu/parking_lot,19
2019-07-01,20699,2971,GitHub/Amanieu/parking_lot,54
2019-07-01,20699,2969,GitHub/Amanieu/parking_lot,1
2019-07-01,20949,3701,GitHub/Geal/nom,1
2019-07-01,20949,2873,GitHub/Geal/nom,4
2019-07-01,20949,3689,GitHub/Geal/nom,1
2019-07-01,20949,3693,GitHub/Geal/nom,1
2019-07-01,20949,3697,GitHub/Geal/nom,1
2019-07-01,20949,3691,GitHub/Geal/nom,2
2019-07-01,20949,3692,GitHub/Geal/nom,1
2019-07-01,20949,3704,GitHub/Geal/nom,1
2019-07-01,20949,3205,GitHub/Geal/nom,1
2019-07-01,20949,3534,GitHub/Geal/nom,221
2019-07-01,20949,3698,GitHub/Geal/nom,1
2019-07-01,20949,981,GitHub/Geal/nom,12
2019-07-01,20949,3702,GitHub/Geal/nom,1
2019-07-01,20949,3699,GitHub/Geal/nom,1
2019-07-01,20949,3666,GitHub/Geal/nom,1
2019-07-01,20949,2975,GitHub/Geal/nom,1
2019-07-01,20949,3700,GitHub/Geal/nom,1
2019-07-01,20949,3651,GitHub/Geal/nom,20
2019-07-01,20949,3695,GitHub/Geal/nom,6
2019-07-01,20949,3694,GitHub/Geal/nom,19
2019-07-01,20949,975,GitHub/Geal/nom,1
2019-07-01,20949,3696,GitHub/Geal/nom,1
2019-07-01,21282,3112,GitHub/bluss/arrayvec,1
2019-07-01,21282,3092,GitHub/bluss/arrayvec,2
2019-07-01,21282,3111,GitHub/bluss/arrayvec,1
2019-07-01,21445,1281,GitHub/marshallpierce/rust-base64,8
2019-07-01,21445,2873,GitHub/marshallpierce/rust-base64,1
2019-07-01,21445,3294,GitHub/marshallpierce/rust-base64,1
2019-07-01,21445,1252,GitHub/marshallpierce/rust-base64,2
2019-07-01,21445,1290,GitHub/marshallpierce/rust-base64,1
2019-07-01,22724,3197,GitHub/rust-lang/log,1
2019-07-01,22724,2912,GitHub/rust-lang/log,7
2019-07-01,22724,3044,GitHub/rust-lang/log,10
2019-07-01,22724,3192,GitHub/rust-lang/log,1
2019-07-01,22724,2945,GitHub/rust-lang/log,3
2019-07-01,22724,4474,GitHub/rust-lang/log,1
2019-07-01,22724,3631,GitHub/rust-lang/log,5
2019-07-01,22724,3032,GitHub/rust-lang/log,2
2019-07-01,22804,2867,GitHub/alexcrichton/cfg-if,9
2019-07-01,23287,4002,GitHub/rust-itertools/itertools,1
2019-07-01,23287,1452,GitHub/rust-itertools/itertools,4
2019-07-01,23287,268,GitHub/rust-itertools/itertools,2
2019-07-01,23287,1431,GitHub/rust-itertools/itertools,1
2019-07-01,23287,4076,GitHub/rust-itertools/itertools,1
2019-07-01,24440,496,GitHub/ogham/rust-ansi-term,2
2019-07-01,24440,3984,GitHub/ogham/rust-ansi-term,2
2019-07-01,24440,2873,GitHub/ogham/rust-ansi-term,2
2019-07-01,24440,3985,GitHub/ogham/rust-ansi-term,1
2019-07-01,24455,27,GitHub/serde-rs/json,1
2019-07-01,24455,2912,GitHub/serde-rs/json,39
2019-07-01,24455,2025,GitHub/serde-rs/json,2
2019-07-01,25976,4572,GitHub/rust-lang/regex,1
2019-07-01,25976,4573,GitHub/rust-lang/regex,1
2019-07-01,25976,4574,GitHub/rust-lang/regex,1
2019-07-01,25976,2873,GitHub/rust-lang/regex,1
2019-07-01,25976,4571,GitHub/rust-lang/regex,1
2019-07-01,25976,4570,GitHub/rust-lang/regex,1
2019-07-01,25976,3097,GitHub/rust-lang/regex,1
2019-07-01,25976,3043,GitHub/rust-lang/regex,32
2019-07-01,25976,3640,GitHub/rust-lang/regex,1
2019-07-01,25976,4569,GitHub/rust-lang/regex,1
2019-07-01,25976,4568,GitHub/rust-lang/regex,1
2019-07-01,26074,3614,GitHub/paholg/typenum,2
2019-07-01,26074,4004,GitHub/paholg/typenum,1
2019-07-01,28336,3189,GitHub/RustCrypto/traits,4
2019-07-01,28336,4020,GitHub/RustCrypto/traits,1
2019-07-01,28705,3460,GitHub/dguo/strsim-rs,2
2019-07-01,28705,707,GitHub/dguo/strsim-rs,8
2019-07-01,30968,2343,GitHub/SergioBenitez/version_check,4
2019-07-01,30968,3579,GitHub/SergioBenitez/version_check,1
2019-07-01,32560,268,GitHub/BurntSushi/memchr,1
2019-07-01,32560,421,GitHub/BurntSushi/memchr,1
2019-07-01,32560,3043,GitHub/BurntSushi/memchr,12
2019-07-01,33435,2912,GitHub/dtolnay/itoa,14
2019-07-01,34191,3063,GitHub/RustCrypto/utils,1
2019-07-01,34191,1406,GitHub/RustCrypto/utils,1
2019-07-01,34191,3189,GitHub/RustCrypto/utils,8
2019-07-01,34191,1407,GitHub/RustCrypto/utils,1
2019-07-01,34191,4038,GitHub/RustCrypto/utils,1
2019-07-01,34831,1855,GitHub/rust-lang/futures-rs,1
2019-07-01,34831,3117,GitHub/rust-lang/futures-rs,1
2019-07-01,34831,4247,GitHub/rust-lang/futures-rs,4
2019-07-01,34831,4401,GitHub/rust-lang/futures-rs,1
2019-07-01,34831,3524,GitHub/rust-lang/futures-rs,1
2019-07-01,34831,4400,GitHub/rust-lang/futures-rs,1
2019-07-01,34831,2942,GitHub/rust-lang/futures-rs,1
2019-07-01,34831,4404,GitHub/rust-lang/futures-rs,1
2019-07-01,34831,4399,GitHub/rust-lang/futures-rs,1
2019-07-01,34831,3435,GitHub/rust-lang/futures-rs,1
2019-07-01,34831,3404,GitHub/rust-lang/futures-rs,1
2019-07-01,34831,1824,GitHub/rust-lang/futures-rs,1
2019-07-01,34831,3113,GitHub/rust-lang/futures-rs,13
2019-07-01,34831,3032,GitHub/rust-lang/futures-rs,1
2019-07-01,34831,3908,GitHub/rust-lang/futures-rs,9
2019-07-01,34831,3502,GitHub/rust-lang/futures-rs,41
2019-07-01,34831,2969,GitHub/rust-lang/futures-rs,136
2019-07-01,34831,4398,GitHub/rust-lang/futures-rs,1
2019-07-01,34831,4405,GitHub/rust-lang/futures-rs,2
2019-07-01,34831,4302,GitHub/rust-lang/futures-rs,1
2019-07-01,34831,3410,GitHub/rust-lang/futures-rs,3
2019-07-01,34831,3581,GitHub/rust-lang/futures-rs,15
2019-07-01,34831,4403,GitHub/rust-lang/futures-rs,2
2019-07-01,34831,3180,GitHub/rust-lang/futures-rs,1
2019-07-01,34831,2867,GitHub/rust-lang/futures-rs,1
2019-07-01,34831,3139,GitHub/rust-lang/futures-rs,4
2019-07-01,34831,4388,GitHub/rust-lang/futures-rs,1
2019-07-01,34831,4402,GitHub/rust-lang/futures-rs,3
2019-07-01,34831,4352,GitHub/rust-lang/futures-rs,12
2019-07-01,34831,4406,GitHub/rust-lang/futures-rs,8
2019-07-01,34831,3878,GitHub/rust-lang/futures-rs,6
2019-07-01,34831,4244,GitHub/rust-lang/futures-rs,1
2019-07-01,34831,204,GitHub/rust-lang/futures-rs,3
2019-07-01,34831,4393,GitHub/rust-lang/futures-rs,7
2019-07-01,34831,2927,GitHub/rust-lang/futures-rs,1
2019-07-01,35574,4979,GitHub/unicode-rs/unicode-normalization,5
2019-07-01,35574,4781,GitHub/unicode-rs/unicode-normalization,8
2019-07-01,35574,3173,GitHub/unicode-rs/unicode-normalization,2
2019-07-01,35574,2581,GitHub/unicode-rs/unicode-normalization,10
2019-07-01,35574,2955,GitHub/unicode-rs/unicode-normalization,1
2019-07-01,35737,3025,GitHub/cuviper/autocfg,14
2019-07-01,36424,3523,GitHub/steveklabnik/semver-parser,9
2019-07-01,37083,3230,GitHub/BurntSushi/termcolor,1
2019-07-01,37083,3043,GitHub/BurntSushi/termcolor,1
2019-07-01,37101,1368,GitHub/Gilnaa/memoffset,2
2019-07-01,37101,3870,GitHub/Gilnaa/memoffset,5
2019-07-01,37101,2873,GitHub/Gilnaa/memoffset,1
2019-07-01,37612,770,GitHub/dtolnay/quote,1
2019-07-01,37612,3021,GitHub/dtolnay/quote,1
2019-07-01,37612,3514,GitHub/dtolnay/quote,1
2019-07-01,37612,753,GitHub/dtolnay/quote,1
2019-07-01,37612,2912,GitHub/dtolnay/quote,21
2019-07-01,38667,3025,GitHub/bluss/indexmap,3
2019-07-01,38667,3161,GitHub/bluss/indexmap,4
2019-07-01,39779,2867,GitHub/time-rs/time,1
2019-07-01,40796,3189,GitHub/cryptocorrosion/cryptocorrosion,1
2019-07-01,40796,3448,GitHub/cryptocorrosion/cryptocorrosion,123
2019-07-01,40937,3527,GitHub/dtolnay/semver,1
2019-07-01,40937,3528,GitHub/dtolnay/semver,1
2019-07-01,41752,4841,GitHub/servo/rust-url,1
2019-07-01,41752,4844,GitHub/servo/rust-url,2
2019-07-01,41752,4843,GitHub/servo/rust-url,1
2019-07-01,41752,4845,GitHub/servo/rust-url,1
2019-07-01,41752,1252,GitHub/servo/rust-url,5
2019-07-01,41752,4842,GitHub/servo/rust-url,1
2019-07-01,41957,2867,GitHub/dtolnay/proc-macro2,3
2019-07-01,41957,3501,GitHub/dtolnay/proc-macro2,1
2019-07-01,41957,2912,GitHub/dtolnay/proc-macro2,45
2019-07-01,41957,3502,GitHub/dtolnay/proc-macro2,1
2019-07-01,41957,3500,GitHub/dtolnay/proc-macro2,1
2019-07-01,42413,2912,GitHub/dtolnay/ryu,30
2019-07-01,42655,2867,GitHub/rust-lang/socket2,9
2019-07-01,42655,4614,GitHub/rust-lang/socket2,3
2019-07-01,44362,3097,GitHub/rust-lang/hashbrown,2
2019-07-01,44362,2968,GitHub/rust-lang/hashbrown,27
2019-07-01,44362,3025,GitHub/rust-lang/hashbrown,5
2019-07-01,44362,1925,GitHub/rust-lang/hashbrown,3
2019-07-01,44362,1896,GitHub/rust-lang/hashbrown,1
2019-07-01,44362,1897,GitHub/rust-lang/hashbrown,1
2019-07-01,44362,1900,GitHub/rust-lang/hashbrown,4
2019-07-01,44362,4438,GitHub/rust-lang/hashbrown,1
2019-07-01,44362,4435,GitHub/rust-lang/hashbrown,4
2019-07-01,44362,3885,GitHub/rust-lang/hashbrown,5
2019-07-01,44362,3114,GitHub/rust-lang/hashbrown,8
2019-07-01,44362,4437,GitHub/rust-lang/hashbrown,1
2019-07-01,44362,3013,GitHub/rust-lang/hashbrown,5
2019-07-01,44362,3413,GitHub/rust-lang/hashbrown,1
2019-07-01,46027,2899,GitHub/alexcrichton/toml-rs,1
2019-07-01,46027,2900,GitHub/alexcrichton/toml-rs,1
2019-07-01,46027,2901,GitHub/alexcrichton/toml-rs,1
2019-07-01,46027,2898,GitHub/alexcrichton/toml-rs,1
2019-07-01,46027,2892,GitHub/alexcrichton/toml-rs,2
2019-07-01,46027,2875,GitHub/alexcrichton/toml-rs,13
2019-07-01,46027,2867,GitHub/alexcrichton/toml-rs,13
2019-07-01,46178,2137,GitHub/rust-lang-nursery/lazy-static.rs,1
2019-07-01,46178,3044,GitHub/rust-lang-nursery/lazy-static.rs,9
2019-07-01,46178,2873,GitHub/rust-lang-nursery/lazy-static.rs,1
2019-07-01,46178,4623,GitHub/rust-lang-nursery/lazy-static.rs,1
2019-07-01,46178,2138,GitHub/rust-lang-nursery/lazy-static.rs,1
2019-07-01,46178,830,GitHub/rust-lang-nursery/lazy-static.rs,1
2019-07-01,48512,3189,GitHub/rust-random/getrandom,24
2019-07-01,48512,2227,GitHub/rust-random/getrandom,38
2019-07-01,48512,3969,GitHub/rust-random/getrandom,2
2019-07-01,48512,4697,GitHub/rust-random/getrandom,6
2019-07-01,48512,2271,GitHub/rust-random/getrandom,1
2019-07-01,48512,4692,GitHub/rust-random/getrandom,21
2019-07-01,49075,3194,GitHub/rust-lang/pkg-config-rs,3
2019-07-01,49075,4503,GitHub/rust-lang/pkg-config-rs,2
2019-07-01,49075,4497,GitHub/rust-lang/pkg-config-rs,1
2019-07-01,49075,4506,GitHub/rust-lang/pkg-config-rs,1
2019-07-01,49075,2867,GitHub/rust-lang/pkg-config-rs,1
2019-07-01,52462,3636,GitHub/Frommi/miniz_oxide,2
2019-07-01,52462,898,GitHub/Frommi/miniz_oxide,1
2019-07-01,52462,2890,GitHub/Frommi/miniz_oxide,3
2019-07-01,52462,3637,GitHub/Frommi/miniz_oxide,1
2019-07-01,52465,2898,GitHub/fizyk20/generic-array,1
2019-07-01,52465,3618,GitHub/fizyk20/generic-array,1
2019-07-01,52465,3607,GitHub/fizyk20/generic-array,13
2019-08-01,602,4984,GitHub/unicode-rs/unicode-segmentation,2
2019-08-01,602,4986,GitHub/unicode-rs/unicode-segmentation,1
2019-08-01,602,3173,GitHub/unicode-rs/unicode-segmentation,19
2019-08-01,602,2872,GitHub/unicode-rs/unicode-segmentation,4
2019-08-01,602,4985,GitHub/unicode-rs/unicode-segmentation,2
2019-08-01,602,4983,GitHub/unicode-rs/unicode-segmentation,1
2019-08-01,626,2912,GitHub/hyperium/http,1
2019-08-01,626,3878,GitHub/hyperium/http,12
2019-08-01,626,3883,GitHub/hyperium/http,1
2019-08-01,626,3032,GitHub/hyperium/http,1
2019-08-01,626,3885,GitHub/hyperium/http,1
2019-08-01,626,3460,GitHub/hyperium/http,1
2019-08-01,626,3882,GitHub/hyperium/http,1
2019-08-01,626,2873,GitHub/hyperium/http,1
2019-08-01,626,3881,GitHub/hyperium/http,2
2019-08-01,626,3884,GitHub/hyperium/http,1
2019-08-01,3150,3878,GitHub/seanmonstar/num_cpus,2
2019-08-01,3150,4732,GitHub/seanmonstar/num_cpus,1
2019-08-01,3150,4731,GitHub/seanmonstar/num_cpus,1
2019-08-01,3150,3718,GitHub/seanmonstar/num_cpus,2
2019-08-01,3150,2873,GitHub/seanmonstar/num_cpus,1
2019-08-01,3150,2271,GitHub/seanmonstar/num_cpus,1
2019-08-01,4484,3185,GitHub/BurntSushi/byteorder,1
2019-08-01,4484,3186,GitHub/BurntSushi/byteorder,1
2019-08-01,4484,2873,GitHub/BurntSushi/byteorder,1
2019-08-01,4484,3188,GitHub/BurntSushi/byteorder,1
2019-08-01,4484,3043,GitHub/BurntSushi/byteorder,9
2019-08-01,4486,3193,GitHub/contain-rs/vec-map,1
2019-08-01,4486,586,GitHub/contain-rs/vec-map,1
2019-08-01,4733,3063,GitHub/dtolnay/syn,10
2019-08-01,4733,2898,GitHub/dtolnay/syn,1
2019-08-01,4733,3581,GitHub/dtolnay/syn,1
2019-08-01,4733,845,GitHub/dtolnay/syn,1
2019-08-01,4733,3579,GitHub/dtolnay/syn,2
2019-08-01,4733,846,GitHub/dtolnay/syn,5
2019-08-01,4733,3433,GitHub/dtolnay/syn,3
2019-08-01,4733,3580,GitHub/dtolnay/syn,1
2019-08-01,4733,3021,GitHub/dtolnay/syn,5
2019-08-01,4733,3578,GitHub/dtolnay/syn,1
2019-08-01,4733,3577,GitHub/dtolnay/syn,1
2019-08-01,4733,3528,GitHub/dtolnay/syn,1
2019-08-01,4733,2912,GitHub/dtolnay/syn,395
2019-08-01,6681,2873,GitHub/djc/rustc-version-rs,1
2019-08-01,6681,3472,GitHub/djc/rustc-version-rs,1
2019-08-01,7322,2988,GitHub/servo/rust-smallvec,4
2019-08-01,7322,4133,GitHub/servo/rust-smallvec,1
2019-08-01,7322,2875,GitHub/servo/rust-smallvec,3
2019-08-01,7322,3413,GitHub/servo/rust-smallvec,1
2019-08-01,7322,4685,GitHub/servo/rust-smallvec,1
2019-08-01,7415,3181,GitHub/BurntSushi/aho-corasick,3
2019-08-01,7415,3043,GitHub/BurntSushi/aho-corasick,19
2019-08-01,7415,3182,GitHub/BurntSushi/aho-corasick,1
2019-08-01,7415,2873,GitHub/BurntSushi/aho-corasick,1
2019-08-01,12228,3878,GitHub/seanmonstar/httparse,3
2019-08-01,12266,3061,GitHub/bitflags/bitflags,1
2019-08-01,12266,3058,GitHub/bitflags/bitflags,1
2019-08-01,12266,3060,GitHub/bitflags/bitflags,2
2019-08-01,12266,3059,GitHub/bitflags/bitflags,1
2019-08-01,12266,3044,GitHub/bitflags/bitflags,4
2019-08-01,12266,1252,GitHub/bitflags/bitflags,1
2019-08-01,12842,4975,GitHub/tokio-rs/slab,2
2019-08-01,12842,3167,GitHub/tokio-rs/slab,4
2019-08-01,12842,3433,GitHub/tokio-rs/slab,6
2019-08-01,14306,3616,GitHub/rust-num/num-integer,8
2019-08-01,14306,3025,GitHub/rust-num/num-integer,12
2019-08-01,16183,4223,GitHub/rust-lang/cc-rs,4
2019-08-01,16183,2909,GitHub/rust-lang/cc-rs,1
2019-08-01,16183,3503,GitHub/rust-lang/cc-rs,1
2019-08-01,16183,4222,GitHub/rust-lang/cc-rs,3
2019-08-01,16183,4220,GitHub/rust-lang/cc-rs,1
2019-08-01,16183,2867,GitHub/rust-lang/cc-rs,62
2019-08-01,16183,4217,GitHub/rust-lang/cc-rs,2
2019-08-01,16183,4000,GitHub/rust-lang/cc-rs,1
2019-08-01,16183,2975,GitHub/rust-lang/cc-rs,1
2019-08-01,16183,3217,GitHub/rust-lang/cc-rs,1
2019-08-01,16183,4219,GitHub/rust-lang/cc-rs,1
2019-08-01,16183,4214,GitHub/rust-lang/cc-rs,8
2019-08-01,16183,1593,GitHub/rust-lang/cc-rs,2
2019-08-01,16183,4215,GitHub/rust-lang/cc-rs,1
2019-08-01,16183,239,GitHub/rust-lang/cc-rs,1
2019-08-01,16183,4221,GitHub/rust-lang/cc-rs,1
2019-08-01,16183,3969,GitHub/rust-lang/cc-rs,1
2019-08-01,16183,2990,GitHub/rust-lang/cc-rs,2
2019-08-01,16259,2975,GitHub/rust-num/num-traits,2
2019-08-01,16259,3025,GitHub/rust-num/num-traits,7
2019-08-01,16259,4686,GitHub/rust-num/num-traits,1
2019-08-01,16259,4685,GitHub/rust-num/num-traits,7
2019-08-01,16492,3878,GitHub/tokio-rs/bytes,8
2019-08-01,16492,4950,GitHub/tokio-rs/bytes,2
2019-08-01,16492,4262,GitHub/tokio-rs/bytes,1
2019-08-01,16492,4955,GitHub/tokio-rs/bytes,1
2019-08-01,16492,4952,GitHub/tokio-rs/bytes,1
2019-08-01,16492,3433,GitHub/tokio-rs/bytes,2
2019-08-01,16492,4954,GitHub/tokio-rs/bytes,1
2019-08-01,16492,2969,GitHub/tokio-rs/bytes,4
2019-08-01,16492,3403,GitHub/tokio-rs/bytes,1
2019-08-01,16492,2975,GitHub/tokio-rs/bytes,2
2019-08-01,17630,3127,GitHub/bluss/either,3
2019-08-01,17630,3126,GitHub/bluss/either,1
2019-08-01,17630,3025,GitHub/bluss/either,6
2019-08-01,17721,3160,GitHub/matklad/once_cell,2
2019-08-01,17721,3959,GitHub/matklad/once_cell,1
2019-08-01,17721,3394,GitHub/matklad/once_cell,4
2019-08-01,17721,3956,GitHub/matklad/once_cell,1
2019-08-01,17721,3957,GitHub/matklad/once_cell,1
2019-08-01,17721,3960,GitHub/matklad/once_cell,4
2019-08-01,17721,3220,GitHub/matklad/once_cell,1
2019-08-01,17721,3097,GitHub/matklad/once_cell,2
2019-08-01,17721,2970,GitHub/matklad/once_cell,31
2019-08-01,18006,3410,GitHub/crossbeam-rs/crossbeam,2
2019-08-01,18006,3113,GitHub/crossbeam-rs/crossbeam,12
2019-08-01,18006,3403,GitHub/crossbeam-rs/crossbeam,1
2019-08-01,18006,1373,GitHub/crossbeam-rs/crossbeam,1
2019-08-01,18006,3180,GitHub/crossbeam-rs/crossbeam,1
2019-08-01,18006,3406,GitHub/crossbeam-rs/crossbeam,3
2019-08-01,18006,3096,GitHub/crossbeam-rs/crossbeam,9
2019-08-01,18006,2898,GitHub/crossbeam-rs/crossbeam,1
2019-08-01,18006,665,GitHub/crossbeam-rs/crossbeam,2
2019-08-01,18006,3074,GitHub/crossbeam-rs/crossbeam,8
2019-08-01,18006,2969,GitHub/crossbeam-rs/crossbeam,6
2019-08-01,18006,3097,GitHub/crossbeam-rs/crossbeam,1
2019-08-01,18006,2970,GitHub/crossbeam-rs/crossbeam,1
2019-08-01,18006,3402,GitHub/crossbeam-rs/crossbeam,2
2019-08-01,18006,3404,GitHub/crossbeam-rs/crossbeam,1
2019-08-01,18006,3408,GitHub/crossbeam-rs/crossbeam,1
2019-08-01,18006,641,GitHub/crossbeam-rs/crossbeam,1
2019-08-01,18006,3405,GitHub/crossbeam-rs/crossbeam,1
2019-08-01,18006,637,GitHub/crossbeam-rs/crossbeam,2
2019-08-01,18006,3401,GitHub/crossbeam-rs/crossbeam,1
2019-08-01,18006,3013,GitHub/crossbeam-rs/crossbeam,1
2019-08-01,18006,1476,GitHub/crossbeam-rs/crossbeam,1
2019-08-01,18006,353,GitHub/crossbeam-rs/crossbeam,120
2019-08-01,20410,2872,GitHub/mgeisler/textwrap,19
2019-08-01,20410,3978,GitHub/mgeisler/textwrap,1
2019-08-01,20699,2968,GitHub/Amanieu/parking_lot,42
2019-08-01,20699,2970,GitHub/Amanieu/parking_lot,2
2019-08-01,20699,771,GitHub/Amanieu/parking_lot,1
2019-08-01,20699,2969,GitHub/Amanieu/parking_lot,1
2019-08-01,20699,2972,GitHub/Amanieu/parking_lot,19
2019-08-01,20699,3032,GitHub/Amanieu/parking_lot,15
2019-08-01,20699,2971,GitHub/Amanieu/parking_lot,54
2019-08-01,20949,3401,GitHub/Geal/nom,1
2019-08-01,20949,3694,GitHub/Geal/nom,19
2019-08-01,20949,3704,GitHub/Geal/nom,1
2019-08-01,20949,3681,GitHub/Geal/nom,1
2019-08-01,20949,975,GitHub/Geal/nom,1
2019-08-01,20949,3692,GitHub/Geal/nom,1
2019-08-01,20949,2975,GitHub/Geal/nom,1
2019-08-01,20949,3698,GitHub/Geal/nom,1
2019-08-01,20949,3696,GitHub/Geal/nom,1
2019-08-01,20949,3689,GitHub/Geal/nom,2
2019-08-01,20949,3697,GitHub/Geal/nom,1
2019-08-01,20949,3691,GitHub/Geal/nom,2
2019-08-01,20949,3205,GitHub/Geal/nom,1
2019-08-01,20949,3701,GitHub/Geal/nom,1
2019-08-01,20949,3702,GitHub/Geal/nom,1
2019-08-01,20949,3699,GitHub/Geal/nom,1
2019-08-01,20949,3666,GitHub/Geal/nom,1
2019-08-01,20949,3695,GitHub/Geal/nom,6
2019-08-01,20949,3700,GitHub/Geal/nom,1
2019-08-01,20949,2873,GitHub/Geal/nom,4
2019-08-01,20949,3651,GitHub/Geal/nom,20
2019-08-01,20949,3693,GitHub/Geal/nom,1
2019-08-01,20949,3690,GitHub/Geal/nom,1
2019-08-01,20949,981,GitHub/Geal/nom,12
2019-08-01,20949,3534,GitHub/Geal/nom,223
2019-08-01,21282,268,GitHub/bluss/arrayvec,5
2019-08-01,21282,3092,GitHub/bluss/arrayvec,2
2019-08-01,21282,3112,GitHub/bluss/arrayvec,1
2019-08-01,21282,3111,GitHub/bluss/arrayvec,1
2019-08-01,21445,3294,GitHub/marshallpierce/rust-base64,1
2019-08-01,21445,1281,GitHub/marshallpierce/rust-base64,14
2019-08-01,21445,1252,GitHub/marshallpierce/rust-base64,2
2019-08-01,21445,1290,GitHub/marshallpierce/rust-base64,1
2019-08-01,21445,2873,GitHub/marshallpierce/rust-base64,1
2019-08-01,22724,2912,GitHub/rust-lang/log,7
2019-08-01,22724,3032,GitHub/rust-lang/log,2
2019-08-01,22724,4473,GitHub/rust-lang/log,1
2019-08-01,22724,4474,GitHub/rust-lang/log,1
2019-08-01,22724,3192,GitHub/rust-lang/log,1
2019-08-01,22724,3761,GitHub/rust-lang/log,3
2019-08-01,22724,2945,GitHub/rust-lang/log,5
2019-08-01,22724,3044,GitHub/rust-lang/log,25
2019-08-01,22724,2866,GitHub/rust-lang/log,1
2019-08-01,22724,3197,GitHub/rust-lang/log,1
2019-08-01,22724,3631,GitHub/rust-lang/log,5
2019-08-01,22804,2867,GitHub/alexcrichton/cfg-if,9
2019-08-01,23287,4002,GitHub/rust-itertools/itertools,1
2019-08-01,23287,1452,GitHub/rust-itertools/itertools,4
2019-08-01,23287,4075,GitHub/rust-itertools/itertools,2
2019-08-01,23287,268,GitHub/rust-itertools/itertools,3
2019-08-01,23287,1431,GitHub/rust-itertools/itertools,1
2019-08-01,23287,4068,GitHub/rust-itertools/itertools,2
2019-08-01,23287,4076,GitHub/rust-itertools/itertools,2
2019-08-01,24440,3985,GitHub/ogham/rust-ansi-term,1
2019-08-01,24440,496,GitHub/ogham/rust-ansi-term,17
2019-08-01,24440,3984,GitHub/ogham/rust-ansi-term,3
2019-08-01,24440,2873,GitHub/ogham/rust-ansi-term,2
2019-08-01,24455,2912,GitHub/serde-rs/json,41
2019-08-01,24455,2025,GitHub/serde-rs/json,2
2019-08-01,24455,27,GitHub/serde-rs/json,1
2019-08-01,25976,4572,GitHub/rust-lang/regex,1
2019-08-01,25976,3043,GitHub/rust-lang/regex,47
2019-08-01,25976,3114,GitHub/rust-lang/regex,3
2019-08-01,25976,4573,GitHub/rust-lang/regex,1
2019-08-01,25976,4574,GitHub/rust-lang/regex,1
2019-08-01,25976,4571,GitHub/rust-lang/regex,1
2019-08-01,25976,4570,GitHub/rust-lang/regex,1
2019-08-01,25976,2873,GitHub/rust-lang/regex,1
2019-08-01,25976,4569,GitHub/rust-lang/regex,1
2019-08-01,25976,4568,GitHub/rust-lang/regex,1
2019-08-01,25976,3097,GitHub/rust-lang/regex,1
2019-08-01,25976,4567,GitHub/rust-lang/regex,1
2019-08-01,25976,3640,GitHub/rust-lang/regex,1
2019-08-01,25976,1120,GitHub/rust-lang/regex,1
2019-08-01,26074,3614,GitHub/paholg/typenum,2
2019-08-01,26074,4004,GitHub/paholg/typenum,1
2019-08-01,28336,2909,GitHub/RustCrypto/traits,1
2019-08-01,28336,3189,GitHub/RustCrypto/traits,4
2019-08-01,28336,4020,GitHub/RustCrypto/traits,1
2019-08-01,28705,707,GitHub/dguo/strsim-rs,8
2019-08-01,28705,3460,GitHub/dguo/strsim-rs,2
2019-08-01,28877,3173,GitHub/unicode-rs/unicode-xid,3
2019-08-01,28877,5005,GitHub/unicode-rs/unicode-xid,2
2019-08-01,28877,2970,GitHub/unicode-rs/unicode-xid,6
2019-08-01,30968,3579,GitHub/SergioBenitez/version_check,1
2019-08-01,30968,2343,GitHub/SergioBenitez/version_check,4
2019-08-01,32560,421,GitHub/BurntSushi/memchr,1
2019-08-01,32560,2898,GitHub/BurntSushi/memchr,1
2019-08-01,32560,268,GitHub/BurntSushi/memchr,1
2019-08-01,32560,3043,GitHub/BurntSushi/memchr,14
2019-08-01,32560,3224,GitHub/BurntSushi/memchr,1
2019-08-01,33435,2912,GitHub/dtolnay/itoa,14
2019-08-01,34191,3189,GitHub/RustCrypto/utils,9
2019-08-01,34191,1406,GitHub/RustCrypto/utils,1
2019-08-01,34191,4038,GitHub/RustCrypto/utils,1
2019-08-01,34191,3063,GitHub/RustCrypto/utils,1
2019-08-01,34191,3139,GitHub/RustCrypto/utils,1
2019-08-01,34191,1407,GitHub/RustCrypto/utils,1
2019-08-01,34831,3878,GitHub/rust-lang/futures-rs,8
2019-08-01,34831,3404,GitHub/rust-lang/futures-rs,1
2019-08-01,34831,4399,GitHub/rust-lang/futures-rs,1
2019-08-01,34831,1824,GitHub/rust-lang/futures-rs,1
2019-08-01,34831,3113,GitHub/rust-lang/futures-rs,14
2019-08-01,34831,3032,GitHub/rust-lang/futures-rs,1
2019-08-01,34831,3908,GitHub/rust-lang/futures-rs,9
2019-08-01,34831,2911,GitHub/rust-lang/futures-rs,1
2019-08-01,34831,3502,GitHub/rust-lang/futures-rs,41
2019-08-01,34831,3880,GitHub/rust-lang/futures-rs,1
2019-08-01,34831,2969,GitHub/rust-lang/futures-rs,176
2019-08-01,34831,4398,GitHub/rust-lang/futures-rs,1
2019-08-01,34831,4404,GitHub/rust-lang/futures-rs,1
2019-08-01,34831,4405,GitHub/rust-lang/futures-rs,2
2019-08-01,34831,1855,GitHub/rust-lang/futures-rs,1
2019-08-01,34831,4302,GitHub/rust-lang/futures-rs,1
2019-08-01,34831,4397,GitHub/rust-lang/futures-rs,1
2019-08-01,34831,3410,GitHub/rust-lang/futures-rs,3
2019-08-01,34831,2942,GitHub/rust-lang/futures-rs,1
2019-08-01,34831,3436,GitHub/rust-lang/futures-rs,3
2019-08-01,34831,4400,GitHub/rust-lang/futures-rs,1
2019-08-01,34831,3524,GitHub/rust-lang/futures-rs,1
2019-08-01,34831,204,GitHub/rust-lang/futures-rs,3
2019-08-01,34831,3581,GitHub/rust-lang/futures-rs,17
2019-08-01,34831,4401,GitHub/rust-lang/futures-rs,1
2019-08-01,34831,4403,GitHub/rust-lang/futures-rs,2
2019-08-01,34831,4393,GitHub/rust-lang/futures-rs,7
2019-08-01,34831,4247,GitHub/rust-lang/futures-rs,7
2019-08-01,34831,2927,GitHub/rust-lang/futures-rs,1
2019-08-01,34831,3180,GitHub/rust-lang/futures-rs,1
2019-08-01,34831,2867,GitHub/rust-lang/futures-rs,1
2019-08-01,34831,3139,GitHub/rust-lang/futures-rs,4
2019-08-01,34831,4388,GitHub/rust-lang/futures-rs,1
2019-08-01,34831,4402,GitHub/rust-lang/futures-rs,3
2019-08-01,34831,4352,GitHub/rust-lang/futures-rs,13
2019-08-01,34831,4406,GitHub/rust-lang/futures-rs,8
2019-08-01,34831,4396,GitHub/rust-lang/futures-rs,1
2019-08-01,34831,1848,GitHub/rust-lang/futures-rs,1
2019-08-01,34831,3117,GitHub/rust-lang/futures-rs,1
2019-08-01,34831,4244,GitHub/rust-lang/futures-rs,1
2019-08-01,34831,3435,GitHub/rust-lang/futures-rs,1
2019-08-01,35574,2955,GitHub/unicode-rs/unicode-normalization,1
2019-08-01,35574,2581,GitHub/unicode-rs/unicode-normalization,10
2019-08-01,35574,3173,GitHub/unicode-rs/unicode-normalization,2
2019-08-01,35574,4781,GitHub/unicode-rs/unicode-normalization,8
2019-08-01,35574,4979,GitHub/unicode-rs/unicode-normalization,5
2019-08-01,35737,3025,GitHub/cuviper/autocfg,17
2019-08-01,36424,3523,GitHub/steveklabnik/semver-parser,9
2019-08-01,37083,3043,GitHub/BurntSushi/termcolor,1
2019-08-01,37083,3230,GitHub/BurntSushi/termcolor,1
2019-08-01,37101,3013,GitHub/Gilnaa/memoffset,13
2019-08-01,37101,1368,GitHub/Gilnaa/memoffset,2
2019-08-01,37101,2873,GitHub/Gilnaa/memoffset,1
2019-08-01,37101,3870,GitHub/Gilnaa/memoffset,14
2019-08-01,37612,3513,GitHub/dtolnay/quote,1
2019-08-01,37612,2912,GitHub/dtolnay/quote,63
2019-08-01,37612,3021,GitHub/dtolnay/quote,4
2019-08-01,37612,770,GitHub/dtolnay/quote,1
2019-08-01,37612,3514,GitHub/dtolnay/quote,1
2019-08-01,37612,753,GitHub/dtolnay/quote,1
2019-08-01,37844,4270,GitHub/softprops/atty,9
2019-08-01,37844,4891,GitHub/softprops/atty,1
2019-08-01,38667,3161,GitHub/bluss/indexmap,4
2019-08-01,38667,3025,GitHub/bluss/indexmap,3
2019-08-01,39779,2867,GitHub/time-rs/time,1
2019-08-01,40796,3189,GitHub/cryptocorrosion/cryptocorrosion,1
2019-08-01,40796,3448,GitHub/cryptocorrosion/cryptocorrosion,123
2019-08-01,40937,3528,GitHub/dtolnay/semver,1
2019-08-01,40937,3527,GitHub/dtolnay/semver,1
2019-08-01,41752,4843,GitHub/servo/rust-url,1
2019-08-01,41752,1252,GitHub/servo/rust-url,18
2019-08-01,41752,4845,GitHub/servo/rust-url,1
2019-08-01,41752,3313,GitHub/servo/rust-url,4
2019-08-01,41752,4864,GitHub/servo/rust-url,1
2019-08-01,41752,4844,GitHub/servo/rust-url,2
2019-08-01,41752,4841,GitHub/servo/rust-url,1
2019-08-01,41752,27,GitHub/servo/rust-url,9
2019-08-01,41752,3032,GitHub/servo/rust-url,3
2019-08-01,41752,3413,GitHub/servo/rust-url,34
2019-08-01,41752,2866,GitHub/servo/rust-url,1
2019-08-01,41752,4842,GitHub/servo/rust-url,1
2019-08-01,41957,3502,GitHub/dtolnay/proc-macro2,1
2019-08-01,41957,3500,GitHub/dtolnay/proc-macro2,1
2019-08-01,41957,2912,GitHub/dtolnay/proc-macro2,63
2019-08-01,41957,2867,GitHub/dtolnay/proc-macro2,3
2019-08-01,41957,3501,GitHub/dtolnay/proc-macro2,1
2019-08-01,42413,2912,GitHub/dtolnay/ryu,30
2019-08-01,42655,2867,GitHub/rust-lang/socket2,11
2019-08-01,42655,4614,GitHub/rust-lang/socket2,3
2019-08-01,42655,2127,GitHub/rust-lang/socket2,3
2019-08-01,44362,3413,GitHub/rust-lang/hashbrown,1
2019-08-01,44362,3885,GitHub/rust-lang/hashbrown,5
2019-08-01,44362,1894,GitHub/rust-lang/hashbrown,1
2019-08-01,44362,1925,GitHub/rust-lang/hashbrown,3
2019-08-01,44362,1427,GitHub/rust-lang/hashbrown,1
2019-08-01,44362,2968,GitHub/rust-lang/hashbrown,31
2019-08-01,44362,1896,GitHub/rust-lang/hashbrown,1
2019-08-01,44362,3025,GitHub/rust-lang/hashbrown,5
2019-08-01,44362,1897,GitHub/rust-lang/hashbrown,1
2019-08-01,44362,4438,GitHub/rust-lang/hashbrown,1
2019-08-01,44362,3114,GitHub/rust-lang/hashbrown,8
2019-08-01,44362,3097,GitHub/rust-lang/hashbrown,2
2019-08-01,44362,4435,GitHub/rust-lang/hashbrown,4
2019-08-01,44362,3013,GitHub/rust-lang/hashbrown,5
2019-08-01,44362,4437,GitHub/rust-lang/hashbrown,1
2019-08-01,44362,1900,GitHub/rust-lang/hashbrown,4
2019-08-01,44362,2897,GitHub/rust-lang/hashbrown,1
2019-08-01,44362,4434,GitHub/rust-lang/hashbrown,1
2019-08-01,44362,2873,GitHub/rust-lang/hashbrown,1
2019-08-01,46027,2899,GitHub/alexcrichton/toml-rs,1
2019-08-01,46027,2901,GitHub/alexcrichton/toml-rs,1
2019-08-01,46027,2900,GitHub/alexcrichton/toml-rs,1
2019-08-01,46027,2892,GitHub/alexcrichton/toml-rs,2
2019-08-01,46027,2875,GitHub/alexcrichton/toml-rs,14
2019-08-01,46027,2867,GitHub/alexcrichton/toml-rs,14
2019-08-01,46027,2897,GitHub/alexcrichton/toml-rs,1
2019-08-01,46027,2898,GitHub/alexcrichton/toml-rs,1
2019-08-01,46027,2896,GitHub/alexcrichton/toml-rs,4
2019-08-01,46178,2873,GitHub/rust-lang-nursery/lazy-static.rs,1
2019-08-01,46178,4623,GitHub/rust-lang-nursery/lazy-static.rs,1
2019-08-01,46178,830,GitHub/rust-lang-nursery/lazy-static.rs,1
2019-08-01,46178,3044,GitHub/rust-lang-nursery/lazy-static.rs,10
2019-08-01,46178,2137,GitHub/rust-lang-nursery/lazy-static.rs,1
2019-08-01,46178,2138,GitHub/rust-lang-nursery/lazy-static.rs,1
2019-08-01,46178,4622,GitHub/rust-lang-nursery/lazy-static.rs,1
2019-08-01,48512,3969,GitHub/rust-random/getrandom,2
2019-08-01,48512,2227,GitHub/rust-random/getrandom,38
2019-08-01,48512,3189,GitHub/rust-random/getrandom,27
2019-08-01,48512,4697,GitHub/rust-random/getrandom,6
2019-08-01,48512,4692,GitHub/rust-random/getrandom,31
2019-08-01,48512,4695,GitHub/rust-random/getrandom,1
2019-08-01,48512,2271,GitHub/rust-random/getrandom,1
2019-08-01,49075,3194,GitHub/rust-lang/pkg-config-rs,8
2019-08-01,49075,4503,GitHub/rust-lang/pkg-config-rs,2
2019-08-01,49075,4497,GitHub/rust-lang/pkg-config-rs,1
2019-08-01,49075,4506,GitHub/rust-lang/pkg-config-rs,1
2019-08-01,49075,2909,GitHub/rust-lang/pkg-config-rs,1
2019-08-01,49075,2867,GitHub/rust-lang/pkg-config-rs,1
2019-08-01,52462,2890,GitHub/Frommi/miniz_oxide,3
2019-08-01,52462,3637,GitHub/Frommi/miniz_oxide,1
2019-08-01,52462,898,GitHub/Frommi/miniz_oxide,15
2019-08-01,52462,3636,GitHub/Frommi/miniz_oxide,2
2019-08-01,52465,2898,GitHub/fizyk20/generic-array,1
2019-08-01,52465,3618,GitHub/fizyk20/generic-array,1
2019-08-01,52465,3607,GitHub/fizyk20/generic-array,19
2019-08-01,52465,3401,GitHub/fizyk20/generic-array,1
2019-09-01,602,3173,GitHub/unicode-rs/unicode-segmentation,19
2019-09-01,602,4983,GitHub/unicode-rs/unicode-segmentation,1
2019-09-01,602,4986,GitHub/unicode-rs/unicode-segmentation,1
2019-09-01,602,4984,GitHub/unicode-rs/unicode-segmentation,2
2019-09-01,602,2872,GitHub/unicode-rs/unicode-segmentation,4
2019-09-01,602,4985,GitHub/unicode-rs/unicode-segmentation,2
2019-09-01,626,3878,GitHub/hyperium/http,12
2019-09-01,626,2912,GitHub/hyperium/http,1
2019-09-01,626,3881,GitHub/hyperium/http,2
2019-09-01,626,3883,GitHub/hyperium/http,1
2019-09-01,626,3884,GitHub/hyperium/http,1
2019-09-01,626,3032,GitHub/hyperium/http,1
2019-09-01,626,3460,GitHub/hyperium/http,1
2019-09-01,626,3882,GitHub/hyperium/http,1
2019-09-01,626,2873,GitHub/hyperium/http,1
2019-09-01,626,3885,GitHub/hyperium/http,1
2019-09-01,3150,3878,GitHub/seanmonstar/num_cpus,2
2019-09-01,3150,2271,GitHub/seanmonstar/num_cpus,1
2019-09-01,3150,2873,GitHub/seanmonstar/num_cpus,1
2019-09-01,3150,4731,GitHub/seanmonstar/num_cpus,1
2019-09-01,3150,2969,GitHub/seanmonstar/num_cpus,1
2019-09-01,3150,4732,GitHub/seanmonstar/num_cpus,1
2019-09-01,3150,3718,GitHub/seanmonstar/num_cpus,2
2019-09-01,3509,2867,GitHub/unicode-rs/unicode-width,3
2019-09-01,4484,3186,GitHub/BurntSushi/byteorder,1
2019-09-01,4484,3043,GitHub/BurntSushi/byteorder,9
2019-09-01,4484,3185,GitHub/BurntSushi/byteorder,1
2019-09-01,4484,2873,GitHub/BurntSushi/byteorder,1
2019-09-01,4484,3188,GitHub/BurntSushi/byteorder,1
2019-09-01,4486,586,GitHub/contain-rs/vec-map,1
2019-09-01,4486,3193,GitHub/contain-rs/vec-map,1
2019-09-01,4733,2898,GitHub/dtolnay/syn,1
2019-09-01,4733,3578,GitHub/dtolnay/syn,1
2019-09-01,4733,845,GitHub/dtolnay/syn,1
2019-09-01,4733,3577,GitHub/dtolnay/syn,1
2019-09-01,4733,3433,GitHub/dtolnay/syn,3
2019-09-01,4733,3576,GitHub/dtolnay/syn,2
2019-09-01,4733,3579,GitHub/dtolnay/syn,2
2019-09-01,4733,3574,GitHub/dtolnay/syn,1
2019-09-01,4733,3581,GitHub/dtolnay/syn,1
2019-09-01,4733,846,GitHub/dtolnay/syn,5
2019-09-01,4733,3580,GitHub/dtolnay/syn,1
2019-09-01,4733,3528,GitHub/dtolnay/syn,1
2019-09-01,4733,3575,GitHub/dtolnay/syn,1
2019-09-01,4733,2912,GitHub/dtolnay/syn,552
2019-09-01,4733,3063,GitHub/dtolnay/syn,10
2019-09-01,4733,3021,GitHub/dtolnay/syn,5
2019-09-01,6681,2873,GitHub/djc/rustc-version-rs,1
2019-09-01,6681,3472,GitHub/djc/rustc-version-rs,1
2019-09-01,7322,4054,GitHub/servo/rust-smallvec,1
2019-09-01,7322,2988,GitHub/servo/rust-smallvec,4
2019-09-01,7322,3413,GitHub/servo/rust-smallvec,1
2019-09-01,7322,4133,GitHub/servo/rust-smallvec,1
2019-09-01,7322,2992,GitHub/servo/rust-smallvec,1
2019-09-01,7322,2875,GitHub/servo/rust-smallvec,3
2019-09-01,7322,4685,GitHub/servo/rust-smallvec,1
2019-09-01,7415,204,GitHub/BurntSushi/aho-corasick,1
2019-09-01,7415,2873,GitHub/BurntSushi/aho-corasick,1
2019-09-01,7415,3182,GitHub/BurntSushi/aho-corasick,1
2019-09-01,7415,367,GitHub/BurntSushi/aho-corasick,1
2019-09-01,7415,3181,GitHub/BurntSushi/aho-corasick,3
2019-09-01,7415,3180,GitHub/BurntSushi/aho-corasick,1
2019-09-01,7415,3043,GitHub/BurntSushi/aho-corasick,32
2019-09-01,12228,3878,GitHub/seanmonstar/httparse,3
2019-09-01,12266,1252,GitHub/bitflags/bitflags,1
2019-09-01,12266,3044,GitHub/bitflags/bitflags,4
2019-09-01,12266,3058,GitHub/bitflags/bitflags,2
2019-09-01,12266,3060,GitHub/bitflags/bitflags,2
2019-09-01,12266,3059,GitHub/bitflags/bitflags,1
2019-09-01,12266,3061,GitHub/bitflags/bitflags,1
2019-09-01,12842,3167,GitHub/tokio-rs/slab,4
2019-09-01,12842,4975,GitHub/tokio-rs/slab,2
2019-09-01,12842,3433,GitHub/tokio-rs/slab,6
2019-09-01,14306,3025,GitHub/rust-num/num-integer,12
2019-09-01,14306,3616,GitHub/rust-num/num-integer,8
2019-09-01,16183,4217,GitHub/rust-lang/cc-rs,2
2019-09-01,16183,2909,GitHub/rust-lang/cc-rs,1
2019-09-01,16183,2990,GitHub/rust-lang/cc-rs,2
2019-09-01,16183,3969,GitHub/rust-lang/cc-rs,1
2019-09-01,16183,3503,GitHub/rust-lang/cc-rs,1
2019-09-01,16183,4211,GitHub/rust-lang/cc-rs,1
2019-09-01,16183,4222,GitHub/rust-lang/cc-rs,3
2019-09-01,16183,4221,GitHub/rust-lang/cc-rs,1
2019-09-01,16183,4218,GitHub/rust-lang/cc-rs,1
2019-09-01,16183,239,GitHub/rust-lang/cc-rs,1
2019-09-01,16183,4220,GitHub/rust-lang/cc-rs,1
2019-09-01,16183,4213,GitHub/rust-lang/cc-rs,1
2019-09-01,16183,4215,GitHub/rust-lang/cc-rs,1
2019-09-01,16183,2867,GitHub/rust-lang/cc-rs,72
2019-09-01,16183,4223,GitHub/rust-lang/cc-rs,4
2019-09-01,16183,1593,GitHub/rust-lang/cc-rs,3
2019-09-01,16183,4205,GitHub/rust-lang/cc-rs,3
2019-09-01,16183,4214,GitHub/rust-lang/cc-rs,8
2019-09-01,16183,4000,GitHub/rust-lang/cc-rs,1
2019-09-01,16183,4219,GitHub/rust-lang/cc-rs,1
2019-09-01,16183,3217,GitHub/rust-lang/cc-rs,1
2019-09-01,16183,2975,GitHub/rust-lang/cc-rs,1
2019-09-01,16259,2975,GitHub/rust-num/num-traits,2
2019-09-01,16259,3025,GitHub/rust-num/num-traits,9
2019-09-01,16259,4683,GitHub/rust-num/num-traits,5
2019-09-01,16259,421,GitHub/rust-num/num-traits,1
2019-09-01,16259,4685,GitHub/rust-num/num-traits,7
2019-09-01,16259,4686,GitHub/rust-num/num-traits,1
2019-09-01,16492,3878,GitHub/tokio-rs/bytes,8
2019-09-01,16492,2969,GitHub/tokio-rs/bytes,5
2019-09-01,16492,3433,GitHub/tokio-rs/bytes,2
2019-09-01,16492,3403,GitHub/tokio-rs/bytes,1
2019-09-01,16492,4952,GitHub/tokio-rs/bytes,1
2019-09-01,16492,2975,GitHub/tokio-rs/bytes,2
2019-09-01,16492,3313,GitHub/tokio-rs/bytes,4
2019-09-01,16492,4262,GitHub/tokio-rs/bytes,1
2019-09-01,16492,4950,GitHub/tokio-rs/bytes,4
2019-09-01,16492,4955,GitHub/tokio-rs/bytes,1
2019-09-01,16492,3013,GitHub/tokio-rs/bytes,1
2019-09-01,16492,4954,GitHub/tokio-rs/bytes,1
2019-09-01,17630,3126,GitHub/bluss/either,1
2019-09-01,17630,3127,GitHub/bluss/either,3
2019-09-01,17630,3025,GitHub/bluss/either,6
2019-09-01,17721,3956,GitHub/matklad/once_cell,1
2019-09-01,17721,3097,GitHub/matklad/once_cell,2
2019-09-01,17721,3394,GitHub/matklad/once_cell,4
2019-09-01,17721,3957,GitHub/matklad/once_cell,1
2019-09-01,17721,3160,GitHub/matklad/once_cell,2
2019-09-01,17721,3220,GitHub/matklad/once_cell,1
2019-09-01,17721,3959,GitHub/matklad/once_cell,1
2019-09-01,17721,3960,GitHub/matklad/once_cell,4
2019-09-01,17721,2970,GitHub/matklad/once_cell,48
2019-09-01,17721,3954,GitHub/matklad/once_cell,7
2019-09-01,18006,3113,GitHub/crossbeam-rs/crossbeam,12
2019-09-01,18006,3013,GitHub/crossbeam-rs/crossbeam,1
2019-09-01,18006,3406,GitHub/crossbeam-rs/crossbeam,3
2019-09-01,18006,641,GitHub/crossbeam-rs/crossbeam,1
2019-09-01,18006,2970,GitHub/crossbeam-rs/crossbeam,1
2019-09-01,18006,1373,GitHub/crossbeam-rs/crossbeam,1
2019-09-01,18006,1476,GitHub/crossbeam-rs/crossbeam,1
2019-09-01,18006,353,GitHub/crossbeam-rs/crossbeam,120
2019-09-01,18006,3403,GitHub/crossbeam-rs/crossbeam,1
2019-09-01,18006,3401,GitHub/crossbeam-rs/crossbeam,1
2019-09-01,18006,3180,GitHub/crossbeam-rs/crossbeam,1
2019-09-01,18006,665,GitHub/crossbeam-rs/crossbeam,2
2019-09-01,18006,2969,GitHub/crossbeam-rs/crossbeam,6
2019-09-01,18006,637,GitHub/crossbeam-rs/crossbeam,2
2019-09-01,18006,3405,GitHub/crossbeam-rs/crossbeam,1
2019-09-01,18006,3410,GitHub/crossbeam-rs/crossbeam,2
2019-09-01,18006,3097,GitHub/crossbeam-rs/crossbeam,1
2019-09-01,18006,3408,GitHub/crossbeam-rs/crossbeam,1
2019-09-01,18006,2898,GitHub/crossbeam-rs/crossbeam,1
2019-09-01,18006,3404,GitHub/crossbeam-rs/crossbeam,1
2019-09-01,18006,3402,GitHub/crossbeam-rs/crossbeam,2
2019-09-01,18006,3096,GitHub/crossbeam-rs/crossbeam,9
2019-09-01,18006,3074,GitHub/crossbeam-rs/crossbeam,8
2019-09-01,20410,2872,GitHub/mgeisler/textwrap,23
2019-09-01,20410,3978,GitHub/mgeisler/textwrap,1
2019-09-01,20699,2970,GitHub/Amanieu/parking_lot,2
2019-09-01,20699,2971,GitHub/Amanieu/parking_lot,54
2019-09-01,20699,2968,GitHub/Amanieu/parking_lot,43
2019-09-01,20699,2969,GitHub/Amanieu/parking_lot,1
2019-09-01,20699,771,GitHub/Amanieu/parking_lot,1
2019-09-01,20699,3032,GitHub/Amanieu/parking_lot,15
2019-09-01,20699,2972,GitHub/Amanieu/parking_lot,19
2019-09-01,20949,3698,GitHub/Geal/nom,1
2019-09-01,20949,981,GitHub/Geal/nom,12
2019-09-01,20949,3651,GitHub/Geal/nom,20
2019-09-01,20949,3692,GitHub/Geal/nom,1
2019-09-01,20949,3694,GitHub/Geal/nom,19
2019-09-01,20949,3695,GitHub/Geal/nom,6
2019-09-01,20949,3401,GitHub/Geal/nom,1
2019-09-01,20949,3696,GitHub/Geal/nom,1
2019-09-01,20949,3666,GitHub/Geal/nom,1
2019-09-01,20949,2873,GitHub/Geal/nom,4
2019-09-01,20949,3704,GitHub/Geal/nom,1
2019-09-01,20949,3681,GitHub/Geal/nom,1
2019-09-01,20949,3205,GitHub/Geal/nom,1
2019-09-01,20949,975,GitHub/Geal/nom,1
2019-09-01,20949,3688,GitHub/Geal/nom,1
2019-09-01,20949,3699,GitHub/Geal/nom,1
2019-09-01,20949,3534,GitHub/Geal/nom,229
2019-09-01,20949,3700,GitHub/Geal/nom,1
2019-09-01,20949,3690,GitHub/Geal/nom,1
2019-09-01,20949,3697,GitHub/Geal/nom,1
2019-09-01,20949,2975,GitHub/Geal/nom,1
2019-09-01,20949,3691,GitHub/Geal/nom,2
2019-09-01,20949,3689,GitHub/Geal/nom,2
2019-09-01,20949,3693,GitHub/Geal/nom,1
2019-09-01,20949,3701,GitHub/Geal/nom,1
2019-09-01,20949,3702,GitHub/Geal/nom,1
2019-09-01,20949,3687,GitHub/Geal/nom,1
2019-09-01,21282,3111,GitHub/bluss/arrayvec,1
2019-09-01,21282,3092,GitHub/bluss/arrayvec,2
2019-09-01,21282,268,GitHub/bluss/arrayvec,5
2019-09-01,21282,3112,GitHub/bluss/arrayvec,1
2019-09-01,21445,1281,GitHub/marshallpierce/rust-base64,15
2019-09-01,21445,1252,GitHub/marshallpierce/rust-base64,2
2019-09-01,21445,1290,GitHub/marshallpierce/rust-base64,1
2019-09-01,21445,3294,GitHub/marshallpierce/rust-base64,1
2019-09-01,21445,2873,GitHub/marshallpierce/rust-base64,1
2019-09-01,22724,3197,GitHub/rust-lang/log,1
2019-09-01,22724,3711,GitHub/rust-lang/log,1
2019-09-01,22724,2866,GitHub/rust-lang/log,1
2019-09-01,22724,3044,GitHub/rust-lang/log,25
2019-09-01,22724,3032,GitHub/rust-lang/log,2
2019-09-01,22724,4473,GitHub/rust-lang/log,1
2019-09-01,22724,3192,GitHub/rust-lang/log,1
2019-09-01,22724,4472,GitHub/rust-lang/log,1
2019-09-01,22724,4474,GitHub/rust-lang/log,1
2019-09-01,22724,2945,GitHub/rust-lang/log,7
2019-09-01,22724,3631,GitHub/rust-lang/log,5
2019-09-01,22724,3761,GitHub/rust-lang/log,3
2019-09-01,22724,2912,GitHub/rust-lang/log,7
2019-09-01,22804,2867,GitHub/alexcrichton/cfg-if,15
2019-09-01,23287,268,GitHub/rust-itertools/itertools,3
2019-09-01,23287,4073,GitHub/rust-itertools/itertools,2
2019-09-01,23287,4068,GitHub/rust-itertools/itertools,5
2019-09-01,23287,3956,GitHub/rust-itertools/itertools,1
2019-09-01,23287,4076,GitHub/rust-itertools/itertools,2
2019-09-01,23287,4002,GitHub/rust-itertools/itertools,1
2019-09-01,23287,1431,GitHub/rust-itertools/itertools,1
2019-09-01,23287,4075,GitHub/rust-itertools/itertools,2
2019-09-01,23287,1452,GitHub/rust-itertools/itertools,6
2019-09-01,24440,3985,GitHub/ogham/rust-ansi-term,1
2019-09-01,24440,2873,GitHub/ogham/rust-ansi-term,2
2019-09-01,24440,496,GitHub/ogham/rust-ansi-term,17
2019-09-01,24440,3394,GitHub/ogham/rust-ansi-term,2
2019-09-01,24440,3984,GitHub/ogham/rust-ansi-term,8
2019-09-01,24455,2912,GitHub/serde-rs/json,44
2019-09-01,24455,2025,GitHub/serde-rs/json,2
2019-09-01,24455,27,GitHub/serde-rs/json,1
2019-09-01,25976,4572,GitHub/rust-lang/regex,1
2019-09-01,25976,4574,GitHub/rust-lang/regex,1
2019-09-01,25976,4569,GitHub/rust-lang/regex,1
2019-09-01,25976,4570,GitHub/rust-lang/regex,1
2019-09-01,25976,2873,GitHub/rust-lang/regex,1
2019-09-01,25976,3097,GitHub/rust-lang/regex,1
2019-09-01,25976,1120,GitHub/rust-lang/regex,1
2019-09-01,25976,3043,GitHub/rust-lang/regex,59
2019-09-01,25976,4573,GitHub/rust-lang/regex,1
2019-09-01,25976,4567,GitHub/rust-lang/regex,1
2019-09-01,25976,4571,GitHub/rust-lang/regex,1
2019-09-01,25976,3640,GitHub/rust-lang/regex,1
2019-09-01,25976,4568,GitHub/rust-lang/regex,1
2019-09-01,25976,3114,GitHub/rust-lang/regex,3
2019-09-01,26074,4004,GitHub/paholg/typenum,1
2019-09-01,26074,3614,GitHub/paholg/typenum,14
2019-09-01,28336,4020,GitHub/RustCrypto/traits,1
2019-09-01,28336,4008,GitHub/RustCrypto/traits,7
2019-09-01,28336,1379,GitHub/RustCrypto/traits,2
2019-09-01,28336,3189,GitHub/RustCrypto/traits,8
2019-09-01,28336,2909,GitHub/RustCrypto/traits,1
2019-09-01,28705,3460,GitHub/dguo/strsim-rs,2
2019-09-01,28705,707,GitHub/dguo/strsim-rs,9
2019-09-01,28877,5005,GitHub/unicode-rs/unicode-xid,3
2019-09-01,28877,2970,GitHub/unicode-rs/unicode-xid,6
2019-09-01,28877,3173,GitHub/unicode-rs/unicode-xid,4
2019-09-01,30968,3579,GitHub/SergioBenitez/version_check,1
2019-09-01,30968,2343,GitHub/SergioBenitez/version_check,4
2019-09-01,32560,421,GitHub/BurntSushi/memchr,1
2019-09-01,32560,268,GitHub/BurntSushi/memchr,1
2019-09-01,32560,3043,GitHub/BurntSushi/memchr,14
2019-09-01,32560,2898,GitHub/BurntSushi/memchr,1
2019-09-01,32560,2888,GitHub/BurntSushi/memchr,1
2019-09-01,32560,3224,GitHub/BurntSushi/memchr,1
2019-09-01,33435,2912,GitHub/dtolnay/itoa,14
2019-09-01,34191,4038,GitHub/RustCrypto/utils,1
2019-09-01,34191,3189,GitHub/RustCrypto/utils,10
2019-09-01,34191,1407,GitHub/RustCrypto/utils,1
2019-09-01,34191,3063,GitHub/RustCrypto/utils,1
2019-09-01,34191,1406,GitHub/RustCrypto/utils,1
2019-09-01,34191,4037,GitHub/RustCrypto/utils,1
2019-09-01,34191,3139,GitHub/RustCrypto/utils,1
2019-09-01,34831,4397,GitHub/rust-lang/futures-rs,1
2019-09-01,34831,4406,GitHub/rust-lang/futures-rs,8
2019-09-01,34831,3435,GitHub/rust-lang/futures-rs,1
2019-09-01,34831,3404,GitHub/rust-lang/futures-rs,1
2019-09-01,34831,3113,GitHub/rust-lang/futures-rs,14
2019-09-01,34831,1824,GitHub/rust-lang/futures-rs,1
2019-09-01,34831,3581,GitHub/rust-lang/futures-rs,19
2019-09-01,34831,2927,GitHub/rust-lang/futures-rs,1
2019-09-01,34831,4393,GitHub/rust-lang/futures-rs,7
2019-09-01,34831,3410,GitHub/rust-lang/futures-rs,3
2019-09-01,34831,4302,GitHub/rust-lang/futures-rs,1
2019-09-01,34831,1855,GitHub/rust-lang/futures-rs,1
2019-09-01,34831,204,GitHub/rust-lang/futures-rs,3
2019-09-01,34831,4244,GitHub/rust-lang/futures-rs,1
2019-09-01,34831,4247,GitHub/rust-lang/futures-rs,7
2019-09-01,34831,4405,GitHub/rust-lang/futures-rs,2
2019-09-01,34831,3423,GitHub/rust-lang/futures-rs,1
2019-09-01,34831,3180,GitHub/rust-lang/futures-rs,1
2019-09-01,34831,4401,GitHub/rust-lang/futures-rs,1
2019-09-01,34831,4398,GitHub/rust-lang/futures-rs,1
2019-09-01,34831,3524,GitHub/rust-lang/futures-rs,1
2019-09-01,34831,4400,GitHub/rust-lang/futures-rs,1
2019-09-01,34831,1848,GitHub/rust-lang/futures-rs,1
2019-09-01,34831,2867,GitHub/rust-lang/futures-rs,1
2019-09-01,34831,2942,GitHub/rust-lang/futures-rs,1
2019-09-01,34831,3878,GitHub/rust-lang/futures-rs,8
2019-09-01,34831,3139,GitHub/rust-lang/futures-rs,4
2019-09-01,34831,2969,GitHub/rust-lang/futures-rs,208
2019-09-01,34831,4404,GitHub/rust-lang/futures-rs,1
2019-09-01,34831,3880,GitHub/rust-lang/futures-rs,1
2019-09-01,34831,4388,GitHub/rust-lang/futures-rs,1
2019-09-01,34831,3117,GitHub/rust-lang/futures-rs,1
2019-09-01,34831,4402,GitHub/rust-lang/futures-rs,3
2019-09-01,34831,4399,GitHub/rust-lang/futures-rs,1
2019-09-01,34831,4258,GitHub/rust-lang/futures-rs,3
2019-09-01,34831,3502,GitHub/rust-lang/futures-rs,42
2019-09-01,34831,4352,GitHub/rust-lang/futures-rs,13
2019-09-01,34831,2911,GitHub/rust-lang/futures-rs,1
2019-09-01,34831,4403,GitHub/rust-lang/futures-rs,2
2019-09-01,34831,3908,GitHub/rust-lang/futures-rs,9
2019-09-01,34831,3032,GitHub/rust-lang/futures-rs,1
2019-09-01,34831,3578,GitHub/rust-lang/futures-rs,4
2019-09-01,34831,4396,GitHub/rust-lang/futures-rs,1
2019-09-01,34831,3436,GitHub/rust-lang/futures-rs,3
2019-09-01,35574,4781,GitHub/unicode-rs/unicode-normalization,8
2019-09-01,35574,3173,GitHub/unicode-rs/unicode-normalization,2
2019-09-01,35574,2581,GitHub/unicode-rs/unicode-normalization,10
2019-09-01,35574,4979,GitHub/unicode-rs/unicode-normalization,5
2019-09-01,35574,2955,GitHub/unicode-rs/unicode-normalization,1
2019-09-01,35737,3025,GitHub/cuviper/autocfg,20
2019-09-01,35737,3452,GitHub/cuviper/autocfg,1
2019-09-01,35737,3455,GitHub/cuviper/autocfg,1
2019-09-01,36424,3523,GitHub/steveklabnik/semver-parser,9
2019-09-01,37083,3043,GitHub/BurntSushi/termcolor,2
2019-09-01,37083,3230,GitHub/BurntSushi/termcolor,1
2019-09-01,37083,3229,GitHub/BurntSushi/termcolor,1
2019-09-01,37101,2873,GitHub/Gilnaa/memoffset,1
2019-09-01,37101,3871,GitHub/Gilnaa/memoffset,1
2019-09-01,37101,3013,GitHub/Gilnaa/memoffset,29
2019-09-01,37101,1368,GitHub/Gilnaa/memoffset,2
2019-09-01,37101,2968,GitHub/Gilnaa/memoffset,1
2019-09-01,37101,3870,GitHub/Gilnaa/memoffset,17
2019-09-01,37612,3513,GitHub/dtolnay/quote,1
2019-09-01,37612,2912,GitHub/dtolnay/quote,94
2019-09-01,37612,753,GitHub/dtolnay/quote,1
2019-09-01,37612,770,GitHub/dtolnay/quote,1
2019-09-01,37612,3514,GitHub/dtolnay/quote,1
2019-09-01,37612,3021,GitHub/dtolnay/quote,6
2019-09-01,37844,4270,GitHub/softprops/atty,9
2019-09-01,37844,4891,GitHub/softprops/atty,1
2019-09-01,38667,3161,GitHub/bluss/indexmap,4
2019-09-01,38667,3153,GitHub/bluss/indexmap,1
2019-09-01,38667,268,GitHub/bluss/indexmap,9
2019-09-01,38667,3025,GitHub/bluss/indexmap,40
2019-09-01,39779,2867,GitHub/time-rs/time,1
2019-09-01,40796,3448,GitHub/cryptocorrosion/cryptocorrosion,123
2019-09-01,40796,3189,GitHub/cryptocorrosion/cryptocorrosion,1
2019-09-01,40937,3528,GitHub/dtolnay/semver,1
2019-09-01,40937,3527,GitHub/dtolnay/semver,1
2019-09-01,40937,2950,GitHub/dtolnay/semver,1
2019-09-01,41752,3313,GitHub/servo/rust-url,4
2019-09-01,41752,4845,GitHub/servo/rust-url,1
2019-09-01,41752,4844,GitHub/servo/rust-url,2
2019-09-01,41752,1252,GitHub/servo/rust-url,18
2019-09-01,41752,4841,GitHub/servo/rust-url,1
2019-09-01,41752,4842,GitHub/servo/rust-url,1
2019-09-01,41752,3032,GitHub/servo/rust-url,3
2019-09-01,41752,3413,GitHub/servo/rust-url,34
2019-09-01,41752,4864,GitHub/servo/rust-url,1
2019-09-01,41752,4843,GitHub/servo/rust-url,1
2019-09-01,41752,27,GitHub/servo/rust-url,9
2019-09-01,41752,2866,GitHub/servo/rust-url,1
2019-09-01,41957,3501,GitHub/dtolnay/proc-macro2,1
2019-09-01,41957,2867,GitHub/dtolnay/proc-macro2,3
2019-09-01,41957,2912,GitHub/dtolnay/proc-macro2,83
2019-09-01,41957,753,GitHub/dtolnay/proc-macro2,1
2019-09-01,41957,3502,GitHub/dtolnay/proc-macro2,1
2019-09-01,41957,3500,GitHub/dtolnay/proc-macro2,1
2019-09-01,42413,2912,GitHub/dtolnay/ryu,30
2019-09-01,42655,4614,GitHub/rust-lang/socket2,4
2019-09-01,42655,2127,GitHub/rust-lang/socket2,3
2019-09-01,42655,2867,GitHub/rust-lang/socket2,13
2019-09-01,44362,3025,GitHub/rust-lang/hashbrown,5
2019-09-01,44362,4435,GitHub/rust-lang/hashbrown,4
2019-09-01,44362,2897,GitHub/rust-lang/hashbrown,1
2019-09-01,44362,1925,GitHub/rust-lang/hashbrown,3
2019-09-01,44362,4434,GitHub/rust-lang/hashbrown,1
2019-09-01,44362,3013,GitHub/rust-lang/hashbrown,6
2019-09-01,44362,3097,GitHub/rust-lang/hashbrown,2
2019-09-01,44362,2968,GitHub/rust-lang/hashbrown,49
2019-09-01,44362,2873,GitHub/rust-lang/hashbrown,1
2019-09-01,44362,1900,GitHub/rust-lang/hashbrown,4
2019-09-01,44362,3885,GitHub/rust-lang/hashbrown,5
2019-09-01,44362,1897,GitHub/rust-lang/hashbrown,1
2019-09-01,44362,1896,GitHub/rust-lang/hashbrown,1
2019-09-01,44362,1427,GitHub/rust-lang/hashbrown,1
2019-09-01,44362,3413,GitHub/rust-lang/hashbrown,1
2019-09-01,44362,4437,GitHub/rust-lang/hashbrown,1
2019-09-01,44362,3114,GitHub/rust-lang/hashbrown,8
2019-09-01,44362,1894,GitHub/rust-lang/hashbrown,1
2019-09-01,44362,4438,GitHub/rust-lang/hashbrown,1
2019-09-01,46027,2899,GitHub/alexcrichton/toml-rs,1
2019-09-01,46027,2867,GitHub/alexcrichton/toml-rs,30
2019-09-01,46027,2901,GitHub/alexcrichton/toml-rs,1
2019-09-01,46027,2893,GitHub/alexcrichton/toml-rs,5
2019-09-01,46027,2897,GitHub/alexcrichton/toml-rs,1
2019-09-01,46027,2875,GitHub/alexcrichton/toml-rs,19
2019-09-01,46027,2896,GitHub/alexcrichton/toml-rs,4
2019-09-01,46027,2898,GitHub/alexcrichton/toml-rs,1
2019-09-01,46027,2894,GitHub/alexcrichton/toml-rs,1
2019-09-01,46027,2895,GitHub/alexcrichton/toml-rs,1
2019-09-01,46027,2892,GitHub/alexcrichton/toml-rs,2
2019-09-01,46027,38,GitHub/alexcrichton/toml-rs,1
2019-09-01,46027,2900,GitHub/alexcrichton/toml-rs,1
2019-09-01,46178,4623,GitHub/rust-lang-nursery/lazy-static.rs,1
2019-09-01,46178,830,GitHub/rust-lang-nursery/lazy-static.rs,1
2019-09-01,46178,3044,GitHub/rust-lang-nursery/lazy-static.rs,13
2019-09-01,46178,2970,GitHub/rust-lang-nursery/lazy-static.rs,3
2019-09-01,46178,2873,GitHub/rust-lang-nursery/lazy-static.rs,1
2019-09-01,46178,4622,GitHub/rust-lang-nursery/lazy-static.rs,1
2019-09-01,46178,2137,GitHub/rust-lang-nursery/lazy-static.rs,1
2019-09-01,46178,2138,GitHub/rust-lang-nursery/lazy-static.rs,1
2019-09-01,48512,2227,GitHub/rust-random/getrandom,38
2019-09-01,48512,3189,GitHub/rust-random/getrandom,37
2019-09-01,48512,3969,GitHub/rust-random/getrandom,2
2019-09-01,48512,4695,GitHub/rust-random/getrandom,1
2019-09-01,48512,2229,GitHub/rust-random/getrandom,1
2019-09-01,48512,3736,GitHub/rust-random/getrandom,1
2019-09-01,48512,2271,GitHub/rust-random/getrandom,1
2019-09-01,48512,4697,GitHub/rust-random/getrandom,6
2019-09-01,48512,2897,GitHub/rust-random/getrandom,1
2019-09-01,48512,4692,GitHub/rust-random/getrandom,38
2019-09-01,49075,3194,GitHub/rust-lang/pkg-config-rs,9
2019-09-01,49075,4503,GitHub/rust-lang/pkg-config-rs,2
2019-09-01,49075,2867,GitHub/rust-lang/pkg-config-rs,1
2019-09-01,49075,2613,GitHub/rust-lang/pkg-config-rs,1
2019-09-01,49075,2909,GitHub/rust-lang/pkg-config-rs,1
2019-09-01,49075,4506,GitHub/rust-lang/pkg-config-rs,1
2019-09-01,49075,4497,GitHub/rust-lang/pkg-config-rs,1
2019-09-01,52462,2890,GitHub/Frommi/miniz_oxide,4
2019-09-01,52462,3637,GitHub/Frommi/miniz_oxide,1
2019-09-01,52462,3635,GitHub/Frommi/miniz_oxide,1
2019-09-01,52462,898,GitHub/Frommi/miniz_oxide,30
2019-09-01,52462,3636,GitHub/Frommi/miniz_oxide,2
2019-09-01,52465,3401,GitHub/fizyk20/generic-array,1
2019-09-01,52465,3618,GitHub/fizyk20/generic-array,1
2019-09-01,52465,2898,GitHub/fizyk20/generic-array,1
2019-09-01,52465,3607,GitHub/fizyk20/generic-array,19
2019-10-01,602,4983,GitHub/unicode-rs/unicode-segmentation,1
2019-10-01,602,4986,GitHub/unicode-rs/unicode-segmentation,1
2019-10-01,602,4985,GitHub/unicode-rs/unicode-segmentation,2
2019-10-01,602,4984,GitHub/unicode-rs/unicode-segmentation,2
2019-10-01,602,2872,GitHub/unicode-rs/unicode-segmentation,4
2019-10-01,602,3173,GitHub/unicode-rs/unicode-segmentation,19
2019-10-01,626,3883,GitHub/hyperium/http,1
2019-10-01,626,3032,GitHub/hyperium/http,1
2019-10-01,626,3878,GitHub/hyperium/http,12
2019-10-01,626,3882,GitHub/hyperium/http,1
2019-10-01,626,3460,GitHub/hyperium/http,1
2019-10-01,626,2873,GitHub/hyperium/http,1
2019-10-01,626,3881,GitHub/hyperium/http,2
2019-10-01,626,3885,GitHub/hyperium/http,1
2019-10-01,626,3884,GitHub/hyperium/http,1
2019-10-01,626,2912,GitHub/hyperium/http,1
2019-10-01,3150,2271,GitHub/seanmonstar/num_cpus,1
2019-10-01,3150,3878,GitHub/seanmonstar/num_cpus,2
2019-10-01,3150,3718,GitHub/seanmonstar/num_cpus,2
2019-10-01,3150,2873,GitHub/seanmonstar/num_cpus,1
2019-10-01,3150,2969,GitHub/seanmonstar/num_cpus,1
2019-10-01,3150,4731,GitHub/seanmonstar/num_cpus,1
2019-10-01,3150,4732,GitHub/seanmonstar/num_cpus,1
2019-10-01,3509,2867,GitHub/unicode-rs/unicode-width,3
2019-10-01,4484,3186,GitHub/BurntSushi/byteorder,1
2019-10-01,4484,2873,GitHub/BurntSushi/byteorder,1
2019-10-01,4484,3188,GitHub/BurntSushi/byteorder,1
2019-10-01,4484,3185,GitHub/BurntSushi/byteorder,1
2019-10-01,4484,3043,GitHub/BurntSushi/byteorder,9
2019-10-01,4486,3193,GitHub/contain-rs/vec-map,1
2019-10-01,4486,586,GitHub/contain-rs/vec-map,1
2019-10-01,4733,3528,GitHub/dtolnay/syn,1
2019-10-01,4733,3574,GitHub/dtolnay/syn,1
2019-10-01,4733,3433,GitHub/dtolnay/syn,3
2019-10-01,4733,3580,GitHub/dtolnay/syn,1
2019-10-01,4733,3021,GitHub/dtolnay/syn,5
2019-10-01,4733,846,GitHub/dtolnay/syn,5
2019-10-01,4733,3063,GitHub/dtolnay/syn,10
2019-10-01,4733,3577,GitHub/dtolnay/syn,1
2019-10-01,4733,3579,GitHub/dtolnay/syn,2
2019-10-01,4733,3578,GitHub/dtolnay/syn,1
2019-10-01,4733,2912,GitHub/dtolnay/syn,558
2019-10-01,4733,845,GitHub/dtolnay/syn,1
2019-10-01,4733,3581,GitHub/dtolnay/syn,1
2019-10-01,4733,2969,GitHub/dtolnay/syn,1
2019-10-01,4733,2898,GitHub/dtolnay/syn,1
2019-10-01,4733,3576,GitHub/dtolnay/syn,2
2019-10-01,4733,3575,GitHub/dtolnay/syn,1
2019-10-01,6681,2873,GitHub/djc/rustc-version-rs,1
2019-10-01,6681,3472,GitHub/djc/rustc-version-rs,1
2019-10-01,7322,3413,GitHub/servo/rust-smallvec,1
2019-10-01,7322,2988,GitHub/servo/rust-smallvec,4
2019-10-01,7322,4133,GitHub/servo/rust-smallvec,1
2019-10-01,7322,4685,GitHub/servo/rust-smallvec,1
2019-10-01,7322,2875,GitHub/servo/rust-smallvec,3
2019-10-01,7322,2992,GitHub/servo/rust-smallvec,1
2019-10-01,7322,4054,GitHub/servo/rust-smallvec,1
2019-10-01,7415,3181,GitHub/BurntSushi/aho-corasick,3
2019-10-01,7415,2873,GitHub/BurntSushi/aho-corasick,1
2019-10-01,7415,367,GitHub/BurntSushi/aho-corasick,1
2019-10-01,7415,204,GitHub/BurntSushi/aho-corasick,1
2019-10-01,7415,3043,GitHub/BurntSushi/aho-corasick,33
2019-10-01,7415,3180,GitHub/BurntSushi/aho-corasick,1
2019-10-01,7415,3182,GitHub/BurntSushi/aho-corasick,1
2019-10-01,12228,3878,GitHub/seanmonstar/httparse,3
2019-10-01,12266,3059,GitHub/bitflags/bitflags,1
2019-10-01,12266,3060,GitHub/bitflags/bitflags,2
2019-10-01,12266,3058,GitHub/bitflags/bitflags,2
2019-10-01,12266,3061,GitHub/bitflags/bitflags,1
2019-10-01,12266,1252,GitHub/bitflags/bitflags,1
2019-10-01,12266,3044,GitHub/bitflags/bitflags,8
2019-10-01,12842,3433,GitHub/tokio-rs/slab,6
2019-10-01,12842,3167,GitHub/tokio-rs/slab,4
2019-10-01,12842,4975,GitHub/tokio-rs/slab,2
2019-10-01,14306,3025,GitHub/rust-num/num-integer,12
2019-10-01,14306,3616,GitHub/rust-num/num-integer,8
2019-10-01,16183,4218,GitHub/rust-lang/cc-rs,1
2019-10-01,16183,4214,GitHub/rust-lang/cc-rs,8
2019-10-01,16183,239,GitHub/rust-lang/cc-rs,1
2019-10-01,16183,4000,GitHub/rust-lang/cc-rs,1
2019-10-01,16183,2909,GitHub/rust-lang/cc-rs,1
2019-10-01,16183,4222,GitHub/rust-lang/cc-rs,3
2019-10-01,16183,4213,GitHub/rust-lang/cc-rs,1
2019-10-01,16183,4220,GitHub/rust-lang/cc-rs,1
2019-10-01,16183,3503,GitHub/rust-lang/cc-rs,1
2019-10-01,16183,4211,GitHub/rust-lang/cc-rs,1
2019-10-01,16183,4205,GitHub/rust-lang/cc-rs,3
2019-10-01,16183,4223,GitHub/rust-lang/cc-rs,4
2019-10-01,16183,4215,GitHub/rust-lang/cc-rs,1
2019-10-01,16183,4219,GitHub/rust-lang/cc-rs,1
2019-10-01,16183,4221,GitHub/rust-lang/cc-rs,1
2019-10-01,16183,3217,GitHub/rust-lang/cc-rs,1
2019-10-01,16183,3969,GitHub/rust-lang/cc-rs,1
2019-10-01,16183,4217,GitHub/rust-lang/cc-rs,2
2019-10-01,16183,2867,GitHub/rust-lang/cc-rs,87
2019-10-01,16183,2975,GitHub/rust-lang/cc-rs,1
2019-10-01,16183,2990,GitHub/rust-lang/cc-rs,2
2019-10-01,16183,1593,GitHub/rust-lang/cc-rs,3
2019-10-01,16183,4210,GitHub/rust-lang/cc-rs,1
2019-10-01,16259,2890,GitHub/rust-num/num-traits,1
2019-10-01,16259,4698,GitHub/rust-num/num-traits,15
2019-10-01,16259,4683,GitHub/rust-num/num-traits,6
2019-10-01,16259,3025,GitHub/rust-num/num-traits,14
2019-10-01,16259,421,GitHub/rust-num/num-traits,1
2019-10-01,16259,4686,GitHub/rust-num/num-traits,1
2019-10-01,16259,3185,GitHub/rust-num/num-traits,3
2019-10-01,16259,4685,GitHub/rust-num/num-traits,7
2019-10-01,16259,2975,GitHub/rust-num/num-traits,2
2019-10-01,16492,4955,GitHub/tokio-rs/bytes,1
2019-10-01,16492,4262,GitHub/tokio-rs/bytes,1
2019-10-01,16492,3878,GitHub/tokio-rs/bytes,8
2019-10-01,16492,2969,GitHub/tokio-rs/bytes,7
2019-10-01,16492,4954,GitHub/tokio-rs/bytes,1
2019-10-01,16492,3433,GitHub/tokio-rs/bytes,2
2019-10-01,16492,4950,GitHub/tokio-rs/bytes,4
2019-10-01,16492,3313,GitHub/tokio-rs/bytes,4
2019-10-01,16492,4952,GitHub/tokio-rs/bytes,1
2019-10-01,16492,4017,GitHub/tokio-rs/bytes,1
2019-10-01,16492,3403,GitHub/tokio-rs/bytes,1
2019-10-01,16492,3013,GitHub/tokio-rs/bytes,1
2019-10-01,16492,2975,GitHub/tokio-rs/bytes,2
2019-10-01,17630,3126,GitHub/bluss/either,1
2019-10-01,17630,3025,GitHub/bluss/either,6
2019-10-01,17630,385,GitHub/bluss/either,1
2019-10-01,17630,3127,GitHub/bluss/either,3
2019-10-01,17630,268,GitHub/bluss/either,3
2019-10-01,17721,3408,GitHub/matklad/once_cell,1
2019-10-01,17721,3960,GitHub/matklad/once_cell,4
2019-10-01,17721,3097,GitHub/matklad/once_cell,2
2019-10-01,17721,3220,GitHub/matklad/once_cell,1
2019-10-01,17721,3957,GitHub/matklad/once_cell,1
2019-10-01,17721,3953,GitHub/matklad/once_cell,1
2019-10-01,17721,3394,GitHub/matklad/once_cell,4
2019-10-01,17721,3956,GitHub/matklad/once_cell,1
2019-10-01,17721,3959,GitHub/matklad/once_cell,1
2019-10-01,17721,3160,GitHub/matklad/once_cell,2
2019-10-01,17721,2970,GitHub/matklad/once_cell,75
2019-10-01,17721,3954,GitHub/matklad/once_cell,7
2019-10-01,18006,3405,GitHub/crossbeam-rs/crossbeam,1
2019-10-01,18006,3408,GitHub/crossbeam-rs/crossbeam,1
2019-10-01,18006,353,GitHub/crossbeam-rs/crossbeam,120
2019-10-01,18006,637,GitHub/crossbeam-rs/crossbeam,2
2019-10-01,18006,3401,GitHub/crossbeam-rs/crossbeam,1
2019-10-01,18006,2890,GitHub/crossbeam-rs/crossbeam,5
2019-10-01,18006,3113,GitHub/crossbeam-rs/crossbeam,12
2019-10-01,18006,3399,GitHub/crossbeam-rs/crossbeam,1
2019-10-01,18006,3074,GitHub/crossbeam-rs/crossbeam,8
2019-10-01,18006,3403,GitHub/crossbeam-rs/crossbeam,1
2019-10-01,18006,3097,GitHub/crossbeam-rs/crossbeam,1
2019-10-01,18006,3410,GitHub/crossbeam-rs/crossbeam,2
2019-10-01,18006,2969,GitHub/crossbeam-rs/crossbeam,6
2019-10-01,18006,3013,GitHub/crossbeam-rs/crossbeam,1
2019-10-01,18006,3404,GitHub/crossbeam-rs/crossbeam,1
2019-10-01,18006,2970,GitHub/crossbeam-rs/crossbeam,1
2019-10-01,18006,3402,GitHub/crossbeam-rs/crossbeam,2
2019-10-01,18006,665,GitHub/crossbeam-rs/crossbeam,4
2019-10-01,18006,641,GitHub/crossbeam-rs/crossbeam,1
2019-10-01,18006,1476,GitHub/crossbeam-rs/crossbeam,1
2019-10-01,18006,2898,GitHub/crossbeam-rs/crossbeam,1
2019-10-01,18006,1373,GitHub/crossbeam-rs/crossbeam,1
2019-10-01,18006,3096,GitHub/crossbeam-rs/crossbeam,10
2019-10-01,18006,3406,GitHub/crossbeam-rs/crossbeam,3
2019-10-01,18006,3180,GitHub/crossbeam-rs/crossbeam,1
2019-10-01,19184,268,GitHub/bluss/scopeguard,2
2019-10-01,20410,2872,GitHub/mgeisler/textwrap,28
2019-10-01,20410,3978,GitHub/mgeisler/textwrap,1
2019-10-01,20699,2867,GitHub/Amanieu/parking_lot,1
2019-10-01,20699,2968,GitHub/Amanieu/parking_lot,47
2019-10-01,20699,2971,GitHub/Amanieu/parking_lot,73
2019-10-01,20699,2969,GitHub/Amanieu/parking_lot,1
2019-10-01,20699,2970,GitHub/Amanieu/parking_lot,2
2019-10-01,20699,3032,GitHub/Amanieu/parking_lot,15
2019-10-01,20699,2972,GitHub/Amanieu/parking_lot,19
2019-10-01,20699,771,GitHub/Amanieu/parking_lot,1
2019-10-01,20949,3688,GitHub/Geal/nom,1
2019-10-01,20949,3704,GitHub/Geal/nom,1
2019-10-01,20949,3692,GitHub/Geal/nom,1
2019-10-01,20949,3694,GitHub/Geal/nom,19
2019-10-01,20949,3681,GitHub/Geal/nom,1
2019-10-01,20949,975,GitHub/Geal/nom,1
2019-10-01,20949,3691,GitHub/Geal/nom,2
2019-10-01,20949,3700,GitHub/Geal/nom,1
2019-10-01,20949,3693,GitHub/Geal/nom,1
2019-10-01,20949,3686,GitHub/Geal/nom,2
2019-10-01,20949,3696,GitHub/Geal/nom,1
2019-10-01,20949,3699,GitHub/Geal/nom,1
2019-10-01,20949,3401,GitHub/Geal/nom,1
2019-10-01,20949,2873,GitHub/Geal/nom,4
2019-10-01,20949,3695,GitHub/Geal/nom,6
2019-10-01,20949,3701,GitHub/Geal/nom,1
2019-10-01,20949,3214,GitHub/Geal/nom,1
2019-10-01,20949,3687,GitHub/Geal/nom,1
2019-10-01,20949,3205,GitHub/Geal/nom,1
2019-10-01,20949,3697,GitHub/Geal/nom,1
2019-10-01,20949,3689,GitHub/Geal/nom,2
2019-10-01,20949,3690,GitHub/Geal/nom,1
2019-10-01,20949,3702,GitHub/Geal/nom,1
2019-10-01,20949,3651,GitHub/Geal/nom,20
2019-10-01,20949,3666,GitHub/Geal/nom,1
2019-10-01,20949,3534,GitHub/Geal/nom,231
2019-10-01,20949,981,GitHub/Geal/nom,12
2019-10-01,20949,3698,GitHub/Geal/nom,1
2019-10-01,20949,2975,GitHub/Geal/nom,1
2019-10-01,21282,268,GitHub/bluss/arrayvec,29
2019-10-01,21282,3112,GitHub/bluss/arrayvec,1
2019-10-01,21282,3111,GitHub/bluss/arrayvec,1
2019-10-01,21282,3116,GitHub/bluss/arrayvec,1
2019-10-01,21282,3092,GitHub/bluss/arrayvec,2
2019-10-01,21445,2992,GitHub/marshallpierce/rust-base64,3
2019-10-01,21445,1290,GitHub/marshallpierce/rust-base64,1
2019-10-01,21445,1252,GitHub/marshallpierce/rust-base64,2
2019-10-01,21445,3294,GitHub/marshallpierce/rust-base64,1
2019-10-01,21445,2890,GitHub/marshallpierce/rust-base64,1
2019-10-01,21445,1268,GitHub/marshallpierce/rust-base64,1
2019-10-01,21445,2866,GitHub/marshallpierce/rust-base64,1
2019-10-01,21445,1281,GitHub/marshallpierce/rust-base64,20
2019-10-01,21445,2873,GitHub/marshallpierce/rust-base64,1
2019-10-01,22724,4473,GitHub/rust-lang/log,1
2019-10-01,22724,3404,GitHub/rust-lang/log,1
2019-10-01,22724,3761,GitHub/rust-lang/log,3
2019-10-01,22724,3711,GitHub/rust-lang/log,1
2019-10-01,22724,2945,GitHub/rust-lang/log,8
2019-10-01,22724,2867,GitHub/rust-lang/log,2
2019-10-01,22724,4472,GitHub/rust-lang/log,1
2019-10-01,22724,3044,GitHub/rust-lang/log,26
2019-10-01,22724,2866,GitHub/rust-lang/log,1
2019-10-01,22724,3192,GitHub/rust-lang/log,1
2019-10-01,22724,3032,GitHub/rust-lang/log,2
2019-10-01,22724,3631,GitHub/rust-lang/log,5
2019-10-01,22724,2912,GitHub/rust-lang/log,7
2019-10-01,22724,4474,GitHub/rust-lang/log,1
2019-10-01,22724,3197,GitHub/rust-lang/log,1
2019-10-01,22804,2869,GitHub/alexcrichton/cfg-if,4
2019-10-01,22804,2867,GitHub/alexcrichton/cfg-if,23
2019-10-01,22804,2871,GitHub/alexcrichton/cfg-if,1
2019-10-01,23287,4002,GitHub/rust-itertools/itertools,1
2019-10-01,23287,1452,GitHub/rust-itertools/itertools,6
2019-10-01,23287,4056,GitHub/rust-itertools/itertools,1
2019-10-01,23287,268,GitHub/rust-itertools/itertools,3
2019-10-01,23287,1431,GitHub/rust-itertools/itertools,1
2019-10-01,23287,4073,GitHub/rust-itertools/itertools,2
2019-10-01,23287,4075,GitHub/rust-itertools/itertools,2
2019-10-01,23287,4076,GitHub/rust-itertools/itertools,2
2019-10-01,23287,3956,GitHub/rust-itertools/itertools,1
2019-10-01,23287,4068,GitHub/rust-itertools/itertools,5
2019-10-01,24440,3985,GitHub/ogham/rust-ansi-term,1
2019-10-01,24440,2873,GitHub/ogham/rust-ansi-term,2
2019-10-01,24440,496,GitHub/ogham/rust-ansi-term,20
2019-10-01,24440,3984,GitHub/ogham/rust-ansi-term,8
2019-10-01,24440,3394,GitHub/ogham/rust-ansi-term,2
2019-10-01,24455,2912,GitHub/serde-rs/json,48
2019-10-01,24455,2308,GitHub/serde-rs/json,1
2019-10-01,24455,27,GitHub/serde-rs/json,1
2019-10-01,24455,2025,GitHub/serde-rs/json,2
2019-10-01,25976,4570,GitHub/rust-lang/regex,1
2019-10-01,25976,4567,GitHub/rust-lang/regex,1
2019-10-01,25976,3640,GitHub/rust-lang/regex,1
2019-10-01,25976,3097,GitHub/rust-lang/regex,1
2019-10-01,25976,3114,GitHub/rust-lang/regex,3
2019-10-01,25976,3043,GitHub/rust-lang/regex,78
2019-10-01,25976,4573,GitHub/rust-lang/regex,1
2019-10-01,25976,4574,GitHub/rust-lang/regex,1
2019-10-01,25976,2970,GitHub/rust-lang/regex,1
2019-10-01,25976,4569,GitHub/rust-lang/regex,1
2019-10-01,25976,4572,GitHub/rust-lang/regex,1
2019-10-01,25976,2873,GitHub/rust-lang/regex,1
2019-10-01,25976,4568,GitHub/rust-lang/regex,1
2019-10-01,25976,1120,GitHub/rust-lang/regex,1
2019-10-01,25976,4571,GitHub/rust-lang/regex,1
2019-10-01,26074,3614,GitHub/paholg/typenum,14
2019-10-01,26074,4004,GitHub/paholg/typenum,1
2019-10-01,26074,4003,GitHub/paholg/typenum,1
2019-10-01,28336,1379,GitHub/RustCrypto/traits,2
2019-10-01,28336,4020,GitHub/RustCrypto/traits,1
2019-10-01,28336,4008,GitHub/RustCrypto/traits,7
2019-10-01,28336,3189,GitHub/RustCrypto/traits,8
2019-10-01,28336,2909,GitHub/RustCrypto/traits,1
2019-10-01,28705,3460,GitHub/dguo/strsim-rs,2
2019-10-01,28705,2890,GitHub/dguo/strsim-rs,1
2019-10-01,28705,707,GitHub/dguo/strsim-rs,10
2019-10-01,28877,2970,GitHub/unicode-rs/unicode-xid,6
2019-10-01,28877,5005,GitHub/unicode-rs/unicode-xid,3
2019-10-01,28877,3173,GitHub/unicode-rs/unicode-xid,4
2019-10-01,30968,3579,GitHub/SergioBenitez/version_check,1
2019-10-01,30968,2343,GitHub/SergioBenitez/version_check,4
2019-10-01,32560,3224,GitHub/BurntSushi/memchr,1
2019-10-01,32560,3043,GitHub/BurntSushi/memchr,14
2019-10-01,32560,2898,GitHub/BurntSushi/memchr,1
2019-10-01,32560,268,GitHub/BurntSushi/memchr,1
2019-10-01,32560,2888,GitHub/BurntSushi/memchr,1
2019-10-01,32560,421,GitHub/BurntSushi/memchr,1
2019-10-01,33435,2912,GitHub/dtolnay/itoa,14
2019-10-01,34191,4036,GitHub/RustCrypto/utils,1
2019-10-01,34191,4037,GitHub/RustCrypto/utils,1
2019-10-01,34191,3139,GitHub/RustCrypto/utils,1
2019-10-01,34191,3063,GitHub/RustCrypto/utils,1
2019-10-01,34191,1407,GitHub/RustCrypto/utils,1
2019-10-01,34191,1406,GitHub/RustCrypto/utils,1
2019-10-01,34191,4038,GitHub/RustCrypto/utils,1
2019-10-01,34191,3189,GitHub/RustCrypto/utils,10
2019-10-01,34831,3435,GitHub/rust-lang/futures-rs,1
2019-10-01,34831,3578,GitHub/rust-lang/futures-rs,4
2019-10-01,34831,3117,GitHub/rust-lang/futures-rs,1
2019-10-01,34831,4401,GitHub/rust-lang/futures-rs,1
2019-10-01,34831,3524,GitHub/rust-lang/futures-rs,1
2019-10-01,34831,2942,GitHub/rust-lang/futures-rs,1
2019-10-01,34831,4404,GitHub/rust-lang/futures-rs,1
2019-10-01,34831,4399,GitHub/rust-lang/futures-rs,1
2019-10-01,34831,1824,GitHub/rust-lang/futures-rs,1
2019-10-01,34831,3032,GitHub/rust-lang/futures-rs,1
2019-10-01,34831,3908,GitHub/rust-lang/futures-rs,9
2019-10-01,34831,2911,GitHub/rust-lang/futures-rs,1
2019-10-01,34831,4344,GitHub/rust-lang/futures-rs,1
2019-10-01,34831,3880,GitHub/rust-lang/futures-rs,1
2019-10-01,34831,3040,GitHub/rust-lang/futures-rs,1
2019-10-01,34831,2969,GitHub/rust-lang/futures-rs,217
2019-10-01,34831,4398,GitHub/rust-lang/futures-rs,1
2019-10-01,34831,3423,GitHub/rust-lang/futures-rs,1
2019-10-01,34831,4302,GitHub/rust-lang/futures-rs,1
2019-10-01,34831,4397,GitHub/rust-lang/futures-rs,1
2019-10-01,34831,4394,GitHub/rust-lang/futures-rs,1
2019-10-01,34831,3581,GitHub/rust-lang/futures-rs,21
2019-10-01,34831,3180,GitHub/rust-lang/futures-rs,1
2019-10-01,34831,2867,GitHub/rust-lang/futures-rs,1
2019-10-01,34831,4402,GitHub/rust-lang/futures-rs,3
2019-10-01,34831,4406,GitHub/rust-lang/futures-rs,8
2019-10-01,34831,1848,GitHub/rust-lang/futures-rs,1
2019-10-01,34831,4244,GitHub/rust-lang/futures-rs,1
2019-10-01,34831,204,GitHub/rust-lang/futures-rs,3
2019-10-01,34831,4247,GitHub/rust-lang/futures-rs,7
2019-10-01,34831,4400,GitHub/rust-lang/futures-rs,1
2019-10-01,34831,4258,GitHub/rust-lang/futures-rs,4
2019-10-01,34831,3404,GitHub/rust-lang/futures-rs,1
2019-10-01,34831,3113,GitHub/rust-lang/futures-rs,14
2019-10-01,34831,2900,GitHub/rust-lang/futures-rs,4
2019-10-01,34831,3502,GitHub/rust-lang/futures-rs,42
2019-10-01,34831,4243,GitHub/rust-lang/futures-rs,1
2019-10-01,34831,4405,GitHub/rust-lang/futures-rs,2
2019-10-01,34831,1855,GitHub/rust-lang/futures-rs,1
2019-10-01,34831,3410,GitHub/rust-lang/futures-rs,3
2019-10-01,34831,3436,GitHub/rust-lang/futures-rs,3
2019-10-01,34831,4403,GitHub/rust-lang/futures-rs,2
2019-10-01,34831,4200,GitHub/rust-lang/futures-rs,1
2019-10-01,34831,3139,GitHub/rust-lang/futures-rs,4
2019-10-01,34831,4388,GitHub/rust-lang/futures-rs,1
2019-10-01,34831,4352,GitHub/rust-lang/futures-rs,13
2019-10-01,34831,4396,GitHub/rust-lang/futures-rs,1
2019-10-01,34831,3878,GitHub/rust-lang/futures-rs,8
2019-10-01,34831,4393,GitHub/rust-lang/futures-rs,7
2019-10-01,34831,2927,GitHub/rust-lang/futures-rs,1
2019-10-01,35574,3173,GitHub/unicode-rs/unicode-normalization,2
2019-10-01,35574,4979,GitHub/unicode-rs/unicode-normalization,5
2019-10-01,35574,2955,GitHub/unicode-rs/unicode-normalization,1
2019-10-01,35574,4781,GitHub/unicode-rs/unicode-normalization,8
2019-10-01,35574,2581,GitHub/unicode-rs/unicode-normalization,10
2019-10-01,35737,3452,GitHub/cuviper/autocfg,7
2019-10-01,35737,3025,GitHub/cuviper/autocfg,20
2019-10-01,35737,3455,GitHub/cuviper/autocfg,1
2019-10-01,36424,3523,GitHub/steveklabnik/semver-parser,9
2019-10-01,37083,3229,GitHub/BurntSushi/termcolor,1
2019-10-01,37083,3230,GitHub/BurntSushi/termcolor,1
2019-10-01,37083,3043,GitHub/BurntSushi/termcolor,2
2019-10-01,37101,2968,GitHub/Gilnaa/memoffset,1
2019-10-01,37101,3013,GitHub/Gilnaa/memoffset,29
2019-10-01,37101,2873,GitHub/Gilnaa/memoffset,1
2019-10-01,37101,1368,GitHub/Gilnaa/memoffset,2
2019-10-01,37101,3871,GitHub/Gilnaa/memoffset,1
2019-10-01,37101,3870,GitHub/Gilnaa/memoffset,17
2019-10-01,37612,3513,GitHub/dtolnay/quote,1
2019-10-01,37612,753,GitHub/dtolnay/quote,1
2019-10-01,37612,770,GitHub/dtolnay/quote,1
2019-10-01,37612,3021,GitHub/dtolnay/quote,6
2019-10-01,37612,3514,GitHub/dtolnay/quote,1
2019-10-01,37612,2912,GitHub/dtolnay/quote,95
2019-10-01,37844,4270,GitHub/softprops/atty,9
2019-10-01,37844,4891,GitHub/softprops/atty,1
2019-10-01,38667,268,GitHub/bluss/indexmap,15
2019-10-01,38667,3025,GitHub/bluss/indexmap,40
2019-10-01,38667,3153,GitHub/bluss/indexmap,1
2019-10-01,38667,3161,GitHub/bluss/indexmap,4
2019-10-01,39779,2867,GitHub/time-rs/time,1
2019-10-01,39779,3951,GitHub/time-rs/time,1
2019-10-01,40796,3189,GitHub/cryptocorrosion/cryptocorrosion,1
2019-10-01,40796,3448,GitHub/cryptocorrosion/cryptocorrosion,123
2019-10-01,40937,2950,GitHub/dtolnay/semver,1
2019-10-01,40937,3527,GitHub/dtolnay/semver,1
2019-10-01,40937,3528,GitHub/dtolnay/semver,1
2019-10-01,41752,27,GitHub/servo/rust-url,9
2019-10-01,41752,2866,GitHub/servo/rust-url,1
2019-10-01,41752,4845,GitHub/servo/rust-url,1
2019-10-01,41752,4843,GitHub/servo/rust-url,1
2019-10-01,41752,1252,GitHub/servo/rust-url,18
2019-10-01,41752,3015,GitHub/servo/rust-url,1
2019-10-01,41752,4842,GitHub/servo/rust-url,1
2019-10-01,41752,4844,GitHub/servo/rust-url,2
2019-10-01,41752,3413,GitHub/servo/rust-url,35
2019-10-01,41752,3032,GitHub/servo/rust-url,3
2019-10-01,41752,4841,GitHub/servo/rust-url,1
2019-10-01,41752,4864,GitHub/servo/rust-url,1
2019-10-01,41752,3313,GitHub/servo/rust-url,4
2019-10-01,41957,2343,GitHub/dtolnay/proc-macro2,1
2019-10-01,41957,753,GitHub/dtolnay/proc-macro2,1
2019-10-01,41957,3500,GitHub/dtolnay/proc-macro2,1
2019-10-01,41957,2867,GitHub/dtolnay/proc-macro2,3
2019-10-01,41957,3502,GitHub/dtolnay/proc-macro2,1
2019-10-01,41957,3499,GitHub/dtolnay/proc-macro2,1
2019-10-01,41957,3501,GitHub/dtolnay/proc-macro2,1
2019-10-01,41957,2912,GitHub/dtolnay/proc-macro2,91
2019-10-01,42413,2912,GitHub/dtolnay/ryu,30
2019-10-01,42655,2124,GitHub/rust-lang/socket2,1
2019-10-01,42655,2127,GitHub/rust-lang/socket2,3
2019-10-01,42655,2867,GitHub/rust-lang/socket2,16
2019-10-01,42655,4613,GitHub/rust-lang/socket2,2
2019-10-01,42655,4614,GitHub/rust-lang/socket2,4
2019-10-01,44362,2897,GitHub/rust-lang/hashbrown,1
2019-10-01,44362,3885,GitHub/rust-lang/hashbrown,5
2019-10-01,44362,4435,GitHub/rust-lang/hashbrown,4
2019-10-01,44362,4434,GitHub/rust-lang/hashbrown,1
2019-10-01,44362,4433,GitHub/rust-lang/hashbrown,2
2019-10-01,44362,1900,GitHub/rust-lang/hashbrown,4
2019-10-01,44362,3413,GitHub/rust-lang/hashbrown,1
2019-10-01,44362,3097,GitHub/rust-lang/hashbrown,2
2019-10-01,44362,1925,GitHub/rust-lang/hashbrown,3
2019-10-01,44362,4437,GitHub/rust-lang/hashbrown,1
2019-10-01,44362,1897,GitHub/rust-lang/hashbrown,1
2019-10-01,44362,4438,GitHub/rust-lang/hashbrown,1
2019-10-01,44362,3025,GitHub/rust-lang/hashbrown,5
2019-10-01,44362,2968,GitHub/rust-lang/hashbrown,49
2019-10-01,44362,1896,GitHub/rust-lang/hashbrown,1
2019-10-01,44362,1427,GitHub/rust-lang/hashbrown,1
2019-10-01,44362,1894,GitHub/rust-lang/hashbrown,1
2019-10-01,44362,2873,GitHub/rust-lang/hashbrown,1
2019-10-01,44362,3114,GitHub/rust-lang/hashbrown,8
2019-10-01,44362,3013,GitHub/rust-lang/hashbrown,6
2019-10-01,46027,2900,GitHub/alexcrichton/toml-rs,1
2019-10-01,46027,2896,GitHub/alexcrichton/toml-rs,4
2019-10-01,46027,2899,GitHub/alexcrichton/toml-rs,1
2019-10-01,46027,27,GitHub/alexcrichton/toml-rs,3
2019-10-01,46027,2875,GitHub/alexcrichton/toml-rs,19
2019-10-01,46027,2897,GitHub/alexcrichton/toml-rs,1
2019-10-01,46027,2901,GitHub/alexcrichton/toml-rs,1
2019-10-01,46027,2898,GitHub/alexcrichton/toml-rs,1
2019-10-01,46027,2894,GitHub/alexcrichton/toml-rs,1
2019-10-01,46027,38,GitHub/alexcrichton/toml-rs,1
2019-10-01,46027,2890,GitHub/alexcrichton/toml-rs,1
2019-10-01,46027,2891,GitHub/alexcrichton/toml-rs,1
2019-10-01,46027,2892,GitHub/alexcrichton/toml-rs,3
2019-10-01,46027,2867,GitHub/alexcrichton/toml-rs,30
2019-10-01,46027,2895,GitHub/alexcrichton/toml-rs,1
2019-10-01,46027,2893,GitHub/alexcrichton/toml-rs,5
2019-10-01,46178,2970,GitHub/rust-lang-nursery/lazy-static.rs,3
2019-10-01,46178,4622,GitHub/rust-lang-nursery/lazy-static.rs,1
2019-10-01,46178,830,GitHub/rust-lang-nursery/lazy-static.rs,1
2019-10-01,46178,2137,GitHub/rust-lang-nursery/lazy-static.rs,1
2019-10-01,46178,2873,GitHub/rust-lang-nursery/lazy-static.rs,1
2019-10-01,46178,4623,GitHub/rust-lang-nursery/lazy-static.rs,1
2019-10-01,46178,2138,GitHub/rust-lang-nursery/lazy-static.rs,1
2019-10-01,46178,3044,GitHub/rust-lang-nursery/lazy-static.rs,13
2019-10-01,48512,4695,GitHub/rust-random/getrandom,1
2019-10-01,48512,4697,GitHub/rust-random/getrandom,6
2019-10-01,48512,3969,GitHub/rust-random/getrandom,2
2019-10-01,48512,2227,GitHub/rust-random/getrandom,39
2019-10-01,48512,3032,GitHub/rust-random/getrandom,1
2019-10-01,48512,4696,GitHub/rust-random/getrandom,1
2019-10-01,48512,3189,GitHub/rust-random/getrandom,38
2019-10-01,48512,2897,GitHub/rust-random/getrandom,1
2019-10-01,48512,4692,GitHub/rust-random/getrandom,42
2019-10-01,48512,3736,GitHub/rust-random/getrandom,1
2019-10-01,48512,2271,GitHub/rust-random/getrandom,1
2019-10-01,48512,2229,GitHub/rust-random/getrandom,1
2019-10-01,49067,2968,GitHub/Amanieu/thread_local-rs,4
2019-10-01,49075,2909,GitHub/rust-lang/pkg-config-rs,1
2019-10-01,49075,2867,GitHub/rust-lang/pkg-config-rs,1
2019-10-01,49075,4502,GitHub/rust-lang/pkg-config-rs,1
2019-10-01,49075,4506,GitHub/rust-lang/pkg-config-rs,1
2019-10-01,49075,4497,GitHub/rust-lang/pkg-config-rs,1
2019-10-01,49075,2613,GitHub/rust-lang/pkg-config-rs,4
2019-10-01,49075,3194,GitHub/rust-lang/pkg-config-rs,21
2019-10-01,49075,4503,GitHub/rust-lang/pkg-config-rs,3
2019-10-01,52462,3635,GitHub/Frommi/miniz_oxide,1
2019-10-01,52462,3636,GitHub/Frommi/miniz_oxide,2
2019-10-01,52462,3634,GitHub/Frommi/miniz_oxide,1
2019-10-01,52462,898,GitHub/Frommi/miniz_oxide,30
2019-10-01,52462,3637,GitHub/Frommi/miniz_oxide,1
2019-10-01,52462,2890,GitHub/Frommi/miniz_oxide,4
2019-10-01,52465,3607,GitHub/fizyk20/generic-array,19
2019-10-01,52465,3618,GitHub/fizyk20/generic-array,1
2019-10-01,52465,3401,GitHub/fizyk20/generic-array,1
2019-10-01,52465,2898,GitHub/fizyk20/generic-array,1
2019-11-01,602,4986,GitHub/unicode-rs/unicode-segmentation,1
2019-11-01,602,3173,GitHub/unicode-rs/unicode-segmentation,35
2019-11-01,602,2872,GitHub/unicode-rs/unicode-segmentation,4
2019-11-01,602,4984,GitHub/unicode-rs/unicode-segmentation,2
2019-11-01,602,4985,GitHub/unicode-rs/unicode-segmentation,2
2019-11-01,602,4983,GitHub/unicode-rs/unicode-segmentation,1
2019-11-01,626,3880,GitHub/hyperium/http,1
2019-11-01,626,3882,GitHub/hyperium/http,1
2019-11-01,626,3878,GitHub/hyperium/http,14
2019-11-01,626,3884,GitHub/hyperium/http,1
2019-11-01,626,3460,GitHub/hyperium/http,1
2019-11-01,626,3883,GitHub/hyperium/http,1
2019-11-01,626,2912,GitHub/hyperium/http,1
2019-11-01,626,3881,GitHub/hyperium/http,2
2019-11-01,626,3885,GitHub/hyperium/http,1
2019-11-01,626,2873,GitHub/hyperium/http,1
2019-11-01,626,3032,GitHub/hyperium/http,1
2019-11-01,3150,2873,GitHub/seanmonstar/num_cpus,1
2019-11-01,3150,2969,GitHub/seanmonstar/num_cpus,1
2019-11-01,3150,2271,GitHub/seanmonstar/num_cpus,1
2019-11-01,3150,3718,GitHub/seanmonstar/num_cpus,2
2019-11-01,3150,2911,GitHub/seanmonstar/num_cpus,1
2019-11-01,3150,2268,GitHub/seanmonstar/num_cpus,1
2019-11-01,3150,3878,GitHub/seanmonstar/num_cpus,3
2019-11-01,3150,4730,GitHub/seanmonstar/num_cpus,1
2019-11-01,3150,4732,GitHub/seanmonstar/num_cpus,1
2019-11-01,3150,4731,GitHub/seanmonstar/num_cpus,1
2019-11-01,3509,2867,GitHub/unicode-rs/unicode-width,3
2019-11-01,4484,3186,GitHub/BurntSushi/byteorder,1
2019-11-01,4484,3043,GitHub/BurntSushi/byteorder,9
2019-11-01,4484,2873,GitHub/BurntSushi/byteorder,1
2019-11-01,4484,3188,GitHub/BurntSushi/byteorder,1
2019-11-01,4484,3185,GitHub/BurntSushi/byteorder,1
2019-11-01,4486,3193,GitHub/contain-rs/vec-map,1
2019-11-01,4486,586,GitHub/contain-rs/vec-map,1
2019-11-01,4733,3021,GitHub/dtolnay/syn,8
2019-11-01,4733,3063,GitHub/dtolnay/syn,10
2019-11-01,4733,2912,GitHub/dtolnay/syn,579
2019-11-01,4733,845,GitHub/dtolnay/syn,1
2019-11-01,4733,3573,GitHub/dtolnay/syn,1
2019-11-01,4733,3528,GitHub/dtolnay/syn,1
2019-11-01,4733,2898,GitHub/dtolnay/syn,1
2019-11-01,4733,3433,GitHub/dtolnay/syn,3
2019-11-01,4733,2969,GitHub/dtolnay/syn,1
2019-11-01,4733,3577,GitHub/dtolnay/syn,1
2019-11-01,4733,3575,GitHub/dtolnay/syn,1
2019-11-01,4733,3576,GitHub/dtolnay/syn,2
2019-11-01,4733,3580,GitHub/dtolnay/syn,1
2019-11-01,4733,3574,GitHub/dtolnay/syn,1
2019-11-01,4733,3581,GitHub/dtolnay/syn,1
2019-11-01,4733,3579,GitHub/dtolnay/syn,2
2019-11-01,4733,846,GitHub/dtolnay/syn,5
2019-11-01,4733,3578,GitHub/dtolnay/syn,1
2019-11-01,5249,2969,GitHub/taiki-e/pin-project-lite,6
2019-11-01,6681,2873,GitHub/djc/rustc-version-rs,1
2019-11-01,6681,3472,GitHub/djc/rustc-version-rs,1
2019-11-01,7322,4814,GitHub/servo/rust-smallvec,1
2019-11-01,7322,2875,GitHub/servo/rust-smallvec,3
2019-11-01,7322,2992,GitHub/servo/rust-smallvec,1
2019-11-01,7322,4133,GitHub/servo/rust-smallvec,1
2019-11-01,7322,2356,GitHub/servo/rust-smallvec,2
2019-11-01,7322,3017,GitHub/servo/rust-smallvec,3
2019-11-01,7322,3521,GitHub/servo/rust-smallvec,1
2019-11-01,7322,4685,GitHub/servo/rust-smallvec,2
2019-11-01,7322,3100,GitHub/servo/rust-smallvec,1
2019-11-01,7322,3413,GitHub/servo/rust-smallvec,1
2019-11-01,7322,4812,GitHub/servo/rust-smallvec,2
2019-11-01,7322,4815,GitHub/servo/rust-smallvec,1
2019-11-01,7322,2988,GitHub/servo/rust-smallvec,11
2019-11-01,7322,4054,GitHub/servo/rust-smallvec,1
2019-11-01,7322,3139,GitHub/servo/rust-smallvec,3
2019-11-01,7415,2873,GitHub/BurntSushi/aho-corasick,1
2019-11-01,7415,367,GitHub/BurntSushi/aho-corasick,1
2019-11-01,7415,3181,GitHub/BurntSushi/aho-corasick,3
2019-11-01,7415,3182,GitHub/BurntSushi/aho-corasick,1
2019-11-01,7415,204,GitHub/BurntSushi/aho-corasick,1
2019-11-01,7415,3043,GitHub/BurntSushi/aho-corasick,33
2019-11-01,7415,3180,GitHub/BurntSushi/aho-corasick,1
2019-11-01,12228,3878,GitHub/seanmonstar/httparse,3
2019-11-01,12266,1252,GitHub/bitflags/bitflags,1
2019-11-01,12266,3059,GitHub/bitflags/bitflags,1
2019-11-01,12266,3061,GitHub/bitflags/bitflags,1
2019-11-01,12266,3055,GitHub/bitflags/bitflags,1
2019-11-01,12266,3060,GitHub/bitflags/bitflags,2
2019-11-01,12266,3044,GitHub/bitflags/bitflags,12
2019-11-01,12266,3057,GitHub/bitflags/bitflags,2
2019-11-01,12266,3058,GitHub/bitflags/bitflags,2
2019-11-01,12842,4975,GitHub/tokio-rs/slab,2
2019-11-01,12842,3433,GitHub/tokio-rs/slab,6
2019-11-01,12842,3167,GitHub/tokio-rs/slab,4
2019-11-01,13804,3487,GitHub/dtolnay/anyhow,2
2019-11-01,13804,2912,GitHub/dtolnay/anyhow,189
2019-11-01,13804,3489,GitHub/dtolnay/anyhow,2
2019-11-01,13804,3488,GitHub/dtolnay/anyhow,1
2019-11-01,14306,3616,GitHub/rust-num/num-integer,8
2019-11-01,14306,3025,GitHub/rust-num/num-integer,12
2019-11-01,16183,4209,GitHub/rust-lang/cc-rs,1
2019-11-01,16183,4211,GitHub/rust-lang/cc-rs,1
2019-11-01,16183,3969,GitHub/rust-lang/cc-rs,1
2019-11-01,16183,3503,GitHub/rust-lang/cc-rs,1
2019-11-01,16183,1593,GitHub/rust-lang/cc-rs,3
2019-11-01,16183,3217,GitHub/rust-lang/cc-rs,1
2019-11-01,16183,4214,GitHub/rust-lang/cc-rs,8
2019-11-01,16183,4217,GitHub/rust-lang/cc-rs,2
2019-11-01,16183,4219,GitHub/rust-lang/cc-rs,1
2019-11-01,16183,4205,GitHub/rust-lang/cc-rs,3
2019-11-01,16183,4213,GitHub/rust-lang/cc-rs,1
2019-11-01,16183,2990,GitHub/rust-lang/cc-rs,2
2019-11-01,16183,4222,GitHub/rust-lang/cc-rs,3
2019-11-01,16183,4210,GitHub/rust-lang/cc-rs,1
2019-11-01,16183,4215,GitHub/rust-lang/cc-rs,1
2019-11-01,16183,2867,GitHub/rust-lang/cc-rs,90
2019-11-01,16183,239,GitHub/rust-lang/cc-rs,1
2019-11-01,16183,4208,GitHub/rust-lang/cc-rs,1
2019-11-01,16183,4223,GitHub/rust-lang/cc-rs,4
2019-11-01,16183,4220,GitHub/rust-lang/cc-rs,1
2019-11-01,16183,4221,GitHub/rust-lang/cc-rs,1
2019-11-01,16183,2975,GitHub/rust-lang/cc-rs,1
2019-11-01,16183,4218,GitHub/rust-lang/cc-rs,1
2019-11-01,16183,2909,GitHub/rust-lang/cc-rs,1
2019-11-01,16183,4000,GitHub/rust-lang/cc-rs,1
2019-11-01,16259,2975,GitHub/rust-num/num-traits,2
2019-11-01,16259,4686,GitHub/rust-num/num-traits,1
2019-11-01,16259,3185,GitHub/rust-num/num-traits,3
2019-11-01,16259,4682,GitHub/rust-num/num-traits,3
2019-11-01,16259,4685,GitHub/rust-num/num-traits,7
2019-11-01,16259,4683,GitHub/rust-num/num-traits,6
2019-11-01,16259,421,GitHub/rust-num/num-traits,1
2019-11-01,16259,3025,GitHub/rust-num/num-traits,14
2019-11-01,16259,4698,GitHub/rust-num/num-traits,15
2019-11-01,16259,2890,GitHub/rust-num/num-traits,1
2019-11-01,16492,4954,GitHub/tokio-rs/bytes,1
2019-11-01,16492,4017,GitHub/tokio-rs/bytes,1
2019-11-01,16492,3403,GitHub/tokio-rs/bytes,1
2019-11-01,16492,4952,GitHub/tokio-rs/bytes,1
2019-11-01,16492,3433,GitHub/tokio-rs/bytes,2
2019-11-01,16492,4955,GitHub/tokio-rs/bytes,1
2019-11-01,16492,4262,GitHub/tokio-rs/bytes,1
2019-11-01,16492,2975,GitHub/tokio-rs/bytes,2
2019-11-01,16492,2969,GitHub/tokio-rs/bytes,7
2019-11-01,16492,3878,GitHub/tokio-rs/bytes,13
2019-11-01,16492,4950,GitHub/tokio-rs/bytes,4
2019-11-01,16492,3313,GitHub/tokio-rs/bytes,4
2019-11-01,16492,3013,GitHub/tokio-rs/bytes,1
2019-11-01,17630,3025,GitHub/bluss/either,6
2019-11-01,17630,3126,GitHub/bluss/either,1
2019-11-01,17630,307,GitHub/bluss/either,1
2019-11-01,17630,385,GitHub/bluss/either,1
2019-11-01,17630,268,GitHub/bluss/either,4
2019-11-01,17630,3127,GitHub/bluss/either,3
2019-11-01,17721,3957,GitHub/matklad/once_cell,1
2019-11-01,17721,3956,GitHub/matklad/once_cell,1
2019-11-01,17721,3954,GitHub/matklad/once_cell,7
2019-11-01,17721,3953,GitHub/matklad/once_cell,1
2019-11-01,17721,3160,GitHub/matklad/once_cell,2
2019-11-01,17721,3959,GitHub/matklad/once_cell,1
2019-11-01,17721,2970,GitHub/matklad/once_cell,79
2019-11-01,17721,3097,GitHub/matklad/once_cell,2
2019-11-01,17721,3394,GitHub/matklad/once_cell,4
2019-11-01,17721,3220,GitHub/matklad/once_cell,1
2019-11-01,17721,3408,GitHub/matklad/once_cell,1
2019-11-01,17721,3960,GitHub/matklad/once_cell,4
2019-11-01,18006,2970,GitHub/crossbeam-rs/crossbeam,1
2019-11-01,18006,3013,GitHub/crossbeam-rs/crossbeam,1
2019-11-01,18006,2890,GitHub/crossbeam-rs/crossbeam,6
2019-11-01,18006,3401,GitHub/crossbeam-rs/crossbeam,1
2019-11-01,18006,3180,GitHub/crossbeam-rs/crossbeam,1
2019-11-01,18006,2898,GitHub/crossbeam-rs/crossbeam,1
2019-11-01,18006,3402,GitHub/crossbeam-rs/crossbeam,2
2019-11-01,18006,3113,GitHub/crossbeam-rs/crossbeam,12
2019-11-01,18006,637,GitHub/crossbeam-rs/crossbeam,2
2019-11-01,18006,3408,GitHub/crossbeam-rs/crossbeam,1
2019-11-01,18006,665,GitHub/crossbeam-rs/crossbeam,4
2019-11-01,18006,3397,GitHub/crossbeam-rs/crossbeam,1
2019-11-01,18006,2969,GitHub/crossbeam-rs/crossbeam,16
2019-11-01,18006,3405,GitHub/crossbeam-rs/crossbeam,1
2019-11-01,18006,3096,GitHub/crossbeam-rs/crossbeam,15
2019-11-01,18006,1476,GitHub/crossbeam-rs/crossbeam,1
2019-11-01,18006,353,GitHub/crossbeam-rs/crossbeam,121
2019-11-01,18006,3406,GitHub/crossbeam-rs/crossbeam,3
2019-11-01,18006,3410,GitHub/crossbeam-rs/crossbeam,2
2019-11-01,18006,1373,GitHub/crossbeam-rs/crossbeam,1
2019-11-01,18006,3097,GitHub/crossbeam-rs/crossbeam,1
2019-11-01,18006,3074,GitHub/crossbeam-rs/crossbeam,8
2019-11-01,18006,641,GitHub/crossbeam-rs/crossbeam,1
2019-11-01,18006,3404,GitHub/crossbeam-rs/crossbeam,1
2019-11-01,18006,3403,GitHub/crossbeam-rs/crossbeam,1
2019-11-01,18006,3399,GitHub/crossbeam-rs/crossbeam,1
2019-11-01,19184,268,GitHub/bluss/scopeguard,2
2019-11-01,20410,3978,GitHub/mgeisler/textwrap,1
2019-11-01,20410,2872,GitHub/mgeisler/textwrap,30
2019-11-01,20699,2969,GitHub/Amanieu/parking_lot,1
2019-11-01,20699,2867,GitHub/Amanieu/parking_lot,1
2019-11-01,20699,2972,GitHub/Amanieu/parking_lot,19
2019-11-01,20699,2968,GitHub/Amanieu/parking_lot,47
2019-11-01,20699,2971,GitHub/Amanieu/parking_lot,86
2019-11-01,20699,771,GitHub/Amanieu/parking_lot,1
2019-11-01,20699,3032,GitHub/Amanieu/parking_lot,16
2019-11-01,20699,2970,GitHub/Amanieu/parking_lot,2
2019-11-01,20699,3031,GitHub/Amanieu/parking_lot,1
2019-11-01,20949,2975,GitHub/Geal/nom,1
2019-11-01,20949,3704,GitHub/Geal/nom,1
2019-11-01,20949,3690,GitHub/Geal/nom,1
2019-11-01,20949,3695,GitHub/Geal/nom,6
2019-11-01,20949,3685,GitHub/Geal/nom,1
2019-11-01,20949,3694,GitHub/Geal/nom,19
2019-11-01,20949,3689,GitHub/Geal/nom,2
2019-11-01,20949,3702,GitHub/Geal/nom,1
2019-11-01,20949,3696,GitHub/Geal/nom,1
2019-11-01,20949,3205,GitHub/Geal/nom,1
2019-11-01,20949,3651,GitHub/Geal/nom,20
2019-11-01,20949,3693,GitHub/Geal/nom,1
2019-11-01,20949,3401,GitHub/Geal/nom,1
2019-11-01,20949,3699,GitHub/Geal/nom,1
2019-11-01,20949,981,GitHub/Geal/nom,12
2019-11-01,20949,3687,GitHub/Geal/nom,1
2019-11-01,20949,3697,GitHub/Geal/nom,1
2019-11-01,20949,3691,GitHub/Geal/nom,2
2019-11-01,20949,3214,GitHub/Geal/nom,1
2019-11-01,20949,3686,GitHub/Geal/nom,2
2019-11-01,20949,3534,GitHub/Geal/nom,231
2019-11-01,20949,3688,GitHub/Geal/nom,1
2019-11-01,20949,3698,GitHub/Geal/nom,1
2019-11-01,20949,975,GitHub/Geal/nom,1
2019-11-01,20949,2873,GitHub/Geal/nom,4
2019-11-01,20949,3692,GitHub/Geal/nom,1
2019-11-01,20949,3701,GitHub/Geal/nom,1
2019-11-01,20949,3700,GitHub/Geal/nom,1
2019-11-01,20949,3681,GitHub/Geal/nom,1
2019-11-01,20949,3666,GitHub/Geal/nom,1
2019-11-01,21282,268,GitHub/bluss/arrayvec,46
2019-11-01,21282,1246,GitHub/bluss/arrayvec,1
2019-11-01,21282,3111,GitHub/bluss/arrayvec,1
2019-11-01,21282,3112,GitHub/bluss/arrayvec,1
2019-11-01,21282,3092,GitHub/bluss/arrayvec,3
2019-11-01,21282,3116,GitHub/bluss/arrayvec,1
2019-11-01,21445,2873,GitHub/marshallpierce/rust-base64,1
2019-11-01,21445,1290,GitHub/marshallpierce/rust-base64,1
2019-11-01,21445,1252,GitHub/marshallpierce/rust-base64,2
2019-11-01,21445,3294,GitHub/marshallpierce/rust-base64,1
2019-11-01,21445,2866,GitHub/marshallpierce/rust-base64,1
2019-11-01,21445,1281,GitHub/marshallpierce/rust-base64,23
2019-11-01,21445,2992,GitHub/marshallpierce/rust-base64,3
2019-11-01,21445,1268,GitHub/marshallpierce/rust-base64,1
2019-11-01,21445,2890,GitHub/marshallpierce/rust-base64,1
2019-11-01,22724,2912,GitHub/rust-lang/log,7
2019-11-01,22724,3711,GitHub/rust-lang/log,1
2019-11-01,22724,3044,GitHub/rust-lang/log,26
2019-11-01,22724,2945,GitHub/rust-lang/log,8
2019-11-01,22724,4474,GitHub/rust-lang/log,1
2019-11-01,22724,3761,GitHub/rust-lang/log,3
2019-11-01,22724,4472,GitHub/rust-lang/log,1
2019-11-01,22724,3032,GitHub/rust-lang/log,2
2019-11-01,22724,2867,GitHub/rust-lang/log,2
2019-11-01,22724,3631,GitHub/rust-lang/log,5
2019-11-01,22724,2866,GitHub/rust-lang/log,1
2019-11-01,22724,3192,GitHub/rust-lang/log,1
2019-11-01,22724,3197,GitHub/rust-lang/log,1
2019-11-01,22724,3404,GitHub/rust-lang/log,1
2019-11-01,22724,4473,GitHub/rust-lang/log,1
2019-11-01,22804,2869,GitHub/alexcrichton/cfg-if,4
2019-11-01,22804,2871,GitHub/alexcrichton/cfg-if,1
2019-11-01,22804,2867,GitHub/alexcrichton/cfg-if,24
2019-11-01,23287,4002,GitHub/rust-itertools/itertools,1
2019-11-01,23287,1452,GitHub/rust-itertools/itertools,6
2019-11-01,23287,3956,GitHub/rust-itertools/itertools,3
2019-11-01,23287,4068,GitHub/rust-itertools/itertools,6
2019-11-01,23287,4075,GitHub/rust-itertools/itertools,2
2019-11-01,23287,268,GitHub/rust-itertools/itertools,3
2019-11-01,23287,4076,GitHub/rust-itertools/itertools,2
2019-11-01,23287,2976,GitHub/rust-itertools/itertools,1
2019-11-01,23287,4073,GitHub/rust-itertools/itertools,2
2019-11-01,23287,362,GitHub/rust-itertools/itertools,3
2019-11-01,23287,4070,GitHub/rust-itertools/itertools,1
2019-11-01,23287,1431,GitHub/rust-itertools/itertools,1
2019-11-01,23287,4056,GitHub/rust-itertools/itertools,1
2019-11-01,23287,4071,GitHub/rust-itertools/itertools,1
2019-11-01,24440,3985,GitHub/ogham/rust-ansi-term,1
2019-11-01,24440,3984,GitHub/ogham/rust-ansi-term,8
2019-11-01,24440,3394,GitHub/ogham/rust-ansi-term,2
2019-11-01,24440,496,GitHub/ogham/rust-ansi-term,20
2019-11-01,24440,2873,GitHub/ogham/rust-ansi-term,2
2019-11-01,24455,2025,GitHub/serde-rs/json,2
2019-11-01,24455,2912,GitHub/serde-rs/json,55
2019-11-01,24455,4760,GitHub/serde-rs/json,2
2019-11-01,24455,27,GitHub/serde-rs/json,1
2019-11-01,24455,2308,GitHub/serde-rs/json,1
2019-11-01,25976,4567,GitHub/rust-lang/regex,1
2019-11-01,25976,2970,GitHub/rust-lang/regex,1
2019-11-01,25976,4573,GitHub/rust-lang/regex,1
2019-11-01,25976,4570,GitHub/rust-lang/regex,1
2019-11-01,25976,2873,GitHub/rust-lang/regex,1
2019-11-01,25976,3097,GitHub/rust-lang/regex,1
2019-11-01,25976,4569,GitHub/rust-lang/regex,1
2019-11-01,25976,4572,GitHub/rust-lang/regex,1
2019-11-01,25976,3114,GitHub/rust-lang/regex,3
2019-11-01,25976,1120,GitHub/rust-lang/regex,1
2019-11-01,25976,4568,GitHub/rust-lang/regex,1
2019-11-01,25976,3640,GitHub/rust-lang/regex,1
2019-11-01,25976,4571,GitHub/rust-lang/regex,1
2019-11-01,25976,3043,GitHub/rust-lang/regex,78
2019-11-01,25976,4574,GitHub/rust-lang/regex,1
2019-11-01,26074,4004,GitHub/paholg/typenum,1
2019-11-01,26074,3614,GitHub/paholg/typenum,14
2019-11-01,26074,4003,GitHub/paholg/typenum,1
2019-11-01,28336,2909,GitHub/RustCrypto/traits,1
2019-11-01,28336,4020,GitHub/RustCrypto/traits,1
2019-11-01,28336,4008,GitHub/RustCrypto/traits,8
2019-11-01,28336,1379,GitHub/RustCrypto/traits,2
2019-11-01,28336,3189,GitHub/RustCrypto/traits,9
2019-11-01,28705,2890,GitHub/dguo/strsim-rs,1
2019-11-01,28705,707,GitHub/dguo/strsim-rs,10
2019-11-01,28705,3460,GitHub/dguo/strsim-rs,2
2019-11-01,28877,5005,GitHub/unicode-rs/unicode-xid,3
2019-11-01,28877,2970,GitHub/unicode-rs/unicode-xid,6
2019-11-01,28877,3173,GitHub/unicode-rs/unicode-xid,4
2019-11-01,30968,3579,GitHub/SergioBenitez/version_check,1
2019-11-01,30968,2343,GitHub/SergioBenitez/version_check,4
2019-11-01,32560,268,GitHub/BurntSushi/memchr,1
2019-11-01,32560,3223,GitHub/BurntSushi/memchr,1
2019-11-01,32560,3224,GitHub/BurntSushi/memchr,1
2019-11-01,32560,3043,GitHub/BurntSushi/memchr,14
2019-11-01,32560,2898,GitHub/BurntSushi/memchr,1
2019-11-01,32560,2888,GitHub/BurntSushi/memchr,1
2019-11-01,32560,421,GitHub/BurntSushi/memchr,1
2019-11-01,33435,2912,GitHub/dtolnay/itoa,14
2019-11-01,34191,1406,GitHub/RustCrypto/utils,1
2019-11-01,34191,4037,GitHub/RustCrypto/utils,1
2019-11-01,34191,1407,GitHub/RustCrypto/utils,1
2019-11-01,34191,4038,GitHub/RustCrypto/utils,1
2019-11-01,34191,3052,GitHub/RustCrypto/utils,1
2019-11-01,34191,3189,GitHub/RustCrypto/utils,10
2019-11-01,34191,3139,GitHub/RustCrypto/utils,1
2019-11-01,34191,4036,GitHub/RustCrypto/utils,1
2019-11-01,34191,3063,GitHub/RustCrypto/utils,1
2019-11-01,34831,4404,GitHub/rust-lang/futures-rs,1
2019-11-01,34831,4392,GitHub/rust-lang/futures-rs,1
2019-11-01,34831,4399,GitHub/rust-lang/futures-rs,1
2019-11-01,34831,3435,GitHub/rust-lang/futures-rs,1
2019-11-01,34831,4396,GitHub/rust-lang/futures-rs,1
2019-11-01,34831,4390,GitHub/rust-lang/futures-rs,1
2019-11-01,34831,3404,GitHub/rust-lang/futures-rs,1
2019-11-01,34831,204,GitHub/rust-lang/futures-rs,3
2019-11-01,34831,4244,GitHub/rust-lang/futures-rs,1
2019-11-01,34831,1246,GitHub/rust-lang/futures-rs,2
2019-11-01,34831,3113,GitHub/rust-lang/futures-rs,14
2019-11-01,34831,1824,GitHub/rust-lang/futures-rs,1
2019-11-01,34831,3032,GitHub/rust-lang/futures-rs,1
2019-11-01,34831,4400,GitHub/rust-lang/futures-rs,1
2019-11-01,34831,3908,GitHub/rust-lang/futures-rs,9
2019-11-01,34831,1848,GitHub/rust-lang/futures-rs,1
2019-11-01,34831,4249,GitHub/rust-lang/futures-rs,1
2019-11-01,34831,2911,GitHub/rust-lang/futures-rs,1
2019-11-01,34831,1855,GitHub/rust-lang/futures-rs,1
2019-11-01,34831,2867,GitHub/rust-lang/futures-rs,1
2019-11-01,34831,4247,GitHub/rust-lang/futures-rs,7
2019-11-01,34831,4393,GitHub/rust-lang/futures-rs,11
2019-11-01,34831,3117,GitHub/rust-lang/futures-rs,1
2019-11-01,34831,4401,GitHub/rust-lang/futures-rs,1
2019-11-01,34831,3524,GitHub/rust-lang/futures-rs,1
2019-11-01,34831,2942,GitHub/rust-lang/futures-rs,1
2019-11-01,34831,4258,GitHub/rust-lang/futures-rs,4
2019-11-01,34831,3878,GitHub/rust-lang/futures-rs,9
2019-11-01,34831,2927,GitHub/rust-lang/futures-rs,1
2019-11-01,34831,3502,GitHub/rust-lang/futures-rs,43
2019-11-01,34831,3880,GitHub/rust-lang/futures-rs,1
2019-11-01,34831,4388,GitHub/rust-lang/futures-rs,1
2019-11-01,34831,3040,GitHub/rust-lang/futures-rs,1
2019-11-01,34831,4406,GitHub/rust-lang/futures-rs,8
2019-11-01,34831,2969,GitHub/rust-lang/futures-rs,226
2019-11-01,34831,3483,GitHub/rust-lang/futures-rs,1
2019-11-01,34831,3139,GitHub/rust-lang/futures-rs,4
2019-11-01,34831,4200,GitHub/rust-lang/futures-rs,1
2019-11-01,34831,4398,GitHub/rust-lang/futures-rs,1
2019-11-01,34831,3423,GitHub/rust-lang/futures-rs,1
2019-11-01,34831,4302,GitHub/rust-lang/futures-rs,1
2019-11-01,34831,4397,GitHub/rust-lang/futures-rs,1
2019-11-01,34831,4243,GitHub/rust-lang/futures-rs,1
2019-11-01,34831,3578,GitHub/rust-lang/futures-rs,4
2019-11-01,34831,4403,GitHub/rust-lang/futures-rs,2
2019-11-01,34831,4394,GitHub/rust-lang/futures-rs,1
2019-11-01,34831,4402,GitHub/rust-lang/futures-rs,3
2019-11-01,34831,4391,GitHub/rust-lang/futures-rs,2
2019-11-01,34831,3436,GitHub/rust-lang/futures-rs,3
2019-11-01,34831,3581,GitHub/rust-lang/futures-rs,23
2019-11-01,34831,4405,GitHub/rust-lang/futures-rs,2
2019-11-01,34831,3410,GitHub/rust-lang/futures-rs,3
2019-11-01,34831,3180,GitHub/rust-lang/futures-rs,1
2019-11-01,34831,4344,GitHub/rust-lang/futures-rs,1
2019-11-01,34831,4352,GitHub/rust-lang/futures-rs,15
2019-11-01,34831,2900,GitHub/rust-lang/futures-rs,4
2019-11-01,35574,2581,GitHub/unicode-rs/unicode-normalization,10
2019-11-01,35574,2955,GitHub/unicode-rs/unicode-normalization,1
2019-11-01,35574,4781,GitHub/unicode-rs/unicode-normalization,8
2019-11-01,35574,3173,GitHub/unicode-rs/unicode-normalization,3
2019-11-01,35574,4979,GitHub/unicode-rs/unicode-normalization,5
2019-11-01,35574,307,GitHub/unicode-rs/unicode-normalization,1
2019-11-01,35737,3025,GitHub/cuviper/autocfg,25
2019-11-01,35737,3452,GitHub/cuviper/autocfg,7
2019-11-01,35737,3455,GitHub/cuviper/autocfg,1
2019-11-01,36424,3523,GitHub/steveklabnik/semver-parser,9
2019-11-01,37083,3229,GitHub/BurntSushi/termcolor,1
2019-11-01,37083,3043,GitHub/BurntSushi/termcolor,2
2019-11-01,37083,3230,GitHub/BurntSushi/termcolor,1
2019-11-01,37101,3013,GitHub/Gilnaa/memoffset,29
2019-11-01,37101,3871,GitHub/Gilnaa/memoffset,1
2019-11-01,37101,1368,GitHub/Gilnaa/memoffset,2
2019-11-01,37101,2873,GitHub/Gilnaa/memoffset,1
2019-11-01,37101,2968,GitHub/Gilnaa/memoffset,1
2019-11-01,37101,3870,GitHub/Gilnaa/memoffset,18
2019-11-01,37612,3514,GitHub/dtolnay/quote,1
2019-11-01,37612,3021,GitHub/dtolnay/quote,6
2019-11-01,37612,770,GitHub/dtolnay/quote,1
2019-11-01,37612,3513,GitHub/dtolnay/quote,1
2019-11-01,37612,2912,GitHub/dtolnay/quote,100
2019-11-01,37612,753,GitHub/dtolnay/quote,1
2019-11-01,37844,4270,GitHub/softprops/atty,9
2019-11-01,37844,4891,GitHub/softprops/atty,1
2019-11-01,38667,3025,GitHub/bluss/indexmap,40
2019-11-01,38667,3153,GitHub/bluss/indexmap,1
2019-11-01,38667,3161,GitHub/bluss/indexmap,4
2019-11-01,38667,268,GitHub/bluss/indexmap,30
2019-11-01,39779,4921,GitHub/time-rs/time,1
2019-11-01,39779,2867,GitHub/time-rs/time,1
2019-11-01,39779,3951,GitHub/time-rs/time,52
2019-11-01,40796,3189,GitHub/cryptocorrosion/cryptocorrosion,1
2019-11-01,40796,3448,GitHub/cryptocorrosion/cryptocorrosion,128
2019-11-01,40937,3527,GitHub/dtolnay/semver,1
2019-11-01,40937,2950,GitHub/dtolnay/semver,1
2019-11-01,40937,3528,GitHub/dtolnay/semver,1
2019-11-01,41752,4844,GitHub/servo/rust-url,2
2019-11-01,41752,4841,GitHub/servo/rust-url,1
2019-11-01,41752,4842,GitHub/servo/rust-url,1
2019-11-01,41752,1252,GitHub/servo/rust-url,18
2019-11-01,41752,2866,GitHub/servo/rust-url,1
2019-11-01,41752,4845,GitHub/servo/rust-url,1
2019-11-01,41752,3313,GitHub/servo/rust-url,4
2019-11-01,41752,4864,GitHub/servo/rust-url,1
2019-11-01,41752,3015,GitHub/servo/rust-url,1
2019-11-01,41752,4843,GitHub/servo/rust-url,1
2019-11-01,41752,3413,GitHub/servo/rust-url,35
2019-11-01,41752,3032,GitHub/servo/rust-url,3
2019-11-01,41752,27,GitHub/servo/rust-url,9
2019-11-01,41957,1246,GitHub/dtolnay/proc-macro2,1
2019-11-01,41957,2867,GitHub/dtolnay/proc-macro2,4
2019-11-01,41957,3500,GitHub/dtolnay/proc-macro2,1
2019-11-01,41957,3499,GitHub/dtolnay/proc-macro2,1
2019-11-01,41957,753,GitHub/dtolnay/proc-macro2,1
2019-11-01,41957,3502,GitHub/dtolnay/proc-macro2,1
2019-11-01,41957,3501,GitHub/dtolnay/proc-macro2,1
2019-11-01,41957,2343,GitHub/dtolnay/proc-macro2,1
2019-11-01,41957,2912,GitHub/dtolnay/proc-macro2,100
2019-11-01,42413,2887,GitHub/dtolnay/ryu,3
2019-11-01,42413,2912,GitHub/dtolnay/ryu,37
2019-11-01,42655,2124,GitHub/rust-lang/socket2,1
2019-11-01,42655,4613,GitHub/rust-lang/socket2,2
2019-11-01,42655,4614,GitHub/rust-lang/socket2,4
2019-11-01,42655,2867,GitHub/rust-lang/socket2,17
2019-11-01,42655,2127,GitHub/rust-lang/socket2,3
2019-11-01,44362,4431,GitHub/rust-lang/hashbrown,2
2019-11-01,44362,4434,GitHub/rust-lang/hashbrown,1
2019-11-01,44362,1427,GitHub/rust-lang/hashbrown,1
2019-11-01,44362,2867,GitHub/rust-lang/hashbrown,4
2019-11-01,44362,3013,GitHub/rust-lang/hashbrown,6
2019-11-01,44362,4433,GitHub/rust-lang/hashbrown,2
2019-11-01,44362,3413,GitHub/rust-lang/hashbrown,1
2019-11-01,44362,2897,GitHub/rust-lang/hashbrown,1
2019-11-01,44362,3114,GitHub/rust-lang/hashbrown,8
2019-11-01,44362,3097,GitHub/rust-lang/hashbrown,2
2019-11-01,44362,2873,GitHub/rust-lang/hashbrown,1
2019-11-01,44362,3031,GitHub/rust-lang/hashbrown,1
2019-11-01,44362,1896,GitHub/rust-lang/hashbrown,1
2019-11-01,44362,1897,GitHub/rust-lang/hashbrown,1
2019-11-01,44362,4437,GitHub/rust-lang/hashbrown,1
2019-11-01,44362,4438,GitHub/rust-lang/hashbrown,1
2019-11-01,44362,3025,GitHub/rust-lang/hashbrown,5
2019-11-01,44362,4435,GitHub/rust-lang/hashbrown,4
2019-11-01,44362,1925,GitHub/rust-lang/hashbrown,3
2019-11-01,44362,3868,GitHub/rust-lang/hashbrown,2
2019-11-01,44362,1894,GitHub/rust-lang/hashbrown,1
2019-11-01,44362,1900,GitHub/rust-lang/hashbrown,4
2019-11-01,44362,2968,GitHub/rust-lang/hashbrown,56
2019-11-01,44362,3885,GitHub/rust-lang/hashbrown,5
2019-11-01,45748,2909,GitHub/dtolnay/thiserror,1
2019-11-01,45748,2912,GitHub/dtolnay/thiserror,103
2019-11-01,45748,1246,GitHub/dtolnay/thiserror,1
2019-11-01,46027,2890,GitHub/alexcrichton/toml-rs,1
2019-11-01,46027,2875,GitHub/alexcrichton/toml-rs,19
2019-11-01,46027,2900,GitHub/alexcrichton/toml-rs,1
2019-11-01,46027,2893,GitHub/alexcrichton/toml-rs,5
2019-11-01,46027,2889,GitHub/alexcrichton/toml-rs,1
2019-11-01,46027,2867,GitHub/alexcrichton/toml-rs,32
2019-11-01,46027,2896,GitHub/alexcrichton/toml-rs,4
2019-11-01,46027,2899,GitHub/alexcrichton/toml-rs,1
2019-11-01,46027,38,GitHub/alexcrichton/toml-rs,1
2019-11-01,46027,2891,GitHub/alexcrichton/toml-rs,1
2019-11-01,46027,2901,GitHub/alexcrichton/toml-rs,1
2019-11-01,46027,2888,GitHub/alexcrichton/toml-rs,1
2019-11-01,46027,2895,GitHub/alexcrichton/toml-rs,1
2019-11-01,46027,2898,GitHub/alexcrichton/toml-rs,1
2019-11-01,46027,2892,GitHub/alexcrichton/toml-rs,3
2019-11-01,46027,2887,GitHub/alexcrichton/toml-rs,1
2019-11-01,46027,2894,GitHub/alexcrichton/toml-rs,1
2019-11-01,46027,29,GitHub/alexcrichton/toml-rs,1
2019-11-01,46027,27,GitHub/alexcrichton/toml-rs,7
2019-11-01,46027,2897,GitHub/alexcrichton/toml-rs,1
2019-11-01,46178,2137,GitHub/rust-lang-nursery/lazy-static.rs,1
2019-11-01,46178,4622,GitHub/rust-lang-nursery/lazy-static.rs,1
2019-11-01,46178,2138,GitHub/rust-lang-nursery/lazy-static.rs,1
2019-11-01,46178,830,GitHub/rust-lang-nursery/lazy-static.rs,1
2019-11-01,46178,4623,GitHub/rust-lang-nursery/lazy-static.rs,1
2019-11-01,46178,2873,GitHub/rust-lang-nursery/lazy-static.rs,1
2019-11-01,46178,3044,GitHub/rust-lang-nursery/lazy-static.rs,13
2019-11-01,46178,2970,GitHub/rust-lang-nursery/lazy-static.rs,3
2019-11-01,48512,3969,GitHub/rust-random/getrandom,2
2019-11-01,48512,2271,GitHub/rust-random/getrandom,1
2019-11-01,48512,3736,GitHub/rust-random/getrandom,1
2019-11-01,48512,2897,GitHub/rust-random/getrandom,1
2019-11-01,48512,3189,GitHub/rust-random/getrandom,40
2019-11-01,48512,4692,GitHub/rust-random/getrandom,48
2019-11-01,48512,4696,GitHub/rust-random/getrandom,1
2019-11-01,48512,3032,GitHub/rust-random/getrandom,1
2019-11-01,48512,4697,GitHub/rust-random/getrandom,6
2019-11-01,48512,4695,GitHub/rust-random/getrandom,1
2019-11-01,48512,2226,GitHub/rust-random/getrandom,1
2019-11-01,48512,2229,GitHub/rust-random/getrandom,1
2019-11-01,48512,2227,GitHub/rust-random/getrandom,41
2019-11-01,49067,2968,GitHub/Amanieu/thread_local-rs,5
2019-11-01,49067,3040,GitHub/Amanieu/thread_local-rs,1
2019-11-01,49075,2909,GitHub/rust-lang/pkg-config-rs,1
2019-11-01,49075,4502,GitHub/rust-lang/pkg-config-rs,1
2019-11-01,49075,2613,GitHub/rust-lang/pkg-config-rs,4
2019-11-01,49075,2867,GitHub/rust-lang/pkg-config-rs,1
2019-11-01,49075,4503,GitHub/rust-lang/pkg-config-rs,3
2019-11-01,49075,4501,GitHub/rust-lang/pkg-config-rs,1
2019-11-01,49075,4497,GitHub/rust-lang/pkg-config-rs,1
2019-11-01,49075,3194,GitHub/rust-lang/pkg-config-rs,22
2019-11-01,49075,4506,GitHub/rust-lang/pkg-config-rs,1
2019-11-01,52462,898,GitHub/Frommi/miniz_oxide,35
2019-11-01,52462,2890,GitHub/Frommi/miniz_oxide,4
2019-11-01,52462,3635,GitHub/Frommi/miniz_oxide,1
2019-11-01,52462,3634,GitHub/Frommi/miniz_oxide,1
2019-11-01,52462,3636,GitHub/Frommi/miniz_oxide,2
2019-11-01,52462,3633,GitHub/Frommi/miniz_oxide,1
2019-11-01,52462,3637,GitHub/Frommi/miniz_oxide,1
2019-11-01,52465,3607,GitHub/fizyk20/generic-array,19
2019-11-01,52465,3401,GitHub/fizyk20/generic-array,1
2019-11-01,52465,2898,GitHub/fizyk20/generic-array,1
2019-11-01,52465,3618,GitHub/fizyk20/generic-array,1
2019-12-01,602,4984,GitHub/unicode-rs/unicode-segmentation,2
2019-12-01,602,3173,GitHub/unicode-rs/unicode-segmentation,39
2019-12-01,602,4998,GitHub/unicode-rs/unicode-segmentation,1
2019-12-01,602,4983,GitHub/unicode-rs/unicode-segmentation,1
2019-12-01,602,4986,GitHub/unicode-rs/unicode-segmentation,1
2019-12-01,602,2872,GitHub/unicode-rs/unicode-segmentation,4
2019-12-01,602,4985,GitHub/unicode-rs/unicode-segmentation,2
2019-12-01,626,3884,GitHub/hyperium/http,1
2019-12-01,626,1263,GitHub/hyperium/http,1
2019-12-01,626,3460,GitHub/hyperium/http,1
2019-12-01,626,3881,GitHub/hyperium/http,2
2019-12-01,626,2912,GitHub/hyperium/http,1
2019-12-01,626,3880,GitHub/hyperium/http,1
2019-12-01,626,3882,GitHub/hyperium/http,1
2019-12-01,626,3929,GitHub/hyperium/http,1
2019-12-01,626,184,GitHub/hyperium/http,1
2019-12-01,626,3274,GitHub/hyperium/http,1
2019-12-01,626,3883,GitHub/hyperium/http,1
2019-12-01,626,3885,GitHub/hyperium/http,1
2019-12-01,626,2942,GitHub/hyperium/http,1
2019-12-01,626,3032,GitHub/hyperium/http,2
2019-12-01,626,3878,GitHub/hyperium/http,29
2019-12-01,626,3928,GitHub/hyperium/http,1
2019-12-01,626,3879,GitHub/hyperium/http,1
2019-12-01,626,2873,GitHub/hyperium/http,1
2019-12-01,626,3898,GitHub/hyperium/http,1
2019-12-01,3150,4731,GitHub/seanmonstar/num_cpus,1
2019-12-01,3150,3718,GitHub/seanmonstar/num_cpus,2
2019-12-01,3150,2911,GitHub/seanmonstar/num_cpus,1
2019-12-01,3150,2271,GitHub/seanmonstar/num_cpus,1
2019-12-01,3150,2969,GitHub/seanmonstar/num_cpus,1
2019-12-01,3150,3878,GitHub/seanmonstar/num_cpus,4
2019-12-01,3150,4729,GitHub/seanmonstar/num_cpus,1
2019-12-01,3150,2268,GitHub/seanmonstar/num_cpus,1
2019-12-01,3150,4732,GitHub/seanmonstar/num_cpus,1
2019-12-01,3150,4730,GitHub/seanmonstar/num_cpus,1
2019-12-01,3150,2873,GitHub/seanmonstar/num_cpus,1
2019-12-01,3509,5001,GitHub/unicode-rs/unicode-width,1
2019-12-01,3509,3173,GitHub/unicode-rs/unicode-width,1
2019-12-01,3509,2867,GitHub/unicode-rs/unicode-width,3
2019-12-01,4484,3185,GitHub/BurntSushi/byteorder,1
2019-12-01,4484,3188,GitHub/BurntSushi/byteorder,1
2019-12-01,4484,3186,GitHub/BurntSushi/byteorder,1
2019-12-01,4484,3043,GitHub/BurntSushi/byteorder,9
2019-12-01,4484,2873,GitHub/BurntSushi/byteorder,1
2019-12-01,4486,586,GitHub/contain-rs/vec-map,1
2019-12-01,4486,3193,GitHub/contain-rs/vec-map,1
2019-12-01,4733,3528,GitHub/dtolnay/syn,1
2019-12-01,4733,3063,GitHub/dtolnay/syn,10
2019-12-01,4733,2898,GitHub/dtolnay/syn,1
2019-12-01,4733,3021,GitHub/dtolnay/syn,11
2019-12-01,4733,2969,GitHub/dtolnay/syn,1
2019-12-01,4733,3577,GitHub/dtolnay/syn,1
2019-12-01,4733,3573,GitHub/dtolnay/syn,1
2019-12-01,4733,3572,GitHub/dtolnay/syn,1
2019-12-01,4733,3433,GitHub/dtolnay/syn,3
2019-12-01,4733,3575,GitHub/dtolnay/syn,1
2019-12-01,4733,846,GitHub/dtolnay/syn,5
2019-12-01,4733,2912,GitHub/dtolnay/syn,617
2019-12-01,4733,3578,GitHub/dtolnay/syn,1
2019-12-01,4733,3580,GitHub/dtolnay/syn,1
2019-12-01,4733,3579,GitHub/dtolnay/syn,2
2019-12-01,4733,3576,GitHub/dtolnay/syn,2
2019-12-01,4733,3574,GitHub/dtolnay/syn,1
2019-12-01,4733,845,GitHub/dtolnay/syn,1
2019-12-01,4733,3571,GitHub/dtolnay/syn,1
2019-12-01,4733,3581,GitHub/dtolnay/syn,1
2019-12-01,5249,2969,GitHub/taiki-e/pin-project-lite,11
2019-12-01,6681,2873,GitHub/djc/rustc-version-rs,1
2019-12-01,6681,3472,GitHub/djc/rustc-version-rs,1
2019-12-01,7322,4810,GitHub/servo/rust-smallvec,1
2019-12-01,7322,3521,GitHub/servo/rust-smallvec,1
2019-12-01,7322,4814,GitHub/servo/rust-smallvec,1
2019-12-01,7322,4054,GitHub/servo/rust-smallvec,1
2019-12-01,7322,4685,GitHub/servo/rust-smallvec,2
2019-12-01,7322,2356,GitHub/servo/rust-smallvec,4
2019-12-01,7322,3100,GitHub/servo/rust-smallvec,1
2019-12-01,7322,4815,GitHub/servo/rust-smallvec,1
2019-12-01,7322,4812,GitHub/servo/rust-smallvec,2
2019-12-01,7322,2988,GitHub/servo/rust-smallvec,11
2019-12-01,7322,3017,GitHub/servo/rust-smallvec,5
2019-12-01,7322,4133,GitHub/servo/rust-smallvec,1
2019-12-01,7322,3139,GitHub/servo/rust-smallvec,3
2019-12-01,7322,2875,GitHub/servo/rust-smallvec,3
2019-12-01,7322,3413,GitHub/servo/rust-smallvec,1
2019-12-01,7322,2992,GitHub/servo/rust-smallvec,1
2019-12-01,7415,3180,GitHub/BurntSushi/aho-corasick,1
2019-12-01,7415,367,GitHub/BurntSushi/aho-corasick,1
2019-12-01,7415,3043,GitHub/BurntSushi/aho-corasick,33
2019-12-01,7415,3182,GitHub/BurntSushi/aho-corasick,1
2019-12-01,7415,204,GitHub/BurntSushi/aho-corasick,1
2019-12-01,7415,3181,GitHub/BurntSushi/aho-corasick,3
2019-12-01,7415,2873,GitHub/BurntSushi/aho-corasick,1
2019-12-01,12228,3878,GitHub/seanmonstar/httparse,3
2019-12-01,12266,3060,GitHub/bitflags/bitflags,2
2019-12-01,12266,3061,GitHub/bitflags/bitflags,1
2019-12-01,12266,3057,GitHub/bitflags/bitflags,2
2019-12-01,12266,3044,GitHub/bitflags/bitflags,13
2019-12-01,12266,3056,GitHub/bitflags/bitflags,1
2019-12-01,12266,3055,GitHub/bitflags/bitflags,1
2019-12-01,12266,3058,GitHub/bitflags/bitflags,2
2019-12-01,12266,3059,GitHub/bitflags/bitflags,1
2019-12-01,12266,1252,GitHub/bitflags/bitflags,1
2019-12-01,12842,4975,GitHub/tokio-rs/slab,2
2019-12-01,12842,3167,GitHub/tokio-rs/slab,4
2019-12-01,12842,3433,GitHub/tokio-rs/slab,6
2019-12-01,13804,3488,GitHub/dtolnay/anyhow,1
2019-12-01,13804,3487,GitHub/dtolnay/anyhow,2
2019-12-01,13804,3489,GitHub/dtolnay/anyhow,2
2019-12-01,13804,2912,GitHub/dtolnay/anyhow,248
2019-12-01,13804,3486,GitHub/dtolnay/anyhow,1
2019-12-01,14306,3458,GitHub/rust-num/num-integer,1
2019-12-01,14306,3616,GitHub/rust-num/num-integer,8
2019-12-01,14306,3025,GitHub/rust-num/num-integer,13
2019-12-01,16183,4205,GitHub/rust-lang/cc-rs,3
2019-12-01,16183,4222,GitHub/rust-lang/cc-rs,3
2019-12-01,16183,4218,GitHub/rust-lang/cc-rs,1
2019-12-01,16183,4219,GitHub/rust-lang/cc-rs,1
2019-12-01,16183,239,GitHub/rust-lang/cc-rs,1
2019-12-01,16183,2909,GitHub/rust-lang/cc-rs,1
2019-12-01,16183,2867,GitHub/rust-lang/cc-rs,90
2019-12-01,16183,3503,GitHub/rust-lang/cc-rs,1
2019-12-01,16183,4220,GitHub/rust-lang/cc-rs,1
2019-12-01,16183,4210,GitHub/rust-lang/cc-rs,1
2019-12-01,16183,4209,GitHub/rust-lang/cc-rs,1
2019-12-01,16183,1593,GitHub/rust-lang/cc-rs,3
2019-12-01,16183,4214,GitHub/rust-lang/cc-rs,8
2019-12-01,16183,4208,GitHub/rust-lang/cc-rs,1
2019-12-01,16183,4217,GitHub/rust-lang/cc-rs,2
2019-12-01,16183,4215,GitHub/rust-lang/cc-rs,1
2019-12-01,16183,4213,GitHub/rust-lang/cc-rs,1
2019-12-01,16183,2920,GitHub/rust-lang/cc-rs,1
2019-12-01,16183,4211,GitHub/rust-lang/cc-rs,1
2019-12-01,16183,4223,GitHub/rust-lang/cc-rs,4
2019-12-01,16183,2990,GitHub/rust-lang/cc-rs,2
2019-12-01,16183,2975,GitHub/rust-lang/cc-rs,1
2019-12-01,16183,4000,GitHub/rust-lang/cc-rs,1
2019-12-01,16183,4221,GitHub/rust-lang/cc-rs,1
2019-12-01,16183,3217,GitHub/rust-lang/cc-rs,1
2019-12-01,16183,3969,GitHub/rust-lang/cc-rs,1
2019-12-01,16183,3457,GitHub/rust-lang/cc-rs,1
2019-12-01,16259,4685,GitHub/rust-num/num-traits,7
2019-12-01,16259,2975,GitHub/rust-num/num-traits,2
2019-12-01,16259,4698,GitHub/rust-num/num-traits,15
2019-12-01,16259,4682,GitHub/rust-num/num-traits,3
2019-12-01,16259,3025,GitHub/rust-num/num-traits,17
2019-12-01,16259,2992,GitHub/rust-num/num-traits,2
2019-12-01,16259,2890,GitHub/rust-num/num-traits,1
2019-12-01,16259,3020,GitHub/rust-num/num-traits,2
2019-12-01,16259,4686,GitHub/rust-num/num-traits,1
2019-12-01,16259,4683,GitHub/rust-num/num-traits,6
2019-12-01,16259,421,GitHub/rust-num/num-traits,1
2019-12-01,16259,3458,GitHub/rust-num/num-traits,1
2019-12-01,16259,3185,GitHub/rust-num/num-traits,3
2019-12-01,16492,3403,GitHub/tokio-rs/bytes,1
2019-12-01,16492,4262,GitHub/tokio-rs/bytes,1
2019-12-01,16492,3433,GitHub/tokio-rs/bytes,5
2019-12-01,16492,4017,GitHub/tokio-rs/bytes,1
2019-12-01,16492,4955,GitHub/tokio-rs/bytes,1
2019-12-01,16492,3313,GitHub/tokio-rs/bytes,4
2019-12-01,16492,2945,GitHub/tokio-rs/bytes,3
2019-12-01,16492,4950,GitHub/tokio-rs/bytes,4
2019-12-01,16492,4951,GitHub/tokio-rs/bytes,1
2019-12-01,16492,2969,GitHub/tokio-rs/bytes,7
2019-12-01,16492,4954,GitHub/tokio-rs/bytes,1
2019-12-01,16492,2975,GitHub/tokio-rs/bytes,2
2019-12-01,16492,3013,GitHub/tokio-rs/bytes,1
2019-12-01,16492,3878,GitHub/tokio-rs/bytes,20
2019-12-01,16492,4952,GitHub/tokio-rs/bytes,1
2019-12-01,17630,3126,GitHub/bluss/either,1
2019-12-01,17630,3025,GitHub/bluss/either,6
2019-12-01,17630,307,GitHub/bluss/either,1
2019-12-01,17630,268,GitHub/bluss/either,4
2019-12-01,17630,385,GitHub/bluss/either,1
2019-12-01,17630,3127,GitHub/bluss/either,3
2019-12-01,17721,3220,GitHub/matklad/once_cell,1
2019-12-01,17721,3097,GitHub/matklad/once_cell,2
2019-12-01,17721,3952,GitHub/matklad/once_cell,3
2019-12-01,17721,3394,GitHub/matklad/once_cell,4
2019-12-01,17721,3956,GitHub/matklad/once_cell,1
2019-12-01,17721,3160,GitHub/matklad/once_cell,2
2019-12-01,17721,3954,GitHub/matklad/once_cell,7
2019-12-01,17721,3957,GitHub/matklad/once_cell,1
2019-12-01,17721,3408,GitHub/matklad/once_cell,1
2019-12-01,17721,3953,GitHub/matklad/once_cell,1
2019-12-01,17721,3960,GitHub/matklad/once_cell,4
2019-12-01,17721,2970,GitHub/matklad/once_cell,79
2019-12-01,17721,3959,GitHub/matklad/once_cell,1
2019-12-01,18006,2898,GitHub/crossbeam-rs/crossbeam,1
2019-12-01,18006,3096,GitHub/crossbeam-rs/crossbeam,15
2019-12-01,18006,3013,GitHub/crossbeam-rs/crossbeam,1
2019-12-01,18006,3180,GitHub/crossbeam-rs/crossbeam,1
2019-12-01,18006,3097,GitHub/crossbeam-rs/crossbeam,1
2019-12-01,18006,3395,GitHub/crossbeam-rs/crossbeam,1
2019-12-01,18006,3410,GitHub/crossbeam-rs/crossbeam,2
2019-12-01,18006,3402,GitHub/crossbeam-rs/crossbeam,2
2019-12-01,18006,3113,GitHub/crossbeam-rs/crossbeam,12
2019-12-01,18006,3399,GitHub/crossbeam-rs/crossbeam,1
2019-12-01,18006,3401,GitHub/crossbeam-rs/crossbeam,1
2019-12-01,18006,637,GitHub/crossbeam-rs/crossbeam,2
2019-12-01,18006,3408,GitHub/crossbeam-rs/crossbeam,1
2019-12-01,18006,3403,GitHub/crossbeam-rs/crossbeam,1
2019-12-01,18006,353,GitHub/crossbeam-rs/crossbeam,124
2019-12-01,18006,3405,GitHub/crossbeam-rs/crossbeam,1
2019-12-01,18006,3397,GitHub/crossbeam-rs/crossbeam,1
2019-12-01,18006,3074,GitHub/crossbeam-rs/crossbeam,8
2019-12-01,18006,2890,GitHub/crossbeam-rs/crossbeam,6
2019-12-01,18006,3404,GitHub/crossbeam-rs/crossbeam,1
2019-12-01,18006,641,GitHub/crossbeam-rs/crossbeam,1
2019-12-01,18006,2969,GitHub/crossbeam-rs/crossbeam,19
2019-12-01,18006,1476,GitHub/crossbeam-rs/crossbeam,1
2019-12-01,18006,2970,GitHub/crossbeam-rs/crossbeam,1
2019-12-01,18006,665,GitHub/crossbeam-rs/crossbeam,4
2019-12-01,18006,1373,GitHub/crossbeam-rs/crossbeam,1
2019-12-01,18006,3406,GitHub/crossbeam-rs/crossbeam,3
2019-12-01,19184,268,GitHub/bluss/scopeguard,2
2019-12-01,20410,3978,GitHub/mgeisler/textwrap,1
2019-12-01,20410,2872,GitHub/mgeisler/textwrap,30
2019-12-01,20699,2984,GitHub/Amanieu/parking_lot,2
2019-12-01,20699,771,GitHub/Amanieu/parking_lot,1
2019-12-01,20699,3032,GitHub/Amanieu/parking_lot,16
2019-12-01,20699,2968,GitHub/Amanieu/parking_lot,47
2019-12-01,20699,3030,GitHub/Amanieu/parking_lot,1
2019-12-01,20699,2971,GitHub/Amanieu/parking_lot,102
2019-12-01,20699,2867,GitHub/Amanieu/parking_lot,1
2019-12-01,20699,2969,GitHub/Amanieu/parking_lot,1
2019-12-01,20699,2970,GitHub/Amanieu/parking_lot,2
2019-12-01,20699,194,GitHub/Amanieu/parking_lot,2
2019-12-01,20699,3029,GitHub/Amanieu/parking_lot,1
2019-12-01,20699,3031,GitHub/Amanieu/parking_lot,1
2019-12-01,20699,2972,GitHub/Amanieu/parking_lot,19
2019-12-01,20949,3687,GitHub/Geal/nom,1
2019-12-01,20949,3401,GitHub/Geal/nom,1
2019-12-01,20949,3692,GitHub/Geal/nom,1
2019-12-01,20949,3688,GitHub/Geal/nom,1
2019-12-01,20949,3696,GitHub/Geal/nom,1
2019-12-01,20949,3701,GitHub/Geal/nom,1
2019-12-01,20949,3704,GitHub/Geal/nom,1
2019-12-01,20949,3695,GitHub/Geal/nom,6
2019-12-01,20949,2873,GitHub/Geal/nom,4
2019-12-01,20949,981,GitHub/Geal/nom,12
2019-12-01,20949,3693,GitHub/Geal/nom,1
2019-12-01,20949,3686,GitHub/Geal/nom,2
2019-12-01,20949,3214,GitHub/Geal/nom,1
2019-12-01,20949,3697,GitHub/Geal/nom,1
2019-12-01,20949,3685,GitHub/Geal/nom,1
2019-12-01,20949,3690,GitHub/Geal/nom,1
2019-12-01,20949,3699,GitHub/Geal/nom,1
2019-12-01,20949,3666,GitHub/Geal/nom,1
2019-12-01,20949,3681,GitHub/Geal/nom,1
2019-12-01,20949,975,GitHub/Geal/nom,1
2019-12-01,20949,3694,GitHub/Geal/nom,19
2019-12-01,20949,3689,GitHub/Geal/nom,2
2019-12-01,20949,3651,GitHub/Geal/nom,20
2019-12-01,20949,3702,GitHub/Geal/nom,1
2019-12-01,20949,3205,GitHub/Geal/nom,1
2019-12-01,20949,3534,GitHub/Geal/nom,231
2019-12-01,20949,3700,GitHub/Geal/nom,1
2019-12-01,20949,3691,GitHub/Geal/nom,2
2019-12-01,20949,3698,GitHub/Geal/nom,1
2019-12-01,20949,2975,GitHub/Geal/nom,1
2019-12-01,21282,3109,GitHub/bluss/arrayvec,1
2019-12-01,21282,3013,GitHub/bluss/arrayvec,2
2019-12-01,21282,287,GitHub/bluss/arrayvec,1
2019-12-01,21282,3111,GitHub/bluss/arrayvec,1
2019-12-01,21282,3092,GitHub/bluss/arrayvec,3
2019-12-01,21282,268,GitHub/bluss/arrayvec,49
2019-12-01,21282,1246,GitHub/bluss/arrayvec,1
2019-12-01,21282,3112,GitHub/bluss/arrayvec,1
2019-12-01,21282,3116,GitHub/bluss/arrayvec,1
2019-12-01,21282,3108,GitHub/bluss/arrayvec,1
2019-12-01,21445,1268,GitHub/marshallpierce/rust-base64,1
2019-12-01,21445,2866,GitHub/marshallpierce/rust-base64,1
2019-12-01,21445,3294,GitHub/marshallpierce/rust-base64,1
2019-12-01,21445,2873,GitHub/marshallpierce/rust-base64,1
2019-12-01,21445,2992,GitHub/marshallpierce/rust-base64,3
2019-12-01,21445,1252,GitHub/marshallpierce/rust-base64,2
2019-12-01,21445,1290,GitHub/marshallpierce/rust-base64,1
2019-12-01,21445,2890,GitHub/marshallpierce/rust-base64,1
2019-12-01,21445,1281,GitHub/marshallpierce/rust-base64,32
2019-12-01,22724,3761,GitHub/rust-lang/log,3
2019-12-01,22724,3404,GitHub/rust-lang/log,11
2019-12-01,22724,4472,GitHub/rust-lang/log,1
2019-12-01,22724,2945,GitHub/rust-lang/log,11
2019-12-01,22724,2867,GitHub/rust-lang/log,2
2019-12-01,22724,3197,GitHub/rust-lang/log,1
2019-12-01,22724,3631,GitHub/rust-lang/log,5
2019-12-01,22724,3192,GitHub/rust-lang/log,1
2019-12-01,22724,3711,GitHub/rust-lang/log,1
2019-12-01,22724,4474,GitHub/rust-lang/log,1
2019-12-01,22724,3032,GitHub/rust-lang/log,2
2019-12-01,22724,4473,GitHub/rust-lang/log,1
2019-12-01,22724,3044,GitHub/rust-lang/log,30
2019-12-01,22724,2912,GitHub/rust-lang/log,7
2019-12-01,22724,2866,GitHub/rust-lang/log,1
2019-12-01,22804,2869,GitHub/alexcrichton/cfg-if,4
2019-12-01,22804,2867,GitHub/alexcrichton/cfg-if,24
2019-12-01,22804,2871,GitHub/alexcrichton/cfg-if,1
2019-12-01,23287,1452,GitHub/rust-itertools/itertools,6
2019-12-01,23287,362,GitHub/rust-itertools/itertools,5
2019-12-01,23287,4056,GitHub/rust-itertools/itertools,1
2019-12-01,23287,4070,GitHub/rust-itertools/itertools,1
2019-12-01,23287,4069,GitHub/rust-itertools/itertools,1
2019-12-01,23287,4075,GitHub/rust-itertools/itertools,2
2019-12-01,23287,3205,GitHub/rust-itertools/itertools,2
2019-12-01,23287,4068,GitHub/rust-itertools/itertools,6
2019-12-01,23287,4002,GitHub/rust-itertools/itertools,3
2019-12-01,23287,4076,GitHub/rust-itertools/itertools,2
2019-12-01,23287,4071,GitHub/rust-itertools/itertools,1
2019-12-01,23287,1431,GitHub/rust-itertools/itertools,1
2019-12-01,23287,3956,GitHub/rust-itertools/itertools,3
2019-12-01,23287,268,GitHub/rust-itertools/itertools,3
2019-12-01,23287,2976,GitHub/rust-itertools/itertools,1
2019-12-01,23287,4073,GitHub/rust-itertools/itertools,2
2019-12-01,24440,3984,GitHub/ogham/rust-ansi-term,8
2019-12-01,24440,3394,GitHub/ogham/rust-ansi-term,2
2019-12-01,24440,2873,GitHub/ogham/rust-ansi-term,2
2019-12-01,24440,3985,GitHub/ogham/rust-ansi-term,1
2019-12-01,24440,496,GitHub/ogham/rust-ansi-term,20
2019-12-01,24455,4759,GitHub/serde-rs/json,1
2019-12-01,24455,2308,GitHub/serde-rs/json,1
2019-12-01,24455,27,GitHub/serde-rs/json,1
2019-12-01,24455,2025,GitHub/serde-rs/json,2
2019-12-01,24455,2912,GitHub/serde-rs/json,57
2019-12-01,24455,4760,GitHub/serde-rs/json,2
2019-12-01,25976,4572,GitHub/rust-lang/regex,1
2019-12-01,25976,3043,GitHub/rust-lang/regex,78
2019-12-01,25976,3114,GitHub/rust-lang/regex,3
2019-12-01,25976,3097,GitHub/rust-lang/regex,1
2019-12-01,25976,4570,GitHub/rust-lang/regex,1
2019-12-01,25976,2873,GitHub/rust-lang/regex,1
2019-12-01,25976,4567,GitHub/rust-lang/regex,1
2019-12-01,25976,3640,GitHub/rust-lang/regex,1
2019-12-01,25976,2970,GitHub/rust-lang/regex,1
2019-12-01,25976,4569,GitHub/rust-lang/regex,1
2019-12-01,25976,4574,GitHub/rust-lang/regex,1
2019-12-01,25976,4571,GitHub/rust-lang/regex,1
2019-12-01,25976,1120,GitHub/rust-lang/regex,1
2019-12-01,25976,4573,GitHub/rust-lang/regex,1
2019-12-01,25976,4568,GitHub/rust-lang/regex,1
2019-12-01,26074,4003,GitHub/paholg/typenum,1
2019-12-01,26074,4004,GitHub/paholg/typenum,1
2019-12-01,26074,3614,GitHub/paholg/typenum,16
2019-12-01,28336,4008,GitHub/RustCrypto/traits,11
2019-12-01,28336,1379,GitHub/RustCrypto/traits,2
2019-12-01,28336,4020,GitHub/RustCrypto/traits,1
2019-12-01,28336,3189,GitHub/RustCrypto/traits,13
2019-12-01,28336,2909,GitHub/RustCrypto/traits,1
2019-12-01,28705,3460,GitHub/dguo/strsim-rs,2
2019-12-01,28705,707,GitHub/dguo/strsim-rs,10
2019-12-01,28705,2890,GitHub/dguo/strsim-rs,1
2019-12-01,28877,5005,GitHub/unicode-rs/unicode-xid,3
2019-12-01,28877,3173,GitHub/unicode-rs/unicode-xid,4
2019-12-01,28877,2970,GitHub/unicode-rs/unicode-xid,6
2019-12-01,30968,3579,GitHub/SergioBenitez/version_check,1
2019-12-01,30968,2343,GitHub/SergioBenitez/version_check,4
2019-12-01,32560,421,GitHub/BurntSushi/memchr,1
2019-12-01,32560,3223,GitHub/BurntSushi/memchr,1
2019-12-01,32560,3043,GitHub/BurntSushi/memchr,14
2019-12-01,32560,3224,GitHub/BurntSushi/memchr,1
2019-12-01,32560,2898,GitHub/BurntSushi/memchr,1
2019-12-01,32560,2888,GitHub/BurntSushi/memchr,1
2019-12-01,32560,268,GitHub/BurntSushi/memchr,1
2019-12-01,33435,2912,GitHub/dtolnay/itoa,14
2019-12-01,34191,1407,GitHub/RustCrypto/utils,1
2019-12-01,34191,1402,GitHub/RustCrypto/utils,1
2019-12-01,34191,4036,GitHub/RustCrypto/utils,1
2019-12-01,34191,1406,GitHub/RustCrypto/utils,1
2019-12-01,34191,3052,GitHub/RustCrypto/utils,1
2019-12-01,34191,4037,GitHub/RustCrypto/utils,1
2019-12-01,34191,3063,GitHub/RustCrypto/utils,1
2019-12-01,34191,3139,GitHub/RustCrypto/utils,1
2019-12-01,34191,3189,GitHub/RustCrypto/utils,11
2019-12-01,34191,4038,GitHub/RustCrypto/utils,1
2019-12-01,34831,3404,GitHub/rust-lang/futures-rs,1
2019-12-01,34831,3578,GitHub/rust-lang/futures-rs,4
2019-12-01,34831,3117,GitHub/rust-lang/futures-rs,2
2019-12-01,34831,4401,GitHub/rust-lang/futures-rs,1
2019-12-01,34831,3524,GitHub/rust-lang/futures-rs,1
2019-12-01,34831,2942,GitHub/rust-lang/futures-rs,1
2019-12-01,34831,4404,GitHub/rust-lang/futures-rs,1
2019-12-01,34831,4399,GitHub/rust-lang/futures-rs,1
2019-12-01,34831,1824,GitHub/rust-lang/futures-rs,1
2019-12-01,34831,4389,GitHub/rust-lang/futures-rs,2
2019-12-01,34831,3032,GitHub/rust-lang/futures-rs,1
2019-12-01,34831,3908,GitHub/rust-lang/futures-rs,9
2019-12-01,34831,4249,GitHub/rust-lang/futures-rs,3
2019-12-01,34831,2911,GitHub/rust-lang/futures-rs,1
2019-12-01,34831,4344,GitHub/rust-lang/futures-rs,1
2019-12-01,34831,3880,GitHub/rust-lang/futures-rs,1
2019-12-01,34831,3040,GitHub/rust-lang/futures-rs,3
2019-12-01,34831,2969,GitHub/rust-lang/futures-rs,249
2019-12-01,34831,4398,GitHub/rust-lang/futures-rs,1
2019-12-01,34831,3423,GitHub/rust-lang/futures-rs,1
2019-12-01,34831,4384,GitHub/rust-lang/futures-rs,1
2019-12-01,34831,4302,GitHub/rust-lang/futures-rs,1
2019-12-01,34831,4397,GitHub/rust-lang/futures-rs,1
2019-12-01,34831,4394,GitHub/rust-lang/futures-rs,1
2019-12-01,34831,3581,GitHub/rust-lang/futures-rs,31
2019-12-01,34831,3180,GitHub/rust-lang/futures-rs,2
2019-12-01,34831,4386,GitHub/rust-lang/futures-rs,1
2019-12-01,34831,2867,GitHub/rust-lang/futures-rs,1
2019-12-01,34831,4402,GitHub/rust-lang/futures-rs,3
2019-12-01,34831,4385,GitHub/rust-lang/futures-rs,1
2019-12-01,34831,3483,GitHub/rust-lang/futures-rs,1
2019-12-01,34831,4406,GitHub/rust-lang/futures-rs,8
2019-12-01,34831,1848,GitHub/rust-lang/futures-rs,1
2019-12-01,34831,4244,GitHub/rust-lang/futures-rs,1
2019-12-01,34831,204,GitHub/rust-lang/futures-rs,3
2019-12-01,34831,4390,GitHub/rust-lang/futures-rs,1
2019-12-01,34831,4247,GitHub/rust-lang/futures-rs,7
2019-12-01,34831,4400,GitHub/rust-lang/futures-rs,1
2019-12-01,34831,1476,GitHub/rust-lang/futures-rs,1
2019-12-01,34831,1832,GitHub/rust-lang/futures-rs,1
2019-12-01,34831,4258,GitHub/rust-lang/futures-rs,4
2019-12-01,34831,3435,GitHub/rust-lang/futures-rs,1
2019-12-01,34831,3113,GitHub/rust-lang/futures-rs,14
2019-12-01,34831,2900,GitHub/rust-lang/futures-rs,4
2019-12-01,34831,1838,GitHub/rust-lang/futures-rs,1
2019-12-01,34831,3502,GitHub/rust-lang/futures-rs,46
2019-12-01,34831,4243,GitHub/rust-lang/futures-rs,1
2019-12-01,34831,4391,GitHub/rust-lang/futures-rs,2
2019-12-01,34831,4405,GitHub/rust-lang/futures-rs,2
2019-12-01,34831,1855,GitHub/rust-lang/futures-rs,1
2019-12-01,34831,3410,GitHub/rust-lang/futures-rs,3
2019-12-01,34831,3436,GitHub/rust-lang/futures-rs,3
2019-12-01,34831,4387,GitHub/rust-lang/futures-rs,2
2019-12-01,34831,4403,GitHub/rust-lang/futures-rs,2
2019-12-01,34831,894,GitHub/rust-lang/futures-rs,1
2019-12-01,34831,1836,GitHub/rust-lang/futures-rs,1
2019-12-01,34831,4200,GitHub/rust-lang/futures-rs,2
2019-12-01,34831,3139,GitHub/rust-lang/futures-rs,4
2019-12-01,34831,4388,GitHub/rust-lang/futures-rs,2
2019-12-01,34831,4352,GitHub/rust-lang/futures-rs,15
2019-12-01,34831,1246,GitHub/rust-lang/futures-rs,2
2019-12-01,34831,4396,GitHub/rust-lang/futures-rs,1
2019-12-01,34831,4392,GitHub/rust-lang/futures-rs,1
2019-12-01,34831,3878,GitHub/rust-lang/futures-rs,9
2019-12-01,34831,4393,GitHub/rust-lang/futures-rs,11
2019-12-01,34831,2927,GitHub/rust-lang/futures-rs,1
2019-12-01,35574,307,GitHub/unicode-rs/unicode-normalization,1
2019-12-01,35574,4781,GitHub/unicode-rs/unicode-normalization,8
2019-12-01,35574,4979,GitHub/unicode-rs/unicode-normalization,6
2019-12-01,35574,4374,GitHub/unicode-rs/unicode-normalization,4
2019-12-01,35574,2955,GitHub/unicode-rs/unicode-normalization,1
2019-12-01,35574,2984,GitHub/unicode-rs/unicode-normalization,1
2019-12-01,35574,3173,GitHub/unicode-rs/unicode-normalization,11
2019-12-01,35574,2581,GitHub/unicode-rs/unicode-normalization,10
2019-12-01,35737,3455,GitHub/cuviper/autocfg,1
2019-12-01,35737,3458,GitHub/cuviper/autocfg,1
2019-12-01,35737,3025,GitHub/cuviper/autocfg,28
2019-12-01,35737,3452,GitHub/cuviper/autocfg,7
2019-12-01,36424,3523,GitHub/steveklabnik/semver-parser,9
2019-12-01,37083,3229,GitHub/BurntSushi/termcolor,1
2019-12-01,37083,3043,GitHub/BurntSushi/termcolor,2
2019-12-01,37083,3230,GitHub/BurntSushi/termcolor,1
2019-12-01,37101,3870,GitHub/Gilnaa/memoffset,23
2019-12-01,37101,3871,GitHub/Gilnaa/memoffset,1
2019-12-01,37101,2968,GitHub/Gilnaa/memoffset,1
2019-12-01,37101,1368,GitHub/Gilnaa/memoffset,2
2019-12-01,37101,2873,GitHub/Gilnaa/memoffset,1
2019-12-01,37101,3013,GitHub/Gilnaa/memoffset,34
2019-12-01,37612,3514,GitHub/dtolnay/quote,1
2019-12-01,37612,3021,GitHub/dtolnay/quote,6
2019-12-01,37612,753,GitHub/dtolnay/quote,1
2019-12-01,37612,2912,GitHub/dtolnay/quote,103
2019-12-01,37612,770,GitHub/dtolnay/quote,1
2019-12-01,37612,3513,GitHub/dtolnay/quote,1
2019-12-01,37844,4270,GitHub/softprops/atty,9
2019-12-01,37844,4891,GitHub/softprops/atty,1
2019-12-01,38667,3161,GitHub/bluss/indexmap,4
2019-12-01,38667,3153,GitHub/bluss/indexmap,1
2019-12-01,38667,268,GitHub/bluss/indexmap,30
2019-12-01,38667,3025,GitHub/bluss/indexmap,40
2019-12-01,39779,3816,GitHub/time-rs/time,1
2019-12-01,39779,2867,GitHub/time-rs/time,1
2019-12-01,39779,3951,GitHub/time-rs/time,77
2019-12-01,39779,4921,GitHub/time-rs/time,1
2019-12-01,40796,3189,GitHub/cryptocorrosion/cryptocorrosion,1
2019-12-01,40796,3448,GitHub/cryptocorrosion/cryptocorrosion,128
2019-12-01,40937,2950,GitHub/dtolnay/semver,1
2019-12-01,40937,3527,GitHub/dtolnay/semver,1
2019-12-01,40937,3528,GitHub/dtolnay/semver,1
2019-12-01,41752,4864,GitHub/servo/rust-url,1
2019-12-01,41752,1252,GitHub/servo/rust-url,18
2019-12-01,41752,4845,GitHub/servo/rust-url,1
2019-12-01,41752,3313,GitHub/servo/rust-url,4
2019-12-01,41752,4844,GitHub/servo/rust-url,2
2019-12-01,41752,3032,GitHub/servo/rust-url,3
2019-12-01,41752,3413,GitHub/servo/rust-url,35
2019-12-01,41752,2866,GitHub/servo/rust-url,1
2019-12-01,41752,27,GitHub/servo/rust-url,9
2019-12-01,41752,4843,GitHub/servo/rust-url,1
2019-12-01,41752,3015,GitHub/servo/rust-url,1
2019-12-01,41752,4841,GitHub/servo/rust-url,1
2019-12-01,41752,4842,GitHub/servo/rust-url,1
2019-12-01,41957,753,GitHub/dtolnay/proc-macro2,1
2019-12-01,41957,1246,GitHub/dtolnay/proc-macro2,1
2019-12-01,41957,3500,GitHub/dtolnay/proc-macro2,1
2019-12-01,41957,2343,GitHub/dtolnay/proc-macro2,1
2019-12-01,41957,3502,GitHub/dtolnay/proc-macro2,1
2019-12-01,41957,2867,GitHub/dtolnay/proc-macro2,4
2019-12-01,41957,3499,GitHub/dtolnay/proc-macro2,1
2019-12-01,41957,3501,GitHub/dtolnay/proc-macro2,1
2019-12-01,41957,2912,GitHub/dtolnay/proc-macro2,100
2019-12-01,42413,2887,GitHub/dtolnay/ryu,3
2019-12-01,42413,3457,GitHub/dtolnay/ryu,1
2019-12-01,42413,2912,GitHub/dtolnay/ryu,38
2019-12-01,42655,4613,GitHub/rust-lang/socket2,2
2019-12-01,42655,1246,GitHub/rust-lang/socket2,2
2019-12-01,42655,2127,GitHub/rust-lang/socket2,3
2019-12-01,42655,2867,GitHub/rust-lang/socket2,19
2019-12-01,42655,4614,GitHub/rust-lang/socket2,4
2019-12-01,42655,2124,GitHub/rust-lang/socket2,1
2019-12-01,44362,3775,GitHub/rust-lang/hashbrown,3
2019-12-01,44362,3868,GitHub/rust-lang/hashbrown,2
2019-12-01,44362,3025,GitHub/rust-lang/hashbrown,5
2019-12-01,44362,4438,GitHub/rust-lang/hashbrown,1
2019-12-01,44362,4437,GitHub/rust-lang/hashbrown,1
2019-12-01,44362,3031,GitHub/rust-lang/hashbrown,1
2019-12-01,44362,3097,GitHub/rust-lang/hashbrown,2
2019-12-01,44362,4433,GitHub/rust-lang/hashbrown,2
2019-12-01,44362,2968,GitHub/rust-lang/hashbrown,56
2019-12-01,44362,4434,GitHub/rust-lang/hashbrown,1
2019-12-01,44362,1925,GitHub/rust-lang/hashbrown,3
2019-12-01,44362,3885,GitHub/rust-lang/hashbrown,5
2019-12-01,44362,1900,GitHub/rust-lang/hashbrown,4
2019-12-01,44362,2867,GitHub/rust-lang/hashbrown,4
2019-12-01,44362,3147,GitHub/rust-lang/hashbrown,1
2019-12-01,44362,2897,GitHub/rust-lang/hashbrown,1
2019-12-01,44362,1894,GitHub/rust-lang/hashbrown,1
2019-12-01,44362,3013,GitHub/rust-lang/hashbrown,7
2019-12-01,44362,3114,GitHub/rust-lang/hashbrown,8
2019-12-01,44362,2873,GitHub/rust-lang/hashbrown,1
2019-12-01,44362,1896,GitHub/rust-lang/hashbrown,1
2019-12-01,44362,1897,GitHub/rust-lang/hashbrown,1
2019-12-01,44362,753,GitHub/rust-lang/hashbrown,1
2019-12-01,44362,4435,GitHub/rust-lang/hashbrown,4
2019-12-01,44362,1427,GitHub/rust-lang/hashbrown,1
2019-12-01,44362,3413,GitHub/rust-lang/hashbrown,1
2019-12-01,44362,4431,GitHub/rust-lang/hashbrown,2
2019-12-01,45748,1246,GitHub/dtolnay/thiserror,2
2019-12-01,45748,2909,GitHub/dtolnay/thiserror,1
2019-12-01,45748,2912,GitHub/dtolnay/thiserror,115
2019-12-01,46027,2889,GitHub/alexcrichton/toml-rs,1
2019-12-01,46027,2899,GitHub/alexcrichton/toml-rs,1
2019-12-01,46027,2893,GitHub/alexcrichton/toml-rs,5
2019-12-01,46027,38,GitHub/alexcrichton/toml-rs,1
2019-12-01,46027,2890,GitHub/alexcrichton/toml-rs,1
2019-12-01,46027,2901,GitHub/alexcrichton/toml-rs,1
2019-12-01,46027,2892,GitHub/alexcrichton/toml-rs,3
2019-12-01,46027,2895,GitHub/alexcrichton/toml-rs,1
2019-12-01,46027,27,GitHub/alexcrichton/toml-rs,7
2019-12-01,46027,2896,GitHub/alexcrichton/toml-rs,4
2019-12-01,46027,2891,GitHub/alexcrichton/toml-rs,1
2019-12-01,46027,2898,GitHub/alexcrichton/toml-rs,1
2019-12-01,46027,2888,GitHub/alexcrichton/toml-rs,1
2019-12-01,46027,2875,GitHub/alexcrichton/toml-rs,19
2019-12-01,46027,2886,GitHub/alexcrichton/toml-rs,1
2019-12-01,46027,2900,GitHub/alexcrichton/toml-rs,1
2019-12-01,46027,2867,GitHub/alexcrichton/toml-rs,33
2019-12-01,46027,2894,GitHub/alexcrichton/toml-rs,1
2019-12-01,46027,2887,GitHub/alexcrichton/toml-rs,1
2019-12-01,46027,2897,GitHub/alexcrichton/toml-rs,1
2019-12-01,46027,29,GitHub/alexcrichton/toml-rs,1
2019-12-01,46027,2885,GitHub/alexcrichton/toml-rs,1
2019-12-01,46178,2970,GitHub/rust-lang-nursery/lazy-static.rs,3
2019-12-01,46178,4622,GitHub/rust-lang-nursery/lazy-static.rs,1
2019-12-01,46178,2137,GitHub/rust-lang-nursery/lazy-static.rs,1
2019-12-01,46178,3571,GitHub/rust-lang-nursery/lazy-static.rs,2
2019-12-01,46178,2138,GitHub/rust-lang-nursery/lazy-static.rs,1
2019-12-01,46178,3044,GitHub/rust-lang-nursery/lazy-static.rs,13
2019-12-01,46178,4623,GitHub/rust-lang-nursery/lazy-static.rs,1
2019-12-01,46178,2873,GitHub/rust-lang-nursery/lazy-static.rs,1
2019-12-01,46178,830,GitHub/rust-lang-nursery/lazy-static.rs,1
2019-12-01,48512,3969,GitHub/rust-random/getrandom,2
2019-12-01,48512,3736,GitHub/rust-random/getrandom,1
2019-12-01,48512,2226,GitHub/rust-random/getrandom,1
2019-12-01,48512,2229,GitHub/rust-random/getrandom,1
2019-12-01,48512,4696,GitHub/rust-random/getrandom,1
2019-12-01,48512,4697,GitHub/rust-random/getrandom,6
2019-12-01,48512,2897,GitHub/rust-random/getrandom,1
2019-12-01,48512,4695,GitHub/rust-random/getrandom,1
2019-12-01,48512,3189,GitHub/rust-random/getrandom,40
2019-12-01,48512,2227,GitHub/rust-random/getrandom,41
2019-12-01,48512,2271,GitHub/rust-random/getrandom,1
2019-12-01,48512,3032,GitHub/rust-random/getrandom,1
2019-12-01,48512,4692,GitHub/rust-random/getrandom,48
2019-12-01,49067,3040,GitHub/Amanieu/thread_local-rs,1
2019-12-01,49067,2968,GitHub/Amanieu/thread_local-rs,5
2019-12-01,49075,4497,GitHub/rust-lang/pkg-config-rs,1
2019-12-01,49075,4501,GitHub/rust-lang/pkg-config-rs,1
2019-12-01,49075,3194,GitHub/rust-lang/pkg-config-rs,24
2019-12-01,49075,4502,GitHub/rust-lang/pkg-config-rs,1
2019-12-01,49075,2613,GitHub/rust-lang/pkg-config-rs,4
2019-12-01,49075,2867,GitHub/rust-lang/pkg-config-rs,1
2019-12-01,49075,2909,GitHub/rust-lang/pkg-config-rs,1
2019-12-01,49075,4506,GitHub/rust-lang/pkg-config-rs,1
2019-12-01,49075,4503,GitHub/rust-lang/pkg-config-rs,3
2019-12-01,52462,3634,GitHub/Frommi/miniz_oxide,1
2019-12-01,52462,3636,GitHub/Frommi/miniz_oxide,2
2019-12-01,52462,2890,GitHub/Frommi/miniz_oxide,4
2019-12-01,52462,3633,GitHub/Frommi/miniz_oxide,1
2019-12-01,52462,3635,GitHub/Frommi/miniz_oxide,1
2019-12-01,52462,898,GitHub/Frommi/miniz_oxide,35
2019-12-01,52462,3637,GitHub/Frommi/miniz_oxide,1
2019-12-01,52465,3607,GitHub/fizyk20/generic-array,19
2019-12-01,52465,3401,GitHub/fizyk20/generic-array,1
2019-12-01,52465,3618,GitHub/fizyk20/generic-array,1
2019-12-01,52465,2898,GitHub/fizyk20/generic-array,1
2020-02-01,626,3878,GitHub/hyperium/http,1
2020-02-01,626,2988,GitHub/hyperium/http,1
2020-02-01,626,3925,GitHub/hyperium/http,1
2020-02-01,3150,4728,GitHub/seanmonstar/num_cpus,1
2020-02-01,3150,3878,GitHub/seanmonstar/num_cpus,1
2020-02-01,4484,3043,GitHub/BurntSushi/byteorder,2
2020-02-01,4733,2912,GitHub/dtolnay/syn,47
2020-02-01,5249,2969,GitHub/taiki-e/pin-project-lite,7
2020-02-01,7322,3502,GitHub/servo/rust-smallvec,1
2020-02-01,7322,2988,GitHub/servo/rust-smallvec,2
2020-02-01,7415,3179,GitHub/BurntSushi/aho-corasick,1
2020-02-01,7415,3043,GitHub/BurntSushi/aho-corasick,4
2020-02-01,12266,3052,GitHub/bitflags/bitflags,1
2020-02-01,12266,3051,GitHub/bitflags/bitflags,1
2020-02-01,12266,3044,GitHub/bitflags/bitflags,1
2020-02-01,13804,2912,GitHub/dtolnay/anyhow,1
2020-02-01,14306,4639,GitHub/rust-num/num-integer,4
2020-02-01,14306,3025,GitHub/rust-num/num-integer,2
2020-02-01,16183,2867,GitHub/rust-lang/cc-rs,4
2020-02-01,16183,3575,GitHub/rust-lang/cc-rs,1
2020-02-01,16183,4205,GitHub/rust-lang/cc-rs,1
2020-02-01,16183,4204,GitHub/rust-lang/cc-rs,1
2020-02-01,16183,3971,GitHub/rust-lang/cc-rs,1
2020-02-01,16183,2912,GitHub/rust-lang/cc-rs,1
2020-02-01,16259,3025,GitHub/rust-num/num-traits,2
2020-02-01,16492,2911,GitHub/tokio-rs/bytes,1
2020-02-01,16492,4950,GitHub/tokio-rs/bytes,1
2020-02-01,16492,4951,GitHub/tokio-rs/bytes,1
2020-02-01,16492,3878,GitHub/tokio-rs/bytes,4
2020-02-01,16492,3147,GitHub/tokio-rs/bytes,3
2020-02-01,16492,3015,GitHub/tokio-rs/bytes,1
2020-02-01,17630,3025,GitHub/bluss/either,1
2020-02-01,17630,2884,GitHub/bluss/either,1
2020-02-01,17721,3950,GitHub/matklad/once_cell,4
2020-02-01,17721,3951,GitHub/matklad/once_cell,1
2020-02-01,17721,2970,GitHub/matklad/once_cell,6
2020-02-01,18006,353,GitHub/crossbeam-rs/crossbeam,1
2020-02-01,18006,3025,GitHub/crossbeam-rs/crossbeam,1
2020-02-01,19468,3173,GitHub/servo/rust-fnv,1
2020-02-01,19468,417,GitHub/servo/rust-fnv,1
2020-02-01,20699,2968,GitHub/Amanieu/parking_lot,5
2020-02-01,20699,3025,GitHub/Amanieu/parking_lot,1
2020-02-01,20699,3027,GitHub/Amanieu/parking_lot,5
2020-02-01,20699,3026,GitHub/Amanieu/parking_lot,1
2020-02-01,20699,3028,GitHub/Amanieu/parking_lot,1
2020-02-01,20699,2900,GitHub/Amanieu/parking_lot,1
2020-02-01,20949,3679,GitHub/Geal/nom,1
2020-02-01,20949,3534,GitHub/Geal/nom,11
2020-02-01,20949,611,GitHub/Geal/nom,1
2020-02-01,20949,959,GitHub/Geal/nom,1
2020-02-01,20949,966,GitHub/Geal/nom,2
2020-02-01,20949,1476,GitHub/Geal/nom,1
2020-02-01,20949,3684,GitHub/Geal/nom,1
2020-02-01,20949,3683,GitHub/Geal/nom,1
2020-02-01,20949,3682,GitHub/Geal/nom,1
2020-02-01,20949,3681,GitHub/Geal/nom,1
2020-02-01,20949,3680,GitHub/Geal/nom,1
2020-02-01,20949,3678,GitHub/Geal/nom,1
2020-02-01,20949,3677,GitHub/Geal/nom,1
2020-02-01,20949,3676,GitHub/Geal/nom,1
2020-02-01,20949,3675,GitHub/Geal/nom,1
2020-02-01,20949,3674,GitHub/Geal/nom,1
2020-02-01,20949,3673,GitHub/Geal/nom,1
2020-02-01,20949,3669,GitHub/Geal/nom,1
2020-02-01,20949,3312,GitHub/Geal/nom,2
2020-02-01,21282,2884,GitHub/bluss/arrayvec,1
2020-02-01,22724,2945,GitHub/rust-lang/log,1
2020-02-01,22724,3044,GitHub/rust-lang/log,4
2020-02-01,22724,2867,GitHub/rust-lang/log,1
2020-02-01,22724,4470,GitHub/rust-lang/log,1
2020-02-01,22804,2867,GitHub/alexcrichton/cfg-if,1
2020-02-01,23287,362,GitHub/rust-itertools/itertools,1
2020-02-01,23287,4108,GitHub/rust-itertools/itertools,3
2020-02-01,23287,3608,GitHub/rust-itertools/itertools,1
2020-02-01,23287,4067,GitHub/rust-itertools/itertools,3
2020-02-01,23287,1476,GitHub/rust-itertools/itertools,2
2020-02-01,23287,4002,GitHub/rust-itertools/itertools,3
2020-02-01,23287,4068,GitHub/rust-itertools/itertools,2
2020-02-01,24455,2912,GitHub/serde-rs/json,43
2020-02-01,24455,4745,GitHub/serde-rs/json,2
2020-02-01,24455,3490,GitHub/serde-rs/json,1
2020-02-01,24455,3003,GitHub/serde-rs/json,2
2020-02-01,24455,3629,GitHub/serde-rs/json,11
2020-02-01,25976,4566,GitHub/rust-lang/regex,1
2020-02-01,25976,4564,GitHub/rust-lang/regex,2
2020-02-01,25976,3698,GitHub/rust-lang/regex,5
2020-02-01,25976,3043,GitHub/rust-lang/regex,11
2020-02-01,25976,385,GitHub/rust-lang/regex,2
2020-02-01,28705,707,GitHub/dguo/strsim-rs,1
2020-02-01,28705,3470,GitHub/dguo/strsim-rs,1
2020-02-01,28877,3173,GitHub/unicode-rs/unicode-xid,1
2020-02-01,28877,3437,GitHub/unicode-rs/unicode-xid,2
2020-02-01,32560,3043,GitHub/BurntSushi/memchr,9
2020-02-01,32560,417,GitHub/BurntSushi/memchr,2
2020-02-01,32560,3222,GitHub/BurntSushi/memchr,2
2020-02-01,33435,2912,GitHub/dtolnay/itoa,3
2020-02-01,34191,3471,GitHub/RustCrypto/utils,2
2020-02-01,34831,3436,GitHub/rust-lang/futures-rs,1
2020-02-01,34831,1823,GitHub/rust-lang/futures-rs,1
2020-02-01,34831,1824,GitHub/rust-lang/futures-rs,1
2020-02-01,34831,1825,GitHub/rust-lang/futures-rs,1
2020-02-01,34831,1826,GitHub/rust-lang/futures-rs,1
2020-02-01,34831,2969,GitHub/rust-lang/futures-rs,4
2020-02-01,34831,3147,GitHub/rust-lang/futures-rs,1
2020-02-01,34831,3362,GitHub/rust-lang/futures-rs,1
2020-02-01,34831,3502,GitHub/rust-lang/futures-rs,7
2020-02-01,34831,3950,GitHub/rust-lang/futures-rs,2
2020-02-01,34831,4344,GitHub/rust-lang/futures-rs,5
2020-02-01,34831,4352,GitHub/rust-lang/futures-rs,3
2020-02-01,34831,4379,GitHub/rust-lang/futures-rs,1
2020-02-01,34831,4380,GitHub/rust-lang/futures-rs,1
2020-02-01,34831,4381,GitHub/rust-lang/futures-rs,5
2020-02-01,35574,3173,GitHub/unicode-rs/unicode-normalization,2
2020-02-01,35574,2485,GitHub/unicode-rs/unicode-normalization,1
2020-02-01,35574,2890,GitHub/unicode-rs/unicode-normalization,1
2020-02-01,35737,3025,GitHub/cuviper/autocfg,8
2020-02-01,37083,2873,GitHub/BurntSushi/termcolor,1
2020-02-01,37083,3228,GitHub/BurntSushi/termcolor,2
2020-02-01,37083,3227,GitHub/BurntSushi/termcolor,1
2020-02-01,37083,3043,GitHub/BurntSushi/termcolor,11
2020-02-01,37612,3437,GitHub/dtolnay/quote,1
2020-02-01,37612,2912,GitHub/dtolnay/quote,2
2020-02-01,37844,4270,GitHub/softprops/atty,3
2020-02-01,37844,2268,GitHub/softprops/atty,1
2020-02-01,37844,155,GitHub/softprops/atty,1
2020-02-01,38667,3025,GitHub/bluss/indexmap,4
2020-02-01,38667,3160,GitHub/bluss/indexmap,1
2020-02-01,38667,3159,GitHub/bluss/indexmap,1
2020-02-01,38667,3158,GitHub/bluss/indexmap,2
2020-02-01,39779,3025,GitHub/time-rs/time,2
2020-02-01,39779,3951,GitHub/time-rs/time,13
2020-02-01,40796,3454,GitHub/cryptocorrosion/cryptocorrosion,1
2020-02-01,40796,3448,GitHub/cryptocorrosion/cryptocorrosion,5
2020-02-01,40937,785,GitHub/dtolnay/semver,1
2020-02-01,41752,3413,GitHub/servo/rust-url,1
2020-02-01,41752,4864,GitHub/servo/rust-url,10
2020-02-01,41752,2428,GitHub/servo/rust-url,3
2020-02-01,41752,1252,GitHub/servo/rust-url,5
2020-02-01,41957,2912,GitHub/dtolnay/proc-macro2,6
2020-02-01,42655,168,GitHub/rust-lang/socket2,1
2020-02-01,42655,2867,GitHub/rust-lang/socket2,3
2020-02-01,42655,2123,GitHub/rust-lang/socket2,1
2020-02-01,44362,3025,GitHub/rust-lang/hashbrown,3
2020-02-01,44362,2968,GitHub/rust-lang/hashbrown,2
2020-02-01,45748,2912,GitHub/dtolnay/thiserror,9
2020-02-01,46027,2875,GitHub/alexcrichton/toml-rs,1
2020-02-01,46027,2867,GitHub/alexcrichton/toml-rs,1
2020-02-01,46027,2883,GitHub/alexcrichton/toml-rs,1
2020-02-01,46027,2882,GitHub/alexcrichton/toml-rs,3
2020-02-01,46178,3044,GitHub/rust-lang-nursery/lazy-static.rs,2
2020-02-01,46178,2976,GitHub/rust-lang-nursery/lazy-static.rs,3
2020-02-01,48512,4692,GitHub/rust-random/getrandom,11
2020-02-01,48512,3189,GitHub/rust-random/getrandom,1
2020-02-01,49067,155,GitHub/Amanieu/thread_local-rs,1
2020-02-01,49067,2968,GitHub/Amanieu/thread_local-rs,2
2020-02-01,49067,2900,GitHub/Amanieu/thread_local-rs,1
2020-02-01,52462,898,GitHub/Frommi/miniz_oxide,2
2020-02-01,52462,3633,GitHub/Frommi/miniz_oxide,1
2020-02-01,52465,3607,GitHub/fizyk20/generic-array,2
2020-03-01,602,3173,GitHub/unicode-rs/unicode-segmentation,6
2020-03-01,602,4997,GitHub/unicode-rs/unicode-segmentation,4
2020-03-01,626,3925,GitHub/hyperium/http,1
2020-03-01,626,3878,GitHub/hyperium/http,1
2020-03-01,626,2988,GitHub/hyperium/http,1
2020-03-01,3150,4728,GitHub/seanmonstar/num_cpus,1
2020-03-01,3150,3878,GitHub/seanmonstar/num_cpus,1
2020-03-01,4484,3184,GitHub/BurntSushi/byteorder,1
2020-03-01,4484,3043,GitHub/BurntSushi/byteorder,8
2020-03-01,4733,2912,GitHub/dtolnay/syn,71
2020-03-01,5249,2969,GitHub/taiki-e/pin-project-lite,8
2020-03-01,7322,3502,GitHub/servo/rust-smallvec,1
2020-03-01,7322,4808,GitHub/servo/rust-smallvec,1
2020-03-01,7322,2988,GitHub/servo/rust-smallvec,2
2020-03-01,7415,3179,GitHub/BurntSushi/aho-corasick,1
2020-03-01,7415,3043,GitHub/BurntSushi/aho-corasick,15
2020-03-01,12266,3044,GitHub/bitflags/bitflags,1
2020-03-01,12266,3052,GitHub/bitflags/bitflags,1
2020-03-01,12266,3051,GitHub/bitflags/bitflags,2
2020-03-01,13804,2912,GitHub/dtolnay/anyhow,3
2020-03-01,13804,2909,GitHub/dtolnay/anyhow,1
2020-03-01,14306,4639,GitHub/rust-num/num-integer,7
2020-03-01,14306,3025,GitHub/rust-num/num-integer,2
2020-03-01,16183,4204,GitHub/rust-lang/cc-rs,1
2020-03-01,16183,2867,GitHub/rust-lang/cc-rs,4
2020-03-01,16183,2912,GitHub/rust-lang/cc-rs,1
2020-03-01,16183,3035,GitHub/rust-lang/cc-rs,1
2020-03-01,16183,3575,GitHub/rust-lang/cc-rs,1
2020-03-01,16183,3971,GitHub/rust-lang/cc-rs,1
2020-03-01,16183,4202,GitHub/rust-lang/cc-rs,1
2020-03-01,16183,4205,GitHub/rust-lang/cc-rs,1
2020-03-01,16259,4682,GitHub/rust-num/num-traits,2
2020-03-01,16259,3221,GitHub/rust-num/num-traits,1
2020-03-01,16259,3025,GitHub/rust-num/num-traits,2
2020-03-01,16492,3015,GitHub/tokio-rs/bytes,1
2020-03-01,16492,2911,GitHub/tokio-rs/bytes,1
2020-03-01,16492,4950,GitHub/tokio-rs/bytes,1
2020-03-01,16492,3147,GitHub/tokio-rs/bytes,3
2020-03-01,16492,4951,GitHub/tokio-rs/bytes,1
2020-03-01,16492,3878,GitHub/tokio-rs/bytes,4
2020-03-01,17630,3025,GitHub/bluss/either,1
2020-03-01,17630,2884,GitHub/bluss/either,1
2020-03-01,17721,3951,GitHub/matklad/once_cell,1
2020-03-01,17721,2970,GitHub/matklad/once_cell,6
2020-03-01,17721,3950,GitHub/matklad/once_cell,6
2020-03-01,18006,3362,GitHub/crossbeam-rs/crossbeam,7
2020-03-01,18006,3391,GitHub/crossbeam-rs/crossbeam,16
2020-03-01,18006,3025,GitHub/crossbeam-rs/crossbeam,1
2020-03-01,18006,353,GitHub/crossbeam-rs/crossbeam,1
2020-03-01,18006,3393,GitHub/crossbeam-rs/crossbeam,1
2020-03-01,18006,3392,GitHub/crossbeam-rs/crossbeam,1
2020-03-01,18006,3096,GitHub/crossbeam-rs/crossbeam,1
2020-03-01,18006,3390,GitHub/crossbeam-rs/crossbeam,1
2020-03-01,19184,3048,GitHub/bluss/scopeguard,6
2020-03-01,19184,2968,GitHub/bluss/scopeguard,1
2020-03-01,19468,3173,GitHub/servo/rust-fnv,1
2020-03-01,19468,417,GitHub/servo/rust-fnv,1
2020-03-01,20699,2900,GitHub/Amanieu/parking_lot,1
2020-03-01,20699,2968,GitHub/Amanieu/parking_lot,5
2020-03-01,20699,2992,GitHub/Amanieu/parking_lot,4
2020-03-01,20699,3025,GitHub/Amanieu/parking_lot,1
2020-03-01,20699,3026,GitHub/Amanieu/parking_lot,1
2020-03-01,20699,3027,GitHub/Amanieu/parking_lot,5
2020-03-01,20699,3028,GitHub/Amanieu/parking_lot,1
2020-03-01,20949,611,GitHub/Geal/nom,4
2020-03-01,20949,950,GitHub/Geal/nom,2
2020-03-01,20949,3672,GitHub/Geal/nom,1
2020-03-01,20949,3097,GitHub/Geal/nom,1
2020-03-01,20949,3679,GitHub/Geal/nom,1
2020-03-01,20949,3312,GitHub/Geal/nom,2
2020-03-01,20949,3255,GitHub/Geal/nom,1
2020-03-01,20949,3673,GitHub/Geal/nom,1
2020-03-01,20949,3674,GitHub/Geal/nom,1
2020-03-01,20949,3534,GitHub/Geal/nom,13
2020-03-01,20949,3669,GitHub/Geal/nom,2
2020-03-01,20949,3666,GitHub/Geal/nom,1
2020-03-01,20949,3668,GitHub/Geal/nom,1
2020-03-01,20949,3678,GitHub/Geal/nom,1
2020-03-01,20949,3677,GitHub/Geal/nom,1
2020-03-01,20949,3676,GitHub/Geal/nom,1
2020-03-01,20949,3675,GitHub/Geal/nom,1
2020-03-01,20949,3684,GitHub/Geal/nom,1
2020-03-01,20949,1476,GitHub/Geal/nom,1
2020-03-01,20949,3683,GitHub/Geal/nom,1
2020-03-01,20949,3682,GitHub/Geal/nom,1
2020-03-01,20949,3681,GitHub/Geal/nom,1
2020-03-01,20949,966,GitHub/Geal/nom,2
2020-03-01,20949,3680,GitHub/Geal/nom,1
2020-03-01,20949,3671,GitHub/Geal/nom,1
2020-03-01,20949,959,GitHub/Geal/nom,1
2020-03-01,21282,2884,GitHub/bluss/arrayvec,1
2020-03-01,22724,2867,GitHub/rust-lang/log,1
2020-03-01,22724,3221,GitHub/rust-lang/log,1
2020-03-01,22724,4470,GitHub/rust-lang/log,1
2020-03-01,22724,3044,GitHub/rust-lang/log,7
2020-03-01,22724,2945,GitHub/rust-lang/log,1
2020-03-01,22804,2867,GitHub/alexcrichton/cfg-if,1
2020-03-01,23287,3608,GitHub/rust-itertools/itertools,1
2020-03-01,23287,362,GitHub/rust-itertools/itertools,1
2020-03-01,23287,4108,GitHub/rust-itertools/itertools,6
2020-03-01,23287,4068,GitHub/rust-itertools/itertools,11
2020-03-01,23287,4067,GitHub/rust-itertools/itertools,3
2020-03-01,23287,4002,GitHub/rust-itertools/itertools,4
2020-03-01,23287,1476,GitHub/rust-itertools/itertools,2
2020-03-01,23287,3188,GitHub/rust-itertools/itertools,3
2020-03-01,24455,4745,GitHub/serde-rs/json,2
2020-03-01,24455,3629,GitHub/serde-rs/json,12
2020-03-01,24455,3756,GitHub/serde-rs/json,1
2020-03-01,24455,3003,GitHub/serde-rs/json,2
2020-03-01,24455,3490,GitHub/serde-rs/json,1
2020-03-01,24455,2912,GitHub/serde-rs/json,56
2020-03-01,24455,4757,GitHub/serde-rs/json,1
2020-03-01,25976,4566,GitHub/rust-lang/regex,1
2020-03-01,25976,385,GitHub/rust-lang/regex,2
2020-03-01,25976,3043,GitHub/rust-lang/regex,13
2020-03-01,25976,3698,GitHub/rust-lang/regex,5
2020-03-01,25976,4564,GitHub/rust-lang/regex,2
2020-03-01,28336,3718,GitHub/RustCrypto/traits,2
2020-03-01,28336,3422,GitHub/RustCrypto/traits,1
2020-03-01,28336,4008,GitHub/RustCrypto/traits,2
2020-03-01,28705,3470,GitHub/dguo/strsim-rs,1
2020-03-01,28705,707,GitHub/dguo/strsim-rs,1
2020-03-01,28877,3173,GitHub/unicode-rs/unicode-xid,2
2020-03-01,28877,3437,GitHub/unicode-rs/unicode-xid,2
2020-03-01,28877,3506,GitHub/unicode-rs/unicode-xid,1
2020-03-01,32560,417,GitHub/BurntSushi/memchr,2
2020-03-01,32560,3222,GitHub/BurntSushi/memchr,2
2020-03-01,32560,3220,GitHub/BurntSushi/memchr,2
2020-03-01,32560,3043,GitHub/BurntSushi/memchr,15
2020-03-01,32560,3221,GitHub/BurntSushi/memchr,1
2020-03-01,33435,2912,GitHub/dtolnay/itoa,3
2020-03-01,34191,3471,GitHub/RustCrypto/utils,2
2020-03-01,34831,3581,GitHub/rust-lang/futures-rs,3
2020-03-01,34831,4352,GitHub/rust-lang/futures-rs,7
2020-03-01,34831,4344,GitHub/rust-lang/futures-rs,7
2020-03-01,34831,4254,GitHub/rust-lang/futures-rs,2
2020-03-01,34831,3436,GitHub/rust-lang/futures-rs,1
2020-03-01,34831,3362,GitHub/rust-lang/futures-rs,2
2020-03-01,34831,3502,GitHub/rust-lang/futures-rs,8
2020-03-01,34831,4381,GitHub/rust-lang/futures-rs,5
2020-03-01,34831,4380,GitHub/rust-lang/futures-rs,1
2020-03-01,34831,4379,GitHub/rust-lang/futures-rs,1
2020-03-01,34831,1826,GitHub/rust-lang/futures-rs,1
2020-03-01,34831,1825,GitHub/rust-lang/futures-rs,1
2020-03-01,34831,2969,GitHub/rust-lang/futures-rs,4
2020-03-01,34831,3950,GitHub/rust-lang/futures-rs,2
2020-03-01,34831,1824,GitHub/rust-lang/futures-rs,1
2020-03-01,34831,1823,GitHub/rust-lang/futures-rs,3
2020-03-01,34831,3147,GitHub/rust-lang/futures-rs,1
2020-03-01,34831,3106,GitHub/rust-lang/futures-rs,3
2020-03-01,35574,2890,GitHub/unicode-rs/unicode-normalization,1
2020-03-01,35574,3173,GitHub/unicode-rs/unicode-normalization,2
2020-03-01,35574,2485,GitHub/unicode-rs/unicode-normalization,1
2020-03-01,35737,3457,GitHub/cuviper/autocfg,1
2020-03-01,35737,3025,GitHub/cuviper/autocfg,8
2020-03-01,37083,2873,GitHub/BurntSushi/termcolor,1
2020-03-01,37083,3227,GitHub/BurntSushi/termcolor,1
2020-03-01,37083,3043,GitHub/BurntSushi/termcolor,11
2020-03-01,37083,3228,GitHub/BurntSushi/termcolor,2
2020-03-01,37612,3437,GitHub/dtolnay/quote,1
2020-03-01,37612,2912,GitHub/dtolnay/quote,4
2020-03-01,37844,155,GitHub/softprops/atty,1
2020-03-01,37844,2268,GitHub/softprops/atty,1
2020-03-01,37844,4270,GitHub/softprops/atty,3
2020-03-01,38667,3159,GitHub/bluss/indexmap,1
2020-03-01,38667,3025,GitHub/bluss/indexmap,7
2020-03-01,38667,3158,GitHub/bluss/indexmap,4
2020-03-01,38667,3160,GitHub/bluss/indexmap,1
2020-03-01,39779,4920,GitHub/time-rs/time,1
2020-03-01,39779,3221,GitHub/time-rs/time,1
2020-03-01,39779,4919,GitHub/time-rs/time,2
2020-03-01,39779,3951,GitHub/time-rs/time,48
2020-03-01,39779,3025,GitHub/time-rs/time,2
2020-03-01,40796,3454,GitHub/cryptocorrosion/cryptocorrosion,1
2020-03-01,40796,3448,GitHub/cryptocorrosion/cryptocorrosion,5
2020-03-01,40937,785,GitHub/dtolnay/semver,1
2020-03-01,40937,3525,GitHub/dtolnay/semver,2
2020-03-01,41752,4864,GitHub/servo/rust-url,10
2020-03-01,41752,3413,GitHub/servo/rust-url,1
2020-03-01,41752,1252,GitHub/servo/rust-url,5
2020-03-01,41752,2428,GitHub/servo/rust-url,3
2020-03-01,41957,2912,GitHub/dtolnay/proc-macro2,9
2020-03-01,42655,2867,GitHub/rust-lang/socket2,3
2020-03-01,42655,2123,GitHub/rust-lang/socket2,1
2020-03-01,42655,168,GitHub/rust-lang/socket2,1
2020-03-01,44362,4426,GitHub/rust-lang/hashbrown,5
2020-03-01,44362,3025,GitHub/rust-lang/hashbrown,3
2020-03-01,44362,2968,GitHub/rust-lang/hashbrown,2
2020-03-01,45748,2912,GitHub/dtolnay/thiserror,11
2020-03-01,46027,2883,GitHub/alexcrichton/toml-rs,1
2020-03-01,46027,2882,GitHub/alexcrichton/toml-rs,3
2020-03-01,46027,2881,GitHub/alexcrichton/toml-rs,2
2020-03-01,46027,2867,GitHub/alexcrichton/toml-rs,1
2020-03-01,46027,2875,GitHub/alexcrichton/toml-rs,1
2020-03-01,46178,3044,GitHub/rust-lang-nursery/lazy-static.rs,2
2020-03-01,46178,2976,GitHub/rust-lang-nursery/lazy-static.rs,3
2020-03-01,48512,3189,GitHub/rust-random/getrandom,1
2020-03-01,48512,4692,GitHub/rust-random/getrandom,17
2020-03-01,49067,2900,GitHub/Amanieu/thread_local-rs,1
2020-03-01,49067,2968,GitHub/Amanieu/thread_local-rs,2
2020-03-01,49067,155,GitHub/Amanieu/thread_local-rs,1
2020-03-01,52462,898,GitHub/Frommi/miniz_oxide,3
2020-03-01,52462,3633,GitHub/Frommi/miniz_oxide,2
2020-03-01,52465,3607,GitHub/fizyk20/generic-array,2
2020-03-01,52465,3624,GitHub/fizyk20/generic-array,3
2020-04-01,602,4997,GitHub/unicode-rs/unicode-segmentation,4
2020-04-01,602,3173,GitHub/unicode-rs/unicode-segmentation,6
2020-04-01,626,3925,GitHub/hyperium/http,1
2020-04-01,626,2988,GitHub/hyperium/http,1
2020-04-01,626,3878,GitHub/hyperium/http,4
2020-04-01,626,3921,GitHub/hyperium/http,1
2020-04-01,3150,4728,GitHub/seanmonstar/num_cpus,1
2020-04-01,3150,3878,GitHub/seanmonstar/num_cpus,2
2020-04-01,4484,3043,GitHub/BurntSushi/byteorder,9
2020-04-01,4484,3184,GitHub/BurntSushi/byteorder,1
2020-04-01,4733,2912,GitHub/dtolnay/syn,91
2020-04-01,4733,753,GitHub/dtolnay/syn,1
2020-04-01,5249,2969,GitHub/taiki-e/pin-project-lite,8
2020-04-01,7322,2988,GitHub/servo/rust-smallvec,2
2020-04-01,7322,3100,GitHub/servo/rust-smallvec,2
2020-04-01,7322,4808,GitHub/servo/rust-smallvec,1
2020-04-01,7322,3502,GitHub/servo/rust-smallvec,1
2020-04-01,7415,3179,GitHub/BurntSushi/aho-corasick,1
2020-04-01,7415,3043,GitHub/BurntSushi/aho-corasick,18
2020-04-01,12266,3052,GitHub/bitflags/bitflags,1
2020-04-01,12266,3051,GitHub/bitflags/bitflags,2
2020-04-01,12266,3044,GitHub/bitflags/bitflags,1
2020-04-01,13804,2912,GitHub/dtolnay/anyhow,15
2020-04-01,13804,3327,GitHub/dtolnay/anyhow,1
2020-04-01,13804,2909,GitHub/dtolnay/anyhow,1
2020-04-01,14306,4639,GitHub/rust-num/num-integer,7
2020-04-01,14306,3025,GitHub/rust-num/num-integer,3
2020-04-01,16183,3575,GitHub/rust-lang/cc-rs,1
2020-04-01,16183,3035,GitHub/rust-lang/cc-rs,1
2020-04-01,16183,1611,GitHub/rust-lang/cc-rs,2
2020-04-01,16183,4205,GitHub/rust-lang/cc-rs,1
2020-04-01,16183,2867,GitHub/rust-lang/cc-rs,4
2020-04-01,16183,2912,GitHub/rust-lang/cc-rs,1
2020-04-01,16183,3631,GitHub/rust-lang/cc-rs,1
2020-04-01,16183,3971,GitHub/rust-lang/cc-rs,1
2020-04-01,16183,4202,GitHub/rust-lang/cc-rs,1
2020-04-01,16183,4204,GitHub/rust-lang/cc-rs,1
2020-04-01,16259,3221,GitHub/rust-num/num-traits,1
2020-04-01,16259,3025,GitHub/rust-num/num-traits,4
2020-04-01,16259,4682,GitHub/rust-num/num-traits,2
2020-04-01,16492,3015,GitHub/tokio-rs/bytes,1
2020-04-01,16492,4951,GitHub/tokio-rs/bytes,1
2020-04-01,16492,4950,GitHub/tokio-rs/bytes,1
2020-04-01,16492,4949,GitHub/tokio-rs/bytes,2
2020-04-01,16492,2911,GitHub/tokio-rs/bytes,1
2020-04-01,16492,3147,GitHub/tokio-rs/bytes,3
2020-04-01,16492,3878,GitHub/tokio-rs/bytes,4
2020-04-01,17630,2884,GitHub/bluss/either,1
2020-04-01,17630,3025,GitHub/bluss/either,1
2020-04-01,17721,3950,GitHub/matklad/once_cell,6
2020-04-01,17721,2970,GitHub/matklad/once_cell,6
2020-04-01,17721,3951,GitHub/matklad/once_cell,1
2020-04-01,17721,3048,GitHub/matklad/once_cell,1
2020-04-01,18006,3392,GitHub/crossbeam-rs/crossbeam,1
2020-04-01,18006,3393,GitHub/crossbeam-rs/crossbeam,1
2020-04-01,18006,3391,GitHub/crossbeam-rs/crossbeam,16
2020-04-01,18006,3390,GitHub/crossbeam-rs/crossbeam,1
2020-04-01,18006,3025,GitHub/crossbeam-rs/crossbeam,1
2020-04-01,18006,622,GitHub/crossbeam-rs/crossbeam,1
2020-04-01,18006,353,GitHub/crossbeam-rs/crossbeam,3
2020-04-01,18006,3389,GitHub/crossbeam-rs/crossbeam,1
2020-04-01,18006,3388,GitHub/crossbeam-rs/crossbeam,5
2020-04-01,18006,3362,GitHub/crossbeam-rs/crossbeam,7
2020-04-01,18006,3096,GitHub/crossbeam-rs/crossbeam,1
2020-04-01,19184,2968,GitHub/bluss/scopeguard,1
2020-04-01,19184,3048,GitHub/bluss/scopeguard,6
2020-04-01,19468,3173,GitHub/servo/rust-fnv,1
2020-04-01,19468,417,GitHub/servo/rust-fnv,1
2020-04-01,20699,3025,GitHub/Amanieu/parking_lot,1
2020-04-01,20699,2968,GitHub/Amanieu/parking_lot,5
2020-04-01,20699,3026,GitHub/Amanieu/parking_lot,1
2020-04-01,20699,3027,GitHub/Amanieu/parking_lot,5
2020-04-01,20699,3028,GitHub/Amanieu/parking_lot,1
2020-04-01,20699,2900,GitHub/Amanieu/parking_lot,1
2020-04-01,20699,2992,GitHub/Amanieu/parking_lot,4
2020-04-01,20949,3097,GitHub/Geal/nom,1
2020-04-01,20949,3672,GitHub/Geal/nom,1
2020-04-01,20949,3671,GitHub/Geal/nom,1
2020-04-01,20949,3668,GitHub/Geal/nom,1
2020-04-01,20949,3669,GitHub/Geal/nom,2
2020-04-01,20949,611,GitHub/Geal/nom,4
2020-04-01,20949,3534,GitHub/Geal/nom,14
2020-04-01,20949,950,GitHub/Geal/nom,2
2020-04-01,20949,3312,GitHub/Geal/nom,2
2020-04-01,20949,3255,GitHub/Geal/nom,1
2020-04-01,20949,959,GitHub/Geal/nom,1
2020-04-01,20949,3684,GitHub/Geal/nom,1
2020-04-01,20949,3683,GitHub/Geal/nom,1
2020-04-01,20949,3682,GitHub/Geal/nom,1
2020-04-01,20949,966,GitHub/Geal/nom,2
2020-04-01,20949,3681,GitHub/Geal/nom,1
2020-04-01,20949,3680,GitHub/Geal/nom,1
2020-04-01,20949,3679,GitHub/Geal/nom,1
2020-04-01,20949,3678,GitHub/Geal/nom,1
2020-04-01,20949,3677,GitHub/Geal/nom,1
2020-04-01,20949,3676,GitHub/Geal/nom,1
2020-04-01,20949,3674,GitHub/Geal/nom,1
2020-04-01,20949,3673,GitHub/Geal/nom,1
2020-04-01,20949,1476,GitHub/Geal/nom,1
2020-04-01,20949,3666,GitHub/Geal/nom,1
2020-04-01,20949,3675,GitHub/Geal/nom,1
2020-04-01,21282,2884,GitHub/bluss/arrayvec,1
2020-04-01,21282,268,GitHub/bluss/arrayvec,2
2020-04-01,21445,1281,GitHub/marshallpierce/rust-base64,17
2020-04-01,21445,3942,GitHub/marshallpierce/rust-base64,1
2020-04-01,22724,4237,GitHub/rust-lang/log,1
2020-04-01,22724,4469,GitHub/rust-lang/log,1
2020-04-01,22724,2867,GitHub/rust-lang/log,1
2020-04-01,22724,2945,GitHub/rust-lang/log,3
2020-04-01,22724,3044,GitHub/rust-lang/log,7
2020-04-01,22724,4470,GitHub/rust-lang/log,1
2020-04-01,22724,3221,GitHub/rust-lang/log,1
2020-04-01,22804,2867,GitHub/alexcrichton/cfg-if,1
2020-04-01,23287,3608,GitHub/rust-itertools/itertools,1
2020-04-01,23287,4073,GitHub/rust-itertools/itertools,2
2020-04-01,23287,2485,GitHub/rust-itertools/itertools,1
2020-04-01,23287,3025,GitHub/rust-itertools/itertools,1
2020-04-01,23287,4113,GitHub/rust-itertools/itertools,1
2020-04-01,23287,3188,GitHub/rust-itertools/itertools,3
2020-04-01,23287,4067,GitHub/rust-itertools/itertools,4
2020-04-01,23287,4114,GitHub/rust-itertools/itertools,2
2020-04-01,23287,1476,GitHub/rust-itertools/itertools,2
2020-04-01,23287,4108,GitHub/rust-itertools/itertools,6
2020-04-01,23287,4068,GitHub/rust-itertools/itertools,11
2020-04-01,23287,362,GitHub/rust-itertools/itertools,1
2020-04-01,23287,4002,GitHub/rust-itertools/itertools,7
2020-04-01,24455,3527,GitHub/serde-rs/json,1
2020-04-01,24455,3490,GitHub/serde-rs/json,1
2020-04-01,24455,3629,GitHub/serde-rs/json,12
2020-04-01,24455,4757,GitHub/serde-rs/json,1
2020-04-01,24455,3003,GitHub/serde-rs/json,2
2020-04-01,24455,3756,GitHub/serde-rs/json,1
2020-04-01,24455,4745,GitHub/serde-rs/json,2
2020-04-01,24455,2912,GitHub/serde-rs/json,73
2020-04-01,25976,4564,GitHub/rust-lang/regex,2
2020-04-01,25976,4566,GitHub/rust-lang/regex,1
2020-04-01,25976,2060,GitHub/rust-lang/regex,1
2020-04-01,25976,3043,GitHub/rust-lang/regex,28
2020-04-01,25976,385,GitHub/rust-lang/regex,2
2020-04-01,25976,3698,GitHub/rust-lang/regex,5
2020-04-01,26074,4002,GitHub/paholg/typenum,1
2020-04-01,28336,3718,GitHub/RustCrypto/traits,2
2020-04-01,28336,4008,GitHub/RustCrypto/traits,42
2020-04-01,28336,3422,GitHub/RustCrypto/traits,1
2020-04-01,28336,3452,GitHub/RustCrypto/traits,1
2020-04-01,28705,707,GitHub/dguo/strsim-rs,1
2020-04-01,28705,3470,GitHub/dguo/strsim-rs,1
2020-04-01,28877,3437,GitHub/unicode-rs/unicode-xid,2
2020-04-01,28877,3173,GitHub/unicode-rs/unicode-xid,2
2020-04-01,28877,3506,GitHub/unicode-rs/unicode-xid,1
2020-04-01,32560,3221,GitHub/BurntSushi/memchr,1
2020-04-01,32560,3043,GitHub/BurntSushi/memchr,15
2020-04-01,32560,3220,GitHub/BurntSushi/memchr,2
2020-04-01,32560,3222,GitHub/BurntSushi/memchr,2
2020-04-01,32560,417,GitHub/BurntSushi/memchr,2
2020-04-01,33435,2912,GitHub/dtolnay/itoa,4
2020-04-01,34191,4008,GitHub/RustCrypto/utils,1
2020-04-01,34191,3471,GitHub/RustCrypto/utils,2
2020-04-01,34831,3362,GitHub/rust-lang/futures-rs,2
2020-04-01,34831,3581,GitHub/rust-lang/futures-rs,4
2020-04-01,34831,2969,GitHub/rust-lang/futures-rs,4
2020-04-01,34831,4352,GitHub/rust-lang/futures-rs,7
2020-04-01,34831,3436,GitHub/rust-lang/futures-rs,1
2020-04-01,34831,1824,GitHub/rust-lang/futures-rs,1
2020-04-01,34831,1825,GitHub/rust-lang/futures-rs,1
2020-04-01,34831,1826,GitHub/rust-lang/futures-rs,1
2020-04-01,34831,4375,GitHub/rust-lang/futures-rs,2
2020-04-01,34831,4344,GitHub/rust-lang/futures-rs,7
2020-04-01,34831,4254,GitHub/rust-lang/futures-rs,2
2020-04-01,34831,4381,GitHub/rust-lang/futures-rs,5
2020-04-01,34831,3950,GitHub/rust-lang/futures-rs,2
2020-04-01,34831,4380,GitHub/rust-lang/futures-rs,1
2020-04-01,34831,4379,GitHub/rust-lang/futures-rs,1
2020-04-01,34831,3147,GitHub/rust-lang/futures-rs,1
2020-04-01,34831,4378,GitHub/rust-lang/futures-rs,1
2020-04-01,34831,3106,GitHub/rust-lang/futures-rs,3
2020-04-01,34831,1821,GitHub/rust-lang/futures-rs,1
2020-04-01,34831,4319,GitHub/rust-lang/futures-rs,1
2020-04-01,34831,1823,GitHub/rust-lang/futures-rs,3
2020-04-01,34831,3502,GitHub/rust-lang/futures-rs,10
2020-04-01,35574,2890,GitHub/unicode-rs/unicode-normalization,4
2020-04-01,35574,2485,GitHub/unicode-rs/unicode-normalization,1
2020-04-01,35574,3173,GitHub/unicode-rs/unicode-normalization,3
2020-04-01,35737,3457,GitHub/cuviper/autocfg,1
2020-04-01,35737,3025,GitHub/cuviper/autocfg,9
2020-04-01,37083,3043,GitHub/BurntSushi/termcolor,11
2020-04-01,37083,3228,GitHub/BurntSushi/termcolor,2
2020-04-01,37083,3227,GitHub/BurntSushi/termcolor,1
2020-04-01,37083,2873,GitHub/BurntSushi/termcolor,1
2020-04-01,37101,1199,GitHub/Gilnaa/memoffset,2
2020-04-01,37101,3870,GitHub/Gilnaa/memoffset,3
2020-04-01,37101,3013,GitHub/Gilnaa/memoffset,5
2020-04-01,37101,3874,GitHub/Gilnaa/memoffset,1
2020-04-01,37612,3437,GitHub/dtolnay/quote,1
2020-04-01,37612,2912,GitHub/dtolnay/quote,9
2020-04-01,37844,155,GitHub/softprops/atty,1
2020-04-01,37844,2268,GitHub/softprops/atty,1
2020-04-01,37844,4270,GitHub/softprops/atty,3
2020-04-01,38667,3160,GitHub/bluss/indexmap,1
2020-04-01,38667,3159,GitHub/bluss/indexmap,1
2020-04-01,38667,3158,GitHub/bluss/indexmap,4
2020-04-01,38667,3025,GitHub/bluss/indexmap,8
2020-04-01,39779,3221,GitHub/time-rs/time,1
2020-04-01,39779,3025,GitHub/time-rs/time,2
2020-04-01,39779,3951,GitHub/time-rs/time,68
2020-04-01,39779,4917,GitHub/time-rs/time,1
2020-04-01,39779,4918,GitHub/time-rs/time,1
2020-04-01,39779,4919,GitHub/time-rs/time,2
2020-04-01,39779,4920,GitHub/time-rs/time,1
2020-04-01,40796,3448,GitHub/cryptocorrosion/cryptocorrosion,5
2020-04-01,40796,3454,GitHub/cryptocorrosion/cryptocorrosion,1
2020-04-01,40937,2950,GitHub/dtolnay/semver,3
2020-04-01,40937,3525,GitHub/dtolnay/semver,2
2020-04-01,40937,785,GitHub/dtolnay/semver,1
2020-04-01,40937,3524,GitHub/dtolnay/semver,1
2020-04-01,41752,4864,GitHub/servo/rust-url,10
2020-04-01,41752,3413,GitHub/servo/rust-url,1
2020-04-01,41752,3404,GitHub/servo/rust-url,1
2020-04-01,41752,1252,GitHub/servo/rust-url,5
2020-04-01,41752,2428,GitHub/servo/rust-url,3
2020-04-01,41957,2912,GitHub/dtolnay/proc-macro2,15
2020-04-01,42413,2912,GitHub/dtolnay/ryu,4
2020-04-01,42655,4612,GitHub/rust-lang/socket2,1
2020-04-01,42655,168,GitHub/rust-lang/socket2,1
2020-04-01,42655,3113,GitHub/rust-lang/socket2,8
2020-04-01,42655,2123,GitHub/rust-lang/socket2,1
2020-04-01,42655,2867,GitHub/rust-lang/socket2,3
2020-04-01,44362,4426,GitHub/rust-lang/hashbrown,5
2020-04-01,44362,4430,GitHub/rust-lang/hashbrown,1
2020-04-01,44362,3025,GitHub/rust-lang/hashbrown,4
2020-04-01,44362,2968,GitHub/rust-lang/hashbrown,9
2020-04-01,45748,2912,GitHub/dtolnay/thiserror,26
2020-04-01,46027,2867,GitHub/alexcrichton/toml-rs,1
2020-04-01,46027,2883,GitHub/alexcrichton/toml-rs,1
2020-04-01,46027,2881,GitHub/alexcrichton/toml-rs,2
2020-04-01,46027,2875,GitHub/alexcrichton/toml-rs,1
2020-04-01,46027,2882,GitHub/alexcrichton/toml-rs,3
2020-04-01,46178,2976,GitHub/rust-lang-nursery/lazy-static.rs,3
2020-04-01,46178,3044,GitHub/rust-lang-nursery/lazy-static.rs,2
2020-04-01,48512,4692,GitHub/rust-random/getrandom,17
2020-04-01,48512,3189,GitHub/rust-random/getrandom,1
2020-04-01,49067,2900,GitHub/Amanieu/thread_local-rs,1
2020-04-01,49067,2968,GitHub/Amanieu/thread_local-rs,2
2020-04-01,49067,155,GitHub/Amanieu/thread_local-rs,1
2020-04-01,52462,3633,GitHub/Frommi/miniz_oxide,2
2020-04-01,52462,3632,GitHub/Frommi/miniz_oxide,1
2020-04-01,52462,898,GitHub/Frommi/miniz_oxide,5
2020-04-01,52465,3622,GitHub/fizyk20/generic-array,2
2020-04-01,52465,3607,GitHub/fizyk20/generic-array,5
2020-04-01,52465,3624,GitHub/fizyk20/generic-array,3
2020-05-01,602,3173,GitHub/unicode-rs/unicode-segmentation,6
2020-05-01,602,4997,GitHub/unicode-rs/unicode-segmentation,4
2020-05-01,626,3921,GitHub/hyperium/http,1
2020-05-01,626,3878,GitHub/hyperium/http,4
2020-05-01,626,2988,GitHub/hyperium/http,1
2020-05-01,626,3925,GitHub/hyperium/http,1
2020-05-01,3150,4728,GitHub/seanmonstar/num_cpus,1
2020-05-01,3150,3878,GitHub/seanmonstar/num_cpus,6
2020-05-01,3509,2880,GitHub/unicode-rs/unicode-width,1
2020-05-01,4484,3043,GitHub/BurntSushi/byteorder,9
2020-05-01,4484,3184,GitHub/BurntSushi/byteorder,1
2020-05-01,4733,753,GitHub/dtolnay/syn,1
2020-05-01,4733,2912,GitHub/dtolnay/syn,103
2020-05-01,5249,2969,GitHub/taiki-e/pin-project-lite,13
2020-05-01,7322,3502,GitHub/servo/rust-smallvec,1
2020-05-01,7322,3413,GitHub/servo/rust-smallvec,6
2020-05-01,7322,2365,GitHub/servo/rust-smallvec,1
2020-05-01,7322,3100,GitHub/servo/rust-smallvec,2
2020-05-01,7322,2988,GitHub/servo/rust-smallvec,8
2020-05-01,7322,3013,GitHub/servo/rust-smallvec,2
2020-05-01,7322,4822,GitHub/servo/rust-smallvec,1
2020-05-01,7322,4821,GitHub/servo/rust-smallvec,1
2020-05-01,7322,4808,GitHub/servo/rust-smallvec,1
2020-05-01,7415,3043,GitHub/BurntSushi/aho-corasick,18
2020-05-01,7415,3179,GitHub/BurntSushi/aho-corasick,1
2020-05-01,12266,3051,GitHub/bitflags/bitflags,2
2020-05-01,12266,3044,GitHub/bitflags/bitflags,1
2020-05-01,12266,3052,GitHub/bitflags/bitflags,1
2020-05-01,13804,3327,GitHub/dtolnay/anyhow,1
2020-05-01,13804,2912,GitHub/dtolnay/anyhow,16
2020-05-01,13804,2909,GitHub/dtolnay/anyhow,1
2020-05-01,14306,3025,GitHub/rust-num/num-integer,5
2020-05-01,14306,4639,GitHub/rust-num/num-integer,7
2020-05-01,16183,4204,GitHub/rust-lang/cc-rs,1
2020-05-01,16183,4205,GitHub/rust-lang/cc-rs,1
2020-05-01,16183,4202,GitHub/rust-lang/cc-rs,1
2020-05-01,16183,4201,GitHub/rust-lang/cc-rs,1
2020-05-01,16183,4200,GitHub/rust-lang/cc-rs,1
2020-05-01,16183,4199,GitHub/rust-lang/cc-rs,1
2020-05-01,16183,1611,GitHub/rust-lang/cc-rs,2
2020-05-01,16183,3971,GitHub/rust-lang/cc-rs,1
2020-05-01,16183,3631,GitHub/rust-lang/cc-rs,1
2020-05-01,16183,3575,GitHub/rust-lang/cc-rs,1
2020-05-01,16183,2867,GitHub/rust-lang/cc-rs,7
2020-05-01,16183,2912,GitHub/rust-lang/cc-rs,1
2020-05-01,16183,3035,GitHub/rust-lang/cc-rs,1
2020-05-01,16259,4682,GitHub/rust-num/num-traits,2
2020-05-01,16259,3221,GitHub/rust-num/num-traits,1
2020-05-01,16259,3025,GitHub/rust-num/num-traits,8
2020-05-01,16259,4681,GitHub/rust-num/num-traits,2
2020-05-01,16492,3147,GitHub/tokio-rs/bytes,3
2020-05-01,16492,4949,GitHub/tokio-rs/bytes,2
2020-05-01,16492,3878,GitHub/tokio-rs/bytes,4
2020-05-01,16492,3015,GitHub/tokio-rs/bytes,1
2020-05-01,16492,4951,GitHub/tokio-rs/bytes,1
2020-05-01,16492,4950,GitHub/tokio-rs/bytes,1
2020-05-01,16492,2911,GitHub/tokio-rs/bytes,1
2020-05-01,17630,3025,GitHub/bluss/either,1
2020-05-01,17630,2884,GitHub/bluss/either,1
2020-05-01,17721,3048,GitHub/matklad/once_cell,1
2020-05-01,17721,3950,GitHub/matklad/once_cell,6
2020-05-01,17721,3951,GitHub/matklad/once_cell,1
2020-05-01,17721,3013,GitHub/matklad/once_cell,1
2020-05-01,17721,3025,GitHub/matklad/once_cell,1
2020-05-01,17721,2970,GitHub/matklad/once_cell,6
2020-05-01,18006,3362,GitHub/crossbeam-rs/crossbeam,7
2020-05-01,18006,3129,GitHub/crossbeam-rs/crossbeam,2
2020-05-01,18006,353,GitHub/crossbeam-rs/crossbeam,4
2020-05-01,18006,3096,GitHub/crossbeam-rs/crossbeam,1
2020-05-01,18006,3389,GitHub/crossbeam-rs/crossbeam,1
2020-05-01,18006,3390,GitHub/crossbeam-rs/crossbeam,1
2020-05-01,18006,3392,GitHub/crossbeam-rs/crossbeam,1
2020-05-01,18006,3393,GitHub/crossbeam-rs/crossbeam,1
2020-05-01,18006,622,GitHub/crossbeam-rs/crossbeam,1
2020-05-01,18006,3025,GitHub/crossbeam-rs/crossbeam,1
2020-05-01,18006,3388,GitHub/crossbeam-rs/crossbeam,5
2020-05-01,18006,3391,GitHub/crossbeam-rs/crossbeam,16
2020-05-01,18006,2969,GitHub/crossbeam-rs/crossbeam,3
2020-05-01,19184,3048,GitHub/bluss/scopeguard,6
2020-05-01,19184,2968,GitHub/bluss/scopeguard,1
2020-05-01,19468,3173,GitHub/servo/rust-fnv,1
2020-05-01,19468,417,GitHub/servo/rust-fnv,1
2020-05-01,20410,2872,GitHub/mgeisler/textwrap,12
2020-05-01,20699,2900,GitHub/Amanieu/parking_lot,1
2020-05-01,20699,3025,GitHub/Amanieu/parking_lot,1
2020-05-01,20699,3028,GitHub/Amanieu/parking_lot,1
2020-05-01,20699,3024,GitHub/Amanieu/parking_lot,2
2020-05-01,20699,2992,GitHub/Amanieu/parking_lot,4
2020-05-01,20699,3026,GitHub/Amanieu/parking_lot,1
2020-05-01,20699,3027,GitHub/Amanieu/parking_lot,5
2020-05-01,20699,3018,GitHub/Amanieu/parking_lot,2
2020-05-01,20699,2968,GitHub/Amanieu/parking_lot,13
2020-05-01,20949,3869,GitHub/Geal/nom,1
2020-05-01,20949,611,GitHub/Geal/nom,4
2020-05-01,20949,950,GitHub/Geal/nom,2
2020-05-01,20949,959,GitHub/Geal/nom,1
2020-05-01,20949,966,GitHub/Geal/nom,2
2020-05-01,20949,981,GitHub/Geal/nom,2
2020-05-01,20949,1476,GitHub/Geal/nom,1
2020-05-01,20949,2927,GitHub/Geal/nom,1
2020-05-01,20949,3097,GitHub/Geal/nom,1
2020-05-01,20949,3159,GitHub/Geal/nom,1
2020-05-01,20949,3255,GitHub/Geal/nom,1
2020-05-01,20949,3312,GitHub/Geal/nom,2
2020-05-01,20949,3534,GitHub/Geal/nom,39
2020-05-01,20949,3651,GitHub/Geal/nom,1
2020-05-01,20949,3665,GitHub/Geal/nom,4
2020-05-01,20949,3666,GitHub/Geal/nom,1
2020-05-01,20949,3667,GitHub/Geal/nom,1
2020-05-01,20949,3668,GitHub/Geal/nom,1
2020-05-01,20949,3669,GitHub/Geal/nom,2
2020-05-01,20949,3671,GitHub/Geal/nom,1
2020-05-01,20949,3672,GitHub/Geal/nom,1
2020-05-01,20949,3673,GitHub/Geal/nom,1
2020-05-01,20949,3674,GitHub/Geal/nom,1
2020-05-01,20949,3675,GitHub/Geal/nom,1
2020-05-01,20949,3676,GitHub/Geal/nom,1
2020-05-01,20949,3677,GitHub/Geal/nom,1
2020-05-01,20949,3678,GitHub/Geal/nom,1
2020-05-01,20949,3679,GitHub/Geal/nom,1
2020-05-01,20949,3680,GitHub/Geal/nom,1
2020-05-01,20949,3681,GitHub/Geal/nom,1
2020-05-01,20949,3682,GitHub/Geal/nom,1
2020-05-01,20949,3683,GitHub/Geal/nom,1
2020-05-01,20949,3684,GitHub/Geal/nom,1
2020-05-01,20949,3867,GitHub/Geal/nom,1
2020-05-01,20949,3868,GitHub/Geal/nom,1
2020-05-01,21282,268,GitHub/bluss/arrayvec,6
2020-05-01,21282,2884,GitHub/bluss/arrayvec,1
2020-05-01,21445,3942,GitHub/marshallpierce/rust-base64,1
2020-05-01,21445,1281,GitHub/marshallpierce/rust-base64,17
2020-05-01,22724,2867,GitHub/rust-lang/log,1
2020-05-01,22724,4470,GitHub/rust-lang/log,1
2020-05-01,22724,3221,GitHub/rust-lang/log,1
2020-05-01,22724,1943,GitHub/rust-lang/log,1
2020-05-01,22724,2945,GitHub/rust-lang/log,5
2020-05-01,22724,3044,GitHub/rust-lang/log,7
2020-05-01,22724,4469,GitHub/rust-lang/log,1
2020-05-01,22724,4468,GitHub/rust-lang/log,2
2020-05-01,22724,4237,GitHub/rust-lang/log,1
2020-05-01,22804,2867,GitHub/alexcrichton/cfg-if,1
2020-05-01,23287,4108,GitHub/rust-itertools/itertools,6
2020-05-01,23287,3025,GitHub/rust-itertools/itertools,1
2020-05-01,23287,4002,GitHub/rust-itertools/itertools,7
2020-05-01,23287,4113,GitHub/rust-itertools/itertools,1
2020-05-01,23287,3211,GitHub/rust-itertools/itertools,1
2020-05-01,23287,4114,GitHub/rust-itertools/itertools,2
2020-05-01,23287,1476,GitHub/rust-itertools/itertools,2
2020-05-01,23287,2485,GitHub/rust-itertools/itertools,1
2020-05-01,23287,4067,GitHub/rust-itertools/itertools,4
2020-05-01,23287,362,GitHub/rust-itertools/itertools,1
2020-05-01,23287,4068,GitHub/rust-itertools/itertools,11
2020-05-01,23287,4073,GitHub/rust-itertools/itertools,2
2020-05-01,23287,3188,GitHub/rust-itertools/itertools,3
2020-05-01,23287,3608,GitHub/rust-itertools/itertools,1
2020-05-01,24455,3490,GitHub/serde-rs/json,1
2020-05-01,24455,3756,GitHub/serde-rs/json,1
2020-05-01,24455,2912,GitHub/serde-rs/json,84
2020-05-01,24455,3003,GitHub/serde-rs/json,2
2020-05-01,24455,1476,GitHub/serde-rs/json,1
2020-05-01,24455,3527,GitHub/serde-rs/json,1
2020-05-01,24455,3629,GitHub/serde-rs/json,12
2020-05-01,24455,4745,GitHub/serde-rs/json,2
2020-05-01,24455,4757,GitHub/serde-rs/json,1
2020-05-01,25976,3043,GitHub/rust-lang/regex,32
2020-05-01,25976,4566,GitHub/rust-lang/regex,1
2020-05-01,25976,385,GitHub/rust-lang/regex,2
2020-05-01,25976,2060,GitHub/rust-lang/regex,1
2020-05-01,25976,4564,GitHub/rust-lang/regex,2
2020-05-01,25976,3698,GitHub/rust-lang/regex,5
2020-05-01,25976,2867,GitHub/rust-lang/regex,1
2020-05-01,26074,3020,GitHub/paholg/typenum,1
2020-05-01,26074,3614,GitHub/paholg/typenum,17
2020-05-01,26074,4003,GitHub/paholg/typenum,1
2020-05-01,26074,4002,GitHub/paholg/typenum,2
2020-05-01,26074,4001,GitHub/paholg/typenum,1
2020-05-01,28336,4008,GitHub/RustCrypto/traits,53
2020-05-01,28336,3718,GitHub/RustCrypto/traits,2
2020-05-01,28336,2060,GitHub/RustCrypto/traits,1
2020-05-01,28336,4017,GitHub/RustCrypto/traits,1
2020-05-01,28336,3422,GitHub/RustCrypto/traits,1
2020-05-01,28336,3452,GitHub/RustCrypto/traits,1
2020-05-01,28705,3470,GitHub/dguo/strsim-rs,1
2020-05-01,28705,707,GitHub/dguo/strsim-rs,1
2020-05-01,28877,3173,GitHub/unicode-rs/unicode-xid,4
2020-05-01,28877,3506,GitHub/unicode-rs/unicode-xid,1
2020-05-01,28877,3437,GitHub/unicode-rs/unicode-xid,2
2020-05-01,32560,3220,GitHub/BurntSushi/memchr,2
2020-05-01,32560,3043,GitHub/BurntSushi/memchr,15
2020-05-01,32560,3221,GitHub/BurntSushi/memchr,1
2020-05-01,32560,417,GitHub/BurntSushi/memchr,2
2020-05-01,32560,3222,GitHub/BurntSushi/memchr,2
2020-05-01,33435,2912,GitHub/dtolnay/itoa,4
2020-05-01,34191,3471,GitHub/RustCrypto/utils,2
2020-05-01,34191,4008,GitHub/RustCrypto/utils,1
2020-05-01,34831,3139,GitHub/rust-lang/futures-rs,1
2020-05-01,34831,3362,GitHub/rust-lang/futures-rs,2
2020-05-01,34831,4352,GitHub/rust-lang/futures-rs,7
2020-05-01,34831,3389,GitHub/rust-lang/futures-rs,1
2020-05-01,34831,4380,GitHub/rust-lang/futures-rs,1
2020-05-01,34831,4344,GitHub/rust-lang/futures-rs,7
2020-05-01,34831,4319,GitHub/rust-lang/futures-rs,1
2020-05-01,34831,4254,GitHub/rust-lang/futures-rs,5
2020-05-01,34831,4240,GitHub/rust-lang/futures-rs,1
2020-05-01,34831,4381,GitHub/rust-lang/futures-rs,5
2020-05-01,34831,3436,GitHub/rust-lang/futures-rs,1
2020-05-01,34831,1823,GitHub/rust-lang/futures-rs,3
2020-05-01,34831,3488,GitHub/rust-lang/futures-rs,1
2020-05-01,34831,2969,GitHub/rust-lang/futures-rs,8
2020-05-01,34831,3502,GitHub/rust-lang/futures-rs,13
2020-05-01,34831,3147,GitHub/rust-lang/futures-rs,1
2020-05-01,34831,3950,GitHub/rust-lang/futures-rs,2
2020-05-01,34831,4374,GitHub/rust-lang/futures-rs,44
2020-05-01,34831,3581,GitHub/rust-lang/futures-rs,4
2020-05-01,34831,3113,GitHub/rust-lang/futures-rs,1
2020-05-01,34831,1826,GitHub/rust-lang/futures-rs,1
2020-05-01,34831,3106,GitHub/rust-lang/futures-rs,3
2020-05-01,34831,3990,GitHub/rust-lang/futures-rs,1
2020-05-01,34831,1817,GitHub/rust-lang/futures-rs,1
2020-05-01,34831,611,GitHub/rust-lang/futures-rs,1
2020-05-01,34831,1824,GitHub/rust-lang/futures-rs,1
2020-05-01,34831,1825,GitHub/rust-lang/futures-rs,1
2020-05-01,34831,1821,GitHub/rust-lang/futures-rs,1
2020-05-01,34831,4379,GitHub/rust-lang/futures-rs,1
2020-05-01,34831,4378,GitHub/rust-lang/futures-rs,1
2020-05-01,34831,4375,GitHub/rust-lang/futures-rs,2
2020-05-01,35574,2890,GitHub/unicode-rs/unicode-normalization,4
2020-05-01,35574,2880,GitHub/unicode-rs/unicode-normalization,1
2020-05-01,35574,3173,GitHub/unicode-rs/unicode-normalization,4
2020-05-01,35574,2485,GitHub/unicode-rs/unicode-normalization,1
2020-05-01,35574,4623,GitHub/unicode-rs/unicode-normalization,10
2020-05-01,35737,3457,GitHub/cuviper/autocfg,1
2020-05-01,35737,3025,GitHub/cuviper/autocfg,9
2020-05-01,37083,3228,GitHub/BurntSushi/termcolor,2
2020-05-01,37083,3227,GitHub/BurntSushi/termcolor,1
2020-05-01,37083,2873,GitHub/BurntSushi/termcolor,1
2020-05-01,37083,3043,GitHub/BurntSushi/termcolor,11
2020-05-01,37101,1199,GitHub/Gilnaa/memoffset,2
2020-05-01,37101,3870,GitHub/Gilnaa/memoffset,3
2020-05-01,37101,3874,GitHub/Gilnaa/memoffset,1
2020-05-01,37101,3013,GitHub/Gilnaa/memoffset,5
2020-05-01,37612,3437,GitHub/dtolnay/quote,1
2020-05-01,37612,2912,GitHub/dtolnay/quote,12
2020-05-01,37844,155,GitHub/softprops/atty,1
2020-05-01,37844,4270,GitHub/softprops/atty,3
2020-05-01,37844,2268,GitHub/softprops/atty,1
2020-05-01,38667,3159,GitHub/bluss/indexmap,1
2020-05-01,38667,268,GitHub/bluss/indexmap,5
2020-05-01,38667,3158,GitHub/bluss/indexmap,4
2020-05-01,38667,3160,GitHub/bluss/indexmap,1
2020-05-01,38667,3025,GitHub/bluss/indexmap,9
2020-05-01,39779,4920,GitHub/time-rs/time,1
2020-05-01,39779,4612,GitHub/time-rs/time,7
2020-05-01,39779,2498,GitHub/time-rs/time,1
2020-05-01,39779,3031,GitHub/time-rs/time,1
2020-05-01,39779,4201,GitHub/time-rs/time,2
2020-05-01,39779,3951,GitHub/time-rs/time,85
2020-05-01,39779,4845,GitHub/time-rs/time,1
2020-05-01,39779,4917,GitHub/time-rs/time,1
2020-05-01,39779,3025,GitHub/time-rs/time,2
2020-05-01,39779,4918,GitHub/time-rs/time,1
2020-05-01,39779,4919,GitHub/time-rs/time,2
2020-05-01,39779,3221,GitHub/time-rs/time,1
2020-05-01,40796,3448,GitHub/cryptocorrosion/cryptocorrosion,5
2020-05-01,40796,3454,GitHub/cryptocorrosion/cryptocorrosion,1
2020-05-01,40937,785,GitHub/dtolnay/semver,1
2020-05-01,40937,3525,GitHub/dtolnay/semver,2
2020-05-01,40937,3524,GitHub/dtolnay/semver,1
2020-05-01,40937,2950,GitHub/dtolnay/semver,3
2020-05-01,41752,2428,GitHub/servo/rust-url,3
2020-05-01,41752,4864,GitHub/servo/rust-url,10
2020-05-01,41752,3413,GitHub/servo/rust-url,1
2020-05-01,41752,3404,GitHub/servo/rust-url,1
2020-05-01,41752,1252,GitHub/servo/rust-url,5
2020-05-01,41957,2912,GitHub/dtolnay/proc-macro2,16
2020-05-01,42413,2912,GitHub/dtolnay/ryu,13
2020-05-01,42655,4612,GitHub/rust-lang/socket2,1
2020-05-01,42655,168,GitHub/rust-lang/socket2,1
2020-05-01,42655,3113,GitHub/rust-lang/socket2,17
2020-05-01,42655,2123,GitHub/rust-lang/socket2,1
2020-05-01,42655,2867,GitHub/rust-lang/socket2,4
2020-05-01,44362,1889,GitHub/rust-lang/hashbrown,1
2020-05-01,44362,3205,GitHub/rust-lang/hashbrown,1
2020-05-01,44362,4426,GitHub/rust-lang/hashbrown,5
2020-05-01,44362,4430,GitHub/rust-lang/hashbrown,1
2020-05-01,44362,2968,GitHub/rust-lang/hashbrown,12
2020-05-01,44362,3025,GitHub/rust-lang/hashbrown,4
2020-05-01,44362,1888,GitHub/rust-lang/hashbrown,1
2020-05-01,45748,2912,GitHub/dtolnay/thiserror,36
2020-05-01,46027,2883,GitHub/alexcrichton/toml-rs,1
2020-05-01,46027,2867,GitHub/alexcrichton/toml-rs,1
2020-05-01,46027,2882,GitHub/alexcrichton/toml-rs,3
2020-05-01,46027,2881,GitHub/alexcrichton/toml-rs,2
2020-05-01,46027,2875,GitHub/alexcrichton/toml-rs,1
2020-05-01,46178,2976,GitHub/rust-lang-nursery/lazy-static.rs,3
2020-05-01,46178,3044,GitHub/rust-lang-nursery/lazy-static.rs,2
2020-05-01,48512,4694,GitHub/rust-random/getrandom,2
2020-05-01,48512,4692,GitHub/rust-random/getrandom,26
2020-05-01,48512,2227,GitHub/rust-random/getrandom,3
2020-05-01,48512,1402,GitHub/rust-random/getrandom,2
2020-05-01,48512,3189,GitHub/rust-random/getrandom,1
2020-05-01,49067,2900,GitHub/Amanieu/thread_local-rs,1
2020-05-01,49067,2968,GitHub/Amanieu/thread_local-rs,2
2020-05-01,49067,155,GitHub/Amanieu/thread_local-rs,1
2020-05-01,52462,3633,GitHub/Frommi/miniz_oxide,2
2020-05-01,52462,3632,GitHub/Frommi/miniz_oxide,1
2020-05-01,52462,898,GitHub/Frommi/miniz_oxide,10
2020-05-01,52465,3622,GitHub/fizyk20/generic-array,2
2020-05-01,52465,3624,GitHub/fizyk20/generic-array,3
2020-05-01,52465,3623,GitHub/fizyk20/generic-array,1
2020-05-01,52465,3607,GitHub/fizyk20/generic-array,14
2020-05-01,52465,3105,GitHub/fizyk20/generic-array,1
2020-06-01,602,4997,GitHub/unicode-rs/unicode-segmentation,4
2020-06-01,602,3173,GitHub/unicode-rs/unicode-segmentation,7
2020-06-01,602,4996,GitHub/unicode-rs/unicode-segmentation,1
2020-06-01,626,3925,GitHub/hyperium/http,1
2020-06-01,626,3878,GitHub/hyperium/http,4
2020-06-01,626,3921,GitHub/hyperium/http,1
2020-06-01,626,2988,GitHub/hyperium/http,1
2020-06-01,626,3922,GitHub/hyperium/http,8
2020-06-01,3150,3878,GitHub/seanmonstar/num_cpus,6
2020-06-01,3150,4728,GitHub/seanmonstar/num_cpus,1
2020-06-01,3509,2880,GitHub/unicode-rs/unicode-width,1
2020-06-01,4484,3043,GitHub/BurntSushi/byteorder,9
2020-06-01,4484,3184,GitHub/BurntSushi/byteorder,1
2020-06-01,4486,3360,GitHub/contain-rs/vec-map,1
2020-06-01,4486,2868,GitHub/contain-rs/vec-map,4
2020-06-01,4486,3193,GitHub/contain-rs/vec-map,3
2020-06-01,4733,2969,GitHub/dtolnay/syn,13
2020-06-01,4733,753,GitHub/dtolnay/syn,1
2020-06-01,4733,835,GitHub/dtolnay/syn,2
2020-06-01,4733,2912,GitHub/dtolnay/syn,251
2020-06-01,4733,2897,GitHub/dtolnay/syn,1
2020-06-01,4733,3568,GitHub/dtolnay/syn,1
2020-06-01,4733,3031,GitHub/dtolnay/syn,1
2020-06-01,5249,2969,GitHub/taiki-e/pin-project-lite,28
2020-06-01,6681,3473,GitHub/djc/rustc-version-rs,1
2020-06-01,7322,4821,GitHub/servo/rust-smallvec,1
2020-06-01,7322,4808,GitHub/servo/rust-smallvec,1
2020-06-01,7322,2365,GitHub/servo/rust-smallvec,1
2020-06-01,7322,3502,GitHub/servo/rust-smallvec,1
2020-06-01,7322,2988,GitHub/servo/rust-smallvec,9
2020-06-01,7322,3013,GitHub/servo/rust-smallvec,2
2020-06-01,7322,3413,GitHub/servo/rust-smallvec,6
2020-06-01,7322,3100,GitHub/servo/rust-smallvec,2
2020-06-01,7322,3025,GitHub/servo/rust-smallvec,1
2020-06-01,7322,4822,GitHub/servo/rust-smallvec,1
2020-06-01,7322,287,GitHub/servo/rust-smallvec,1
2020-06-01,7415,3043,GitHub/BurntSushi/aho-corasick,18
2020-06-01,7415,2873,GitHub/BurntSushi/aho-corasick,1
2020-06-01,7415,3179,GitHub/BurntSushi/aho-corasick,1
2020-06-01,12266,3044,GitHub/bitflags/bitflags,1
2020-06-01,12266,3052,GitHub/bitflags/bitflags,1
2020-06-01,12266,3051,GitHub/bitflags/bitflags,2
2020-06-01,13804,2909,GitHub/dtolnay/anyhow,1
2020-06-01,13804,3327,GitHub/dtolnay/anyhow,1
2020-06-01,13804,2912,GitHub/dtolnay/anyhow,30
2020-06-01,13804,3484,GitHub/dtolnay/anyhow,1
2020-06-01,14306,3025,GitHub/rust-num/num-integer,5
2020-06-01,14306,4639,GitHub/rust-num/num-integer,7
2020-06-01,16183,3575,GitHub/rust-lang/cc-rs,1
2020-06-01,16183,3035,GitHub/rust-lang/cc-rs,1
2020-06-01,16183,3631,GitHub/rust-lang/cc-rs,1
2020-06-01,16183,1611,GitHub/rust-lang/cc-rs,2
2020-06-01,16183,2912,GitHub/rust-lang/cc-rs,1
2020-06-01,16183,4187,GitHub/rust-lang/cc-rs,1
2020-06-01,16183,3971,GitHub/rust-lang/cc-rs,1
2020-06-01,16183,4200,GitHub/rust-lang/cc-rs,1
2020-06-01,16183,4204,GitHub/rust-lang/cc-rs,1
2020-06-01,16183,4201,GitHub/rust-lang/cc-rs,1
2020-06-01,16183,4198,GitHub/rust-lang/cc-rs,1
2020-06-01,16183,4197,GitHub/rust-lang/cc-rs,1
2020-06-01,16183,1581,GitHub/rust-lang/cc-rs,1
2020-06-01,16183,4205,GitHub/rust-lang/cc-rs,1
2020-06-01,16183,4199,GitHub/rust-lang/cc-rs,1
2020-06-01,16183,4202,GitHub/rust-lang/cc-rs,1
2020-06-01,16183,2867,GitHub/rust-lang/cc-rs,9
2020-06-01,16259,4681,GitHub/rust-num/num-traits,3
2020-06-01,16259,4682,GitHub/rust-num/num-traits,2
2020-06-01,16259,3025,GitHub/rust-num/num-traits,8
2020-06-01,16259,3221,GitHub/rust-num/num-traits,1
2020-06-01,16492,2911,GitHub/tokio-rs/bytes,1
2020-06-01,16492,2543,GitHub/tokio-rs/bytes,2
2020-06-01,16492,4951,GitHub/tokio-rs/bytes,1
2020-06-01,16492,3147,GitHub/tokio-rs/bytes,3
2020-06-01,16492,3015,GitHub/tokio-rs/bytes,1
2020-06-01,16492,3878,GitHub/tokio-rs/bytes,5
2020-06-01,16492,4949,GitHub/tokio-rs/bytes,2
2020-06-01,16492,4948,GitHub/tokio-rs/bytes,1
2020-06-01,16492,2969,GitHub/tokio-rs/bytes,4
2020-06-01,16492,4950,GitHub/tokio-rs/bytes,1
2020-06-01,16492,4243,GitHub/tokio-rs/bytes,1
2020-06-01,17630,3025,GitHub/bluss/either,1
2020-06-01,17630,2884,GitHub/bluss/either,1
2020-06-01,17721,3048,GitHub/matklad/once_cell,1
2020-06-01,17721,2970,GitHub/matklad/once_cell,15
2020-06-01,17721,3013,GitHub/matklad/once_cell,1
2020-06-01,17721,3951,GitHub/matklad/once_cell,1
2020-06-01,17721,3950,GitHub/matklad/once_cell,6
2020-06-01,17721,3949,GitHub/matklad/once_cell,1
2020-06-01,17721,1296,GitHub/matklad/once_cell,1
2020-06-01,17721,3025,GitHub/matklad/once_cell,1
2020-06-01,18006,3387,GitHub/crossbeam-rs/crossbeam,1
2020-06-01,18006,2969,GitHub/crossbeam-rs/crossbeam,23
2020-06-01,18006,3390,GitHub/crossbeam-rs/crossbeam,1
2020-06-01,18006,3388,GitHub/crossbeam-rs/crossbeam,5
2020-06-01,18006,3389,GitHub/crossbeam-rs/crossbeam,1
2020-06-01,18006,3362,GitHub/crossbeam-rs/crossbeam,8
2020-06-01,18006,3096,GitHub/crossbeam-rs/crossbeam,19
2020-06-01,18006,622,GitHub/crossbeam-rs/crossbeam,1
2020-06-01,18006,3393,GitHub/crossbeam-rs/crossbeam,1
2020-06-01,18006,3025,GitHub/crossbeam-rs/crossbeam,1
2020-06-01,18006,3392,GitHub/crossbeam-rs/crossbeam,1
2020-06-01,18006,3383,GitHub/crossbeam-rs/crossbeam,1
2020-06-01,18006,353,GitHub/crossbeam-rs/crossbeam,20
2020-06-01,18006,3129,GitHub/crossbeam-rs/crossbeam,2
2020-06-01,18006,3391,GitHub/crossbeam-rs/crossbeam,16
2020-06-01,18006,2268,GitHub/crossbeam-rs/crossbeam,1
2020-06-01,18006,3386,GitHub/crossbeam-rs/crossbeam,2
2020-06-01,19184,2968,GitHub/bluss/scopeguard,1
2020-06-01,19184,3048,GitHub/bluss/scopeguard,6
2020-06-01,19468,417,GitHub/servo/rust-fnv,1
2020-06-01,19468,3173,GitHub/servo/rust-fnv,2
2020-06-01,20410,2872,GitHub/mgeisler/textwrap,21
2020-06-01,20410,3973,GitHub/mgeisler/textwrap,1
2020-06-01,20699,168,GitHub/Amanieu/parking_lot,9
2020-06-01,20699,3028,GitHub/Amanieu/parking_lot,1
2020-06-01,20699,2903,GitHub/Amanieu/parking_lot,1
2020-06-01,20699,3018,GitHub/Amanieu/parking_lot,2
2020-06-01,20699,3026,GitHub/Amanieu/parking_lot,1
2020-06-01,20699,2968,GitHub/Amanieu/parking_lot,26
2020-06-01,20699,2992,GitHub/Amanieu/parking_lot,4
2020-06-01,20699,3025,GitHub/Amanieu/parking_lot,1
2020-06-01,20699,184,GitHub/Amanieu/parking_lot,6
2020-06-01,20699,3024,GitHub/Amanieu/parking_lot,2
2020-06-01,20699,2900,GitHub/Amanieu/parking_lot,1
2020-06-01,20699,3027,GitHub/Amanieu/parking_lot,5
2020-06-01,20949,981,GitHub/Geal/nom,2
2020-06-01,20949,2985,GitHub/Geal/nom,1
2020-06-01,20949,3534,GitHub/Geal/nom,39
2020-06-01,20949,1189,GitHub/Geal/nom,1
2020-06-01,20949,3682,GitHub/Geal/nom,1
2020-06-01,20949,3312,GitHub/Geal/nom,2
2020-06-01,20949,3674,GitHub/Geal/nom,1
2020-06-01,20949,3255,GitHub/Geal/nom,1
2020-06-01,20949,959,GitHub/Geal/nom,1
2020-06-01,20949,3665,GitHub/Geal/nom,4
2020-06-01,20949,966,GitHub/Geal/nom,2
2020-06-01,20949,3676,GitHub/Geal/nom,1
2020-06-01,20949,611,GitHub/Geal/nom,4
2020-06-01,20949,3667,GitHub/Geal/nom,1
2020-06-01,20949,3864,GitHub/Geal/nom,1
2020-06-01,20949,3159,GitHub/Geal/nom,1
2020-06-01,20949,3680,GitHub/Geal/nom,1
2020-06-01,20949,3675,GitHub/Geal/nom,1
2020-06-01,20949,3683,GitHub/Geal/nom,1
2020-06-01,20949,3684,GitHub/Geal/nom,1
2020-06-01,20949,3678,GitHub/Geal/nom,1
2020-06-01,20949,3868,GitHub/Geal/nom,1
2020-06-01,20949,3097,GitHub/Geal/nom,1
2020-06-01,20949,3666,GitHub/Geal/nom,1
2020-06-01,20949,3869,GitHub/Geal/nom,1
2020-06-01,20949,3651,GitHub/Geal/nom,1
2020-06-01,20949,2927,GitHub/Geal/nom,1
2020-06-01,20949,3672,GitHub/Geal/nom,1
2020-06-01,20949,3673,GitHub/Geal/nom,1
2020-06-01,20949,3677,GitHub/Geal/nom,1
2020-06-01,20949,3681,GitHub/Geal/nom,1
2020-06-01,20949,3867,GitHub/Geal/nom,1
2020-06-01,20949,1476,GitHub/Geal/nom,1
2020-06-01,20949,3865,GitHub/Geal/nom,1
2020-06-01,20949,3671,GitHub/Geal/nom,1
2020-06-01,20949,3669,GitHub/Geal/nom,2
2020-06-01,20949,2873,GitHub/Geal/nom,1
2020-06-01,20949,950,GitHub/Geal/nom,2
2020-06-01,20949,3866,GitHub/Geal/nom,1
2020-06-01,20949,1190,GitHub/Geal/nom,1
2020-06-01,20949,3679,GitHub/Geal/nom,1
2020-06-01,20949,3668,GitHub/Geal/nom,1
2020-06-01,21282,286,GitHub/bluss/arrayvec,2
2020-06-01,21282,2884,GitHub/bluss/arrayvec,1
2020-06-01,21282,268,GitHub/bluss/arrayvec,7
2020-06-01,21445,1281,GitHub/marshallpierce/rust-base64,21
2020-06-01,21445,2873,GitHub/marshallpierce/rust-base64,1
2020-06-01,21445,3942,GitHub/marshallpierce/rust-base64,1
2020-06-01,21445,1287,GitHub/marshallpierce/rust-base64,1
2020-06-01,22724,4470,GitHub/rust-lang/log,1
2020-06-01,22724,4468,GitHub/rust-lang/log,2
2020-06-01,22724,2867,GitHub/rust-lang/log,1
2020-06-01,22724,4469,GitHub/rust-lang/log,1
2020-06-01,22724,3044,GitHub/rust-lang/log,7
2020-06-01,22724,3221,GitHub/rust-lang/log,1
2020-06-01,22724,4237,GitHub/rust-lang/log,1
2020-06-01,22724,2945,GitHub/rust-lang/log,5
2020-06-01,22724,1943,GitHub/rust-lang/log,1
2020-06-01,22804,2867,GitHub/alexcrichton/cfg-if,1
2020-06-01,23287,4111,GitHub/rust-itertools/itertools,1
2020-06-01,23287,4108,GitHub/rust-itertools/itertools,6
2020-06-01,23287,4002,GitHub/rust-itertools/itertools,7
2020-06-01,23287,4067,GitHub/rust-itertools/itertools,6
2020-06-01,23287,3025,GitHub/rust-itertools/itertools,1
2020-06-01,23287,4114,GitHub/rust-itertools/itertools,2
2020-06-01,23287,3188,GitHub/rust-itertools/itertools,3
2020-06-01,23287,4073,GitHub/rust-itertools/itertools,2
2020-06-01,23287,4112,GitHub/rust-itertools/itertools,7
2020-06-01,23287,3608,GitHub/rust-itertools/itertools,1
2020-06-01,23287,4068,GitHub/rust-itertools/itertools,18
2020-06-01,23287,3211,GitHub/rust-itertools/itertools,1
2020-06-01,23287,362,GitHub/rust-itertools/itertools,1
2020-06-01,23287,2485,GitHub/rust-itertools/itertools,1
2020-06-01,23287,4113,GitHub/rust-itertools/itertools,1
2020-06-01,23287,4110,GitHub/rust-itertools/itertools,1
2020-06-01,23287,1476,GitHub/rust-itertools/itertools,2
2020-06-01,24455,3756,GitHub/serde-rs/json,1
2020-06-01,24455,3003,GitHub/serde-rs/json,2
2020-06-01,24455,1476,GitHub/serde-rs/json,1
2020-06-01,24455,4232,GitHub/serde-rs/json,4
2020-06-01,24455,2912,GitHub/serde-rs/json,107
2020-06-01,24455,3490,GitHub/serde-rs/json,1
2020-06-01,24455,3527,GitHub/serde-rs/json,1
2020-06-01,24455,4757,GitHub/serde-rs/json,1
2020-06-01,24455,4745,GitHub/serde-rs/json,2
2020-06-01,24455,3629,GitHub/serde-rs/json,12
2020-06-01,24455,2866,GitHub/serde-rs/json,1
2020-06-01,24455,3835,GitHub/serde-rs/json,1
2020-06-01,25976,3043,GitHub/rust-lang/regex,40
2020-06-01,25976,3031,GitHub/rust-lang/regex,1
2020-06-01,25976,2867,GitHub/rust-lang/regex,1
2020-06-01,25976,4563,GitHub/rust-lang/regex,4
2020-06-01,25976,2873,GitHub/rust-lang/regex,1
2020-06-01,25976,3698,GitHub/rust-lang/regex,5
2020-06-01,25976,4566,GitHub/rust-lang/regex,1
2020-06-01,25976,2060,GitHub/rust-lang/regex,1
2020-06-01,25976,4564,GitHub/rust-lang/regex,2
2020-06-01,25976,385,GitHub/rust-lang/regex,2
2020-06-01,26074,4003,GitHub/paholg/typenum,1
2020-06-01,26074,3020,GitHub/paholg/typenum,1
2020-06-01,26074,4001,GitHub/paholg/typenum,1
2020-06-01,26074,3614,GitHub/paholg/typenum,17
2020-06-01,26074,3948,GitHub/paholg/typenum,3
2020-06-01,26074,4002,GitHub/paholg/typenum,2
2020-06-01,28336,2060,GitHub/RustCrypto/traits,1
2020-06-01,28336,3452,GitHub/RustCrypto/traits,1
2020-06-01,28336,3718,GitHub/RustCrypto/traits,2
2020-06-01,28336,3422,GitHub/RustCrypto/traits,1
2020-06-01,28336,4017,GitHub/RustCrypto/traits,2
2020-06-01,28336,4008,GitHub/RustCrypto/traits,171
2020-06-01,28336,4003,GitHub/RustCrypto/traits,2
2020-06-01,28705,3470,GitHub/dguo/strsim-rs,1
2020-06-01,28705,707,GitHub/dguo/strsim-rs,1
2020-06-01,28877,3173,GitHub/unicode-rs/unicode-xid,4
2020-06-01,28877,3506,GitHub/unicode-rs/unicode-xid,1
2020-06-01,28877,5004,GitHub/unicode-rs/unicode-xid,1
2020-06-01,28877,3437,GitHub/unicode-rs/unicode-xid,2
2020-06-01,30968,3951,GitHub/SergioBenitez/version_check,1
2020-06-01,30968,2344,GitHub/SergioBenitez/version_check,1
2020-06-01,30968,2343,GitHub/SergioBenitez/version_check,1
2020-06-01,32560,3043,GitHub/BurntSushi/memchr,15
2020-06-01,32560,3222,GitHub/BurntSushi/memchr,2
2020-06-01,32560,417,GitHub/BurntSushi/memchr,2
2020-06-01,32560,3221,GitHub/BurntSushi/memchr,1
2020-06-01,32560,3220,GitHub/BurntSushi/memchr,2
2020-06-01,33435,2912,GitHub/dtolnay/itoa,9
2020-06-01,34191,3471,GitHub/RustCrypto/utils,2
2020-06-01,34191,4008,GitHub/RustCrypto/utils,21
2020-06-01,34831,3147,GitHub/rust-lang/futures-rs,1
2020-06-01,34831,4381,GitHub/rust-lang/futures-rs,5
2020-06-01,34831,1825,GitHub/rust-lang/futures-rs,1
2020-06-01,34831,2969,GitHub/rust-lang/futures-rs,17
2020-06-01,34831,4380,GitHub/rust-lang/futures-rs,1
2020-06-01,34831,3106,GitHub/rust-lang/futures-rs,3
2020-06-01,34831,3488,GitHub/rust-lang/futures-rs,1
2020-06-01,34831,4352,GitHub/rust-lang/futures-rs,7
2020-06-01,34831,4240,GitHub/rust-lang/futures-rs,1
2020-06-01,34831,1824,GitHub/rust-lang/futures-rs,1
2020-06-01,34831,1817,GitHub/rust-lang/futures-rs,1
2020-06-01,34831,4378,GitHub/rust-lang/futures-rs,1
2020-06-01,34831,4373,GitHub/rust-lang/futures-rs,1
2020-06-01,34831,204,GitHub/rust-lang/futures-rs,1
2020-06-01,34831,3990,GitHub/rust-lang/futures-rs,1
2020-06-01,34831,3113,GitHub/rust-lang/futures-rs,3
2020-06-01,34831,611,GitHub/rust-lang/futures-rs,1
2020-06-01,34831,4254,GitHub/rust-lang/futures-rs,5
2020-06-01,34831,1826,GitHub/rust-lang/futures-rs,1
2020-06-01,34831,1821,GitHub/rust-lang/futures-rs,1
2020-06-01,34831,4375,GitHub/rust-lang/futures-rs,2
2020-06-01,34831,4374,GitHub/rust-lang/futures-rs,44
2020-06-01,34831,3950,GitHub/rust-lang/futures-rs,2
2020-06-01,34831,3139,GitHub/rust-lang/futures-rs,1
2020-06-01,34831,3581,GitHub/rust-lang/futures-rs,7
2020-06-01,34831,3436,GitHub/rust-lang/futures-rs,1
2020-06-01,34831,3362,GitHub/rust-lang/futures-rs,2
2020-06-01,34831,4344,GitHub/rust-lang/futures-rs,7
2020-06-01,34831,3502,GitHub/rust-lang/futures-rs,16
2020-06-01,34831,1823,GitHub/rust-lang/futures-rs,3
2020-06-01,34831,4379,GitHub/rust-lang/futures-rs,1
2020-06-01,34831,3389,GitHub/rust-lang/futures-rs,1
2020-06-01,34831,4319,GitHub/rust-lang/futures-rs,1
2020-06-01,35574,2880,GitHub/unicode-rs/unicode-normalization,1
2020-06-01,35574,4623,GitHub/unicode-rs/unicode-normalization,10
2020-06-01,35574,2890,GitHub/unicode-rs/unicode-normalization,4
2020-06-01,35574,2485,GitHub/unicode-rs/unicode-normalization,1
2020-06-01,35574,3173,GitHub/unicode-rs/unicode-normalization,4
2020-06-01,35737,3457,GitHub/cuviper/autocfg,1
2020-06-01,35737,3025,GitHub/cuviper/autocfg,9
2020-06-01,37083,3043,GitHub/BurntSushi/termcolor,11
2020-06-01,37083,3227,GitHub/BurntSushi/termcolor,1
2020-06-01,37083,2873,GitHub/BurntSushi/termcolor,2
2020-06-01,37083,3228,GitHub/BurntSushi/termcolor,2
2020-06-01,37101,3013,GitHub/Gilnaa/memoffset,5
2020-06-01,37101,1199,GitHub/Gilnaa/memoffset,2
2020-06-01,37101,3874,GitHub/Gilnaa/memoffset,1
2020-06-01,37101,3870,GitHub/Gilnaa/memoffset,3
2020-06-01,37612,3511,GitHub/dtolnay/quote,2
2020-06-01,37612,2912,GitHub/dtolnay/quote,26
2020-06-01,37612,3403,GitHub/dtolnay/quote,1
2020-06-01,37612,3437,GitHub/dtolnay/quote,1
2020-06-01,37844,2268,GitHub/softprops/atty,1
2020-06-01,37844,4270,GitHub/softprops/atty,3
2020-06-01,37844,155,GitHub/softprops/atty,1
2020-06-01,38667,3160,GitHub/bluss/indexmap,1
2020-06-01,38667,268,GitHub/bluss/indexmap,5
2020-06-01,38667,3159,GitHub/bluss/indexmap,1
2020-06-01,38667,3158,GitHub/bluss/indexmap,4
2020-06-01,38667,3025,GitHub/bluss/indexmap,9
2020-06-01,39779,3951,GitHub/time-rs/time,91
2020-06-01,39779,4917,GitHub/time-rs/time,1
2020-06-01,39779,3025,GitHub/time-rs/time,2
2020-06-01,39779,3219,GitHub/time-rs/time,1
2020-06-01,39779,4201,GitHub/time-rs/time,2
2020-06-01,39779,4918,GitHub/time-rs/time,1
2020-06-01,39779,4919,GitHub/time-rs/time,2
2020-06-01,39779,4920,GitHub/time-rs/time,1
2020-06-01,39779,3031,GitHub/time-rs/time,1
2020-06-01,39779,4612,GitHub/time-rs/time,7
2020-06-01,39779,3221,GitHub/time-rs/time,1
2020-06-01,39779,4845,GitHub/time-rs/time,1
2020-06-01,39779,2498,GitHub/time-rs/time,1
2020-06-01,40796,3454,GitHub/cryptocorrosion/cryptocorrosion,1
2020-06-01,40796,3448,GitHub/cryptocorrosion/cryptocorrosion,13
2020-06-01,40937,3524,GitHub/dtolnay/semver,1
2020-06-01,40937,3525,GitHub/dtolnay/semver,2
2020-06-01,40937,785,GitHub/dtolnay/semver,1
2020-06-01,40937,2950,GitHub/dtolnay/semver,15
2020-06-01,41752,3404,GitHub/servo/rust-url,1
2020-06-01,41752,1252,GitHub/servo/rust-url,5
2020-06-01,41752,3413,GitHub/servo/rust-url,1
2020-06-01,41752,2428,GitHub/servo/rust-url,3
2020-06-01,41752,4864,GitHub/servo/rust-url,10
2020-06-01,41957,2912,GitHub/dtolnay/proc-macro2,139
2020-06-01,41957,3497,GitHub/dtolnay/proc-macro2,2
2020-06-01,41957,3496,GitHub/dtolnay/proc-macro2,2
2020-06-01,41957,3498,GitHub/dtolnay/proc-macro2,1
2020-06-01,42413,2912,GitHub/dtolnay/ryu,61
2020-06-01,42655,2867,GitHub/rust-lang/socket2,4
2020-06-01,42655,4604,GitHub/rust-lang/socket2,1
2020-06-01,42655,3113,GitHub/rust-lang/socket2,20
2020-06-01,42655,3067,GitHub/rust-lang/socket2,1
2020-06-01,42655,2121,GitHub/rust-lang/socket2,1
2020-06-01,42655,168,GitHub/rust-lang/socket2,1
2020-06-01,42655,4612,GitHub/rust-lang/socket2,1
2020-06-01,42655,2123,GitHub/rust-lang/socket2,1
2020-06-01,44362,4430,GitHub/rust-lang/hashbrown,1
2020-06-01,44362,2968,GitHub/rust-lang/hashbrown,12
2020-06-01,44362,3205,GitHub/rust-lang/hashbrown,1
2020-06-01,44362,1888,GitHub/rust-lang/hashbrown,1
2020-06-01,44362,1889,GitHub/rust-lang/hashbrown,1
2020-06-01,44362,4429,GitHub/rust-lang/hashbrown,11
2020-06-01,44362,3025,GitHub/rust-lang/hashbrown,4
2020-06-01,44362,4426,GitHub/rust-lang/hashbrown,5
2020-06-01,45748,2912,GitHub/dtolnay/thiserror,60
2020-06-01,46027,2883,GitHub/alexcrichton/toml-rs,1
2020-06-01,46027,2882,GitHub/alexcrichton/toml-rs,3
2020-06-01,46027,2875,GitHub/alexcrichton/toml-rs,1
2020-06-01,46027,2867,GitHub/alexcrichton/toml-rs,1
2020-06-01,46027,2880,GitHub/alexcrichton/toml-rs,1
2020-06-01,46027,2881,GitHub/alexcrichton/toml-rs,2
2020-06-01,46178,286,GitHub/rust-lang-nursery/lazy-static.rs,1
2020-06-01,46178,2873,GitHub/rust-lang-nursery/lazy-static.rs,1
2020-06-01,46178,3044,GitHub/rust-lang-nursery/lazy-static.rs,2
2020-06-01,46178,2976,GitHub/rust-lang-nursery/lazy-static.rs,3
2020-06-01,48512,3189,GitHub/rust-random/getrandom,1
2020-06-01,48512,4692,GitHub/rust-random/getrandom,33
2020-06-01,48512,1402,GitHub/rust-random/getrandom,2
2020-06-01,48512,4694,GitHub/rust-random/getrandom,2
2020-06-01,48512,2227,GitHub/rust-random/getrandom,3
2020-06-01,49067,2968,GitHub/Amanieu/thread_local-rs,2
2020-06-01,49067,155,GitHub/Amanieu/thread_local-rs,1
2020-06-01,49067,2900,GitHub/Amanieu/thread_local-rs,1
2020-06-01,52462,3633,GitHub/Frommi/miniz_oxide,2
2020-06-01,52462,3632,GitHub/Frommi/miniz_oxide,1
2020-06-01,52462,898,GitHub/Frommi/miniz_oxide,10
2020-06-01,52465,3622,GitHub/fizyk20/generic-array,2
2020-06-01,52465,3624,GitHub/fizyk20/generic-array,3
2020-06-01,52465,3623,GitHub/fizyk20/generic-array,1
2020-06-01,52465,3607,GitHub/fizyk20/generic-array,14
2020-06-01,52465,3105,GitHub/fizyk20/generic-array,1
2020-07-01,602,3173,GitHub/unicode-rs/unicode-segmentation,7
2020-07-01,602,4997,GitHub/unicode-rs/unicode-segmentation,4
2020-07-01,602,4996,GitHub/unicode-rs/unicode-segmentation,1
2020-07-01,626,3923,GitHub/hyperium/http,1
2020-07-01,626,3922,GitHub/hyperium/http,9
2020-07-01,626,3925,GitHub/hyperium/http,1
2020-07-01,626,3878,GitHub/hyperium/http,4
2020-07-01,626,2988,GitHub/hyperium/http,1
2020-07-01,626,3921,GitHub/hyperium/http,1
2020-07-01,3150,3878,GitHub/seanmonstar/num_cpus,6
2020-07-01,3150,4728,GitHub/seanmonstar/num_cpus,1
2020-07-01,3509,155,GitHub/unicode-rs/unicode-width,1
2020-07-01,3509,3173,GitHub/unicode-rs/unicode-width,2
2020-07-01,3509,2880,GitHub/unicode-rs/unicode-width,1
2020-07-01,4484,3043,GitHub/BurntSushi/byteorder,9
2020-07-01,4484,3184,GitHub/BurntSushi/byteorder,1
2020-07-01,4486,3193,GitHub/contain-rs/vec-map,3
2020-07-01,4486,2868,GitHub/contain-rs/vec-map,4
2020-07-01,4486,3360,GitHub/contain-rs/vec-map,1
2020-07-01,4733,3567,GitHub/dtolnay/syn,1
2020-07-01,4733,753,GitHub/dtolnay/syn,1
2020-07-01,4733,3031,GitHub/dtolnay/syn,1
2020-07-01,4733,835,GitHub/dtolnay/syn,2
2020-07-01,4733,2969,GitHub/dtolnay/syn,13
2020-07-01,4733,2897,GitHub/dtolnay/syn,1
2020-07-01,4733,2911,GitHub/dtolnay/syn,1
2020-07-01,4733,3568,GitHub/dtolnay/syn,1
2020-07-01,4733,2912,GitHub/dtolnay/syn,285
2020-07-01,5249,2969,GitHub/taiki-e/pin-project-lite,50
2020-07-01,6681,3473,GitHub/djc/rustc-version-rs,1
2020-07-01,7322,3013,GitHub/servo/rust-smallvec,2
2020-07-01,7322,3413,GitHub/servo/rust-smallvec,6
2020-07-01,7322,2365,GitHub/servo/rust-smallvec,1
2020-07-01,7322,4808,GitHub/servo/rust-smallvec,1
2020-07-01,7322,3502,GitHub/servo/rust-smallvec,1
2020-07-01,7322,3100,GitHub/servo/rust-smallvec,2
2020-07-01,7322,287,GitHub/servo/rust-smallvec,1
2020-07-01,7322,4821,GitHub/servo/rust-smallvec,1
2020-07-01,7322,2988,GitHub/servo/rust-smallvec,11
2020-07-01,7322,3025,GitHub/servo/rust-smallvec,1
2020-07-01,7322,741,GitHub/servo/rust-smallvec,1
2020-07-01,7322,4822,GitHub/servo/rust-smallvec,1
2020-07-01,7415,3178,GitHub/BurntSushi/aho-corasick,1
2020-07-01,7415,3043,GitHub/BurntSushi/aho-corasick,23
2020-07-01,7415,2873,GitHub/BurntSushi/aho-corasick,1
2020-07-01,7415,3179,GitHub/BurntSushi/aho-corasick,1
2020-07-01,12228,2866,GitHub/seanmonstar/httparse,2
2020-07-01,12266,3052,GitHub/bitflags/bitflags,1
2020-07-01,12266,3060,GitHub/bitflags/bitflags,5
2020-07-01,12266,3044,GitHub/bitflags/bitflags,1
2020-07-01,12266,3051,GitHub/bitflags/bitflags,2
2020-07-01,13804,2909,GitHub/dtolnay/anyhow,1
2020-07-01,13804,2912,GitHub/dtolnay/anyhow,31
2020-07-01,13804,3484,GitHub/dtolnay/anyhow,1
2020-07-01,13804,3327,GitHub/dtolnay/anyhow,1
2020-07-01,14306,3025,GitHub/rust-num/num-integer,6
2020-07-01,14306,4639,GitHub/rust-num/num-integer,7
2020-07-01,16183,4195,GitHub/rust-lang/cc-rs,1
2020-07-01,16183,2867,GitHub/rust-lang/cc-rs,11
2020-07-01,16183,4204,GitHub/rust-lang/cc-rs,1
2020-07-01,16183,4201,GitHub/rust-lang/cc-rs,1
2020-07-01,16183,4200,GitHub/rust-lang/cc-rs,1
2020-07-01,16183,4202,GitHub/rust-lang/cc-rs,1
2020-07-01,16183,4192,GitHub/rust-lang/cc-rs,1
2020-07-01,16183,4205,GitHub/rust-lang/cc-rs,1
2020-07-01,16183,4199,GitHub/rust-lang/cc-rs,1
2020-07-01,16183,4193,GitHub/rust-lang/cc-rs,1
2020-07-01,16183,3631,GitHub/rust-lang/cc-rs,1
2020-07-01,16183,4197,GitHub/rust-lang/cc-rs,1
2020-07-01,16183,4187,GitHub/rust-lang/cc-rs,1
2020-07-01,16183,1611,GitHub/rust-lang/cc-rs,2
2020-07-01,16183,4196,GitHub/rust-lang/cc-rs,2
2020-07-01,16183,3575,GitHub/rust-lang/cc-rs,1
2020-07-01,16183,3971,GitHub/rust-lang/cc-rs,1
2020-07-01,16183,4239,GitHub/rust-lang/cc-rs,1
2020-07-01,16183,3035,GitHub/rust-lang/cc-rs,1
2020-07-01,16183,4198,GitHub/rust-lang/cc-rs,1
2020-07-01,16183,1581,GitHub/rust-lang/cc-rs,1
2020-07-01,16183,2912,GitHub/rust-lang/cc-rs,1
2020-07-01,16183,4191,GitHub/rust-lang/cc-rs,1
2020-07-01,16183,4194,GitHub/rust-lang/cc-rs,1
2020-07-01,16259,3025,GitHub/rust-num/num-traits,11
2020-07-01,16259,4681,GitHub/rust-num/num-traits,3
2020-07-01,16259,3189,GitHub/rust-num/num-traits,1
2020-07-01,16259,4682,GitHub/rust-num/num-traits,2
2020-07-01,16259,3221,GitHub/rust-num/num-traits,1
2020-07-01,16492,2911,GitHub/tokio-rs/bytes,1
2020-07-01,16492,4948,GitHub/tokio-rs/bytes,1
2020-07-01,16492,3147,GitHub/tokio-rs/bytes,3
2020-07-01,16492,2969,GitHub/tokio-rs/bytes,4
2020-07-01,16492,4950,GitHub/tokio-rs/bytes,1
2020-07-01,16492,2543,GitHub/tokio-rs/bytes,2
2020-07-01,16492,4243,GitHub/tokio-rs/bytes,1
2020-07-01,16492,3015,GitHub/tokio-rs/bytes,1
2020-07-01,16492,4949,GitHub/tokio-rs/bytes,2
2020-07-01,16492,3878,GitHub/tokio-rs/bytes,6
2020-07-01,16492,4951,GitHub/tokio-rs/bytes,1
2020-07-01,17630,2884,GitHub/bluss/either,1
2020-07-01,17630,3025,GitHub/bluss/either,1
2020-07-01,17721,3950,GitHub/matklad/once_cell,6
2020-07-01,17721,3951,GitHub/matklad/once_cell,1
2020-07-01,17721,1296,GitHub/matklad/once_cell,1
2020-07-01,17721,3949,GitHub/matklad/once_cell,1
2020-07-01,17721,2970,GitHub/matklad/once_cell,15
2020-07-01,17721,3025,GitHub/matklad/once_cell,1
2020-07-01,17721,3013,GitHub/matklad/once_cell,1
2020-07-01,17721,3048,GitHub/matklad/once_cell,1
2020-07-01,18006,3388,GitHub/crossbeam-rs/crossbeam,5
2020-07-01,18006,3383,GitHub/crossbeam-rs/crossbeam,7
2020-07-01,18006,3390,GitHub/crossbeam-rs/crossbeam,1
2020-07-01,18006,353,GitHub/crossbeam-rs/crossbeam,22
2020-07-01,18006,3391,GitHub/crossbeam-rs/crossbeam,16
2020-07-01,18006,3025,GitHub/crossbeam-rs/crossbeam,1
2020-07-01,18006,3386,GitHub/crossbeam-rs/crossbeam,2
2020-07-01,18006,3362,GitHub/crossbeam-rs/crossbeam,8
2020-07-01,18006,3392,GitHub/crossbeam-rs/crossbeam,1
2020-07-01,18006,3129,GitHub/crossbeam-rs/crossbeam,2
2020-07-01,18006,2969,GitHub/crossbeam-rs/crossbeam,29
2020-07-01,18006,3385,GitHub/crossbeam-rs/crossbeam,1
2020-07-01,18006,3393,GitHub/crossbeam-rs/crossbeam,1
2020-07-01,18006,3387,GitHub/crossbeam-rs/crossbeam,1
2020-07-01,18006,622,GitHub/crossbeam-rs/crossbeam,1
2020-07-01,18006,2268,GitHub/crossbeam-rs/crossbeam,2
2020-07-01,18006,3389,GitHub/crossbeam-rs/crossbeam,1
2020-07-01,18006,3096,GitHub/crossbeam-rs/crossbeam,19
2020-07-01,19184,2968,GitHub/bluss/scopeguard,1
2020-07-01,19184,3048,GitHub/bluss/scopeguard,6
2020-07-01,19468,417,GitHub/servo/rust-fnv,1
2020-07-01,19468,3173,GitHub/servo/rust-fnv,2
2020-07-01,20410,3977,GitHub/mgeisler/textwrap,1
2020-07-01,20410,3973,GitHub/mgeisler/textwrap,1
2020-07-01,20410,2872,GitHub/mgeisler/textwrap,34
2020-07-01,20699,3027,GitHub/Amanieu/parking_lot,5
2020-07-01,20699,182,GitHub/Amanieu/parking_lot,5
2020-07-01,20699,3022,GitHub/Amanieu/parking_lot,1
2020-07-01,20699,184,GitHub/Amanieu/parking_lot,6
2020-07-01,20699,2992,GitHub/Amanieu/parking_lot,4
2020-07-01,20699,2900,GitHub/Amanieu/parking_lot,1
2020-07-01,20699,3024,GitHub/Amanieu/parking_lot,2
2020-07-01,20699,3026,GitHub/Amanieu/parking_lot,1
2020-07-01,20699,3018,GitHub/Amanieu/parking_lot,2
2020-07-01,20699,2968,GitHub/Amanieu/parking_lot,33
2020-07-01,20699,168,GitHub/Amanieu/parking_lot,9
2020-07-01,20699,2903,GitHub/Amanieu/parking_lot,1
2020-07-01,20699,3025,GitHub/Amanieu/parking_lot,1
2020-07-01,20699,3028,GitHub/Amanieu/parking_lot,1
2020-07-01,20949,3674,GitHub/Geal/nom,1
2020-07-01,20949,611,GitHub/Geal/nom,4
2020-07-01,20949,3678,GitHub/Geal/nom,1
2020-07-01,20949,2927,GitHub/Geal/nom,1
2020-07-01,20949,3097,GitHub/Geal/nom,1
2020-07-01,20949,3676,GitHub/Geal/nom,1
2020-07-01,20949,3668,GitHub/Geal/nom,1
2020-07-01,20949,3672,GitHub/Geal/nom,1
2020-07-01,20949,981,GitHub/Geal/nom,2
2020-07-01,20949,3673,GitHub/Geal/nom,1
2020-07-01,20949,3868,GitHub/Geal/nom,1
2020-07-01,20949,3677,GitHub/Geal/nom,1
2020-07-01,20949,3681,GitHub/Geal/nom,1
2020-07-01,20949,2985,GitHub/Geal/nom,1
2020-07-01,20949,966,GitHub/Geal/nom,2
2020-07-01,20949,3679,GitHub/Geal/nom,1
2020-07-01,20949,3867,GitHub/Geal/nom,1
2020-07-01,20949,3667,GitHub/Geal/nom,1
2020-07-01,20949,1476,GitHub/Geal/nom,1
2020-07-01,20949,3159,GitHub/Geal/nom,1
2020-07-01,20949,3865,GitHub/Geal/nom,1
2020-07-01,20949,3666,GitHub/Geal/nom,1
2020-07-01,20949,3534,GitHub/Geal/nom,40
2020-07-01,20949,1190,GitHub/Geal/nom,1
2020-07-01,20949,3864,GitHub/Geal/nom,1
2020-07-01,20949,3665,GitHub/Geal/nom,6
2020-07-01,20949,959,GitHub/Geal/nom,1
2020-07-01,20949,3671,GitHub/Geal/nom,1
2020-07-01,20949,3866,GitHub/Geal/nom,1
2020-07-01,20949,950,GitHub/Geal/nom,2
2020-07-01,20949,3651,GitHub/Geal/nom,1
2020-07-01,20949,1189,GitHub/Geal/nom,1
2020-07-01,20949,3680,GitHub/Geal/nom,1
2020-07-01,20949,3682,GitHub/Geal/nom,1
2020-07-01,20949,3675,GitHub/Geal/nom,1
2020-07-01,20949,3683,GitHub/Geal/nom,1
2020-07-01,20949,3255,GitHub/Geal/nom,1
2020-07-01,20949,3669,GitHub/Geal/nom,2
2020-07-01,20949,3684,GitHub/Geal/nom,1
2020-07-01,20949,3312,GitHub/Geal/nom,2
2020-07-01,20949,2873,GitHub/Geal/nom,1
2020-07-01,20949,3869,GitHub/Geal/nom,1
2020-07-01,21282,286,GitHub/bluss/arrayvec,2
2020-07-01,21282,2884,GitHub/bluss/arrayvec,1
2020-07-01,21282,3020,GitHub/bluss/arrayvec,1
2020-07-01,21282,268,GitHub/bluss/arrayvec,7
2020-07-01,21445,2873,GitHub/marshallpierce/rust-base64,1
2020-07-01,21445,3942,GitHub/marshallpierce/rust-base64,1
2020-07-01,21445,3852,GitHub/marshallpierce/rust-base64,1
2020-07-01,21445,1281,GitHub/marshallpierce/rust-base64,26
2020-07-01,21445,1287,GitHub/marshallpierce/rust-base64,1
2020-07-01,22724,4468,GitHub/rust-lang/log,2
2020-07-01,22724,4469,GitHub/rust-lang/log,1
2020-07-01,22724,1943,GitHub/rust-lang/log,1
2020-07-01,22724,4467,GitHub/rust-lang/log,1
2020-07-01,22724,2945,GitHub/rust-lang/log,5
2020-07-01,22724,2867,GitHub/rust-lang/log,1
2020-07-01,22724,3044,GitHub/rust-lang/log,13
2020-07-01,22724,3221,GitHub/rust-lang/log,1
2020-07-01,22724,4470,GitHub/rust-lang/log,1
2020-07-01,22724,4237,GitHub/rust-lang/log,1
2020-07-01,22724,2912,GitHub/rust-lang/log,1
2020-07-01,22804,2867,GitHub/alexcrichton/cfg-if,1
2020-07-01,23287,3211,GitHub/rust-itertools/itertools,1
2020-07-01,23287,3188,GitHub/rust-itertools/itertools,3
2020-07-01,23287,3608,GitHub/rust-itertools/itertools,1
2020-07-01,23287,362,GitHub/rust-itertools/itertools,1
2020-07-01,23287,4108,GitHub/rust-itertools/itertools,6
2020-07-01,23287,1476,GitHub/rust-itertools/itertools,2
2020-07-01,23287,4114,GitHub/rust-itertools/itertools,2
2020-07-01,23287,4002,GitHub/rust-itertools/itertools,7
2020-07-01,23287,4067,GitHub/rust-itertools/itertools,6
2020-07-01,23287,4111,GitHub/rust-itertools/itertools,1
2020-07-01,23287,4110,GitHub/rust-itertools/itertools,1
2020-07-01,23287,4073,GitHub/rust-itertools/itertools,2
2020-07-01,23287,4113,GitHub/rust-itertools/itertools,1
2020-07-01,23287,2485,GitHub/rust-itertools/itertools,1
2020-07-01,23287,4109,GitHub/rust-itertools/itertools,2
2020-07-01,23287,4068,GitHub/rust-itertools/itertools,36
2020-07-01,23287,3025,GitHub/rust-itertools/itertools,1
2020-07-01,23287,4112,GitHub/rust-itertools/itertools,7
2020-07-01,24455,4745,GitHub/serde-rs/json,2
2020-07-01,24455,2912,GitHub/serde-rs/json,198
2020-07-01,24455,3756,GitHub/serde-rs/json,1
2020-07-01,24455,4757,GitHub/serde-rs/json,1
2020-07-01,24455,3527,GitHub/serde-rs/json,1
2020-07-01,24455,3003,GitHub/serde-rs/json,2
2020-07-01,24455,4232,GitHub/serde-rs/json,4
2020-07-01,24455,4753,GitHub/serde-rs/json,1
2020-07-01,24455,2866,GitHub/serde-rs/json,1
2020-07-01,24455,3629,GitHub/serde-rs/json,12
2020-07-01,24455,3835,GitHub/serde-rs/json,1
2020-07-01,24455,3490,GitHub/serde-rs/json,1
2020-07-01,24455,1476,GitHub/serde-rs/json,1
2020-07-01,25976,3031,GitHub/rust-lang/regex,1
2020-07-01,25976,2873,GitHub/rust-lang/regex,1
2020-07-01,25976,385,GitHub/rust-lang/regex,2
2020-07-01,25976,2060,GitHub/rust-lang/regex,1
2020-07-01,25976,4566,GitHub/rust-lang/regex,1
2020-07-01,25976,4564,GitHub/rust-lang/regex,2
2020-07-01,25976,2867,GitHub/rust-lang/regex,1
2020-07-01,25976,4563,GitHub/rust-lang/regex,4
2020-07-01,25976,3698,GitHub/rust-lang/regex,5
2020-07-01,25976,3043,GitHub/rust-lang/regex,40
2020-07-01,26074,3614,GitHub/paholg/typenum,17
2020-07-01,26074,3948,GitHub/paholg/typenum,3
2020-07-01,26074,3020,GitHub/paholg/typenum,1
2020-07-01,26074,4002,GitHub/paholg/typenum,2
2020-07-01,26074,4003,GitHub/paholg/typenum,1
2020-07-01,26074,4001,GitHub/paholg/typenum,1
2020-07-01,28336,3452,GitHub/RustCrypto/traits,1
2020-07-01,28336,3189,GitHub/RustCrypto/traits,2
2020-07-01,28336,3718,GitHub/RustCrypto/traits,2
2020-07-01,28336,3422,GitHub/RustCrypto/traits,1
2020-07-01,28336,2060,GitHub/RustCrypto/traits,1
2020-07-01,28336,4008,GitHub/RustCrypto/traits,220
2020-07-01,28336,4017,GitHub/RustCrypto/traits,2
2020-07-01,28336,4003,GitHub/RustCrypto/traits,2
2020-07-01,28705,707,GitHub/dguo/strsim-rs,1
2020-07-01,28705,3470,GitHub/dguo/strsim-rs,1
2020-07-01,28877,3437,GitHub/unicode-rs/unicode-xid,2
2020-07-01,28877,3173,GitHub/unicode-rs/unicode-xid,6
2020-07-01,28877,3506,GitHub/unicode-rs/unicode-xid,1
2020-07-01,28877,5004,GitHub/unicode-rs/unicode-xid,1
2020-07-01,30968,2344,GitHub/SergioBenitez/version_check,1
2020-07-01,30968,2343,GitHub/SergioBenitez/version_check,1
2020-07-01,30968,3951,GitHub/SergioBenitez/version_check,1
2020-07-01,32560,3220,GitHub/BurntSushi/memchr,2
2020-07-01,32560,3043,GitHub/BurntSushi/memchr,15
2020-07-01,32560,3221,GitHub/BurntSushi/memchr,1
2020-07-01,32560,3222,GitHub/BurntSushi/memchr,2
2020-07-01,32560,417,GitHub/BurntSushi/memchr,2
2020-07-01,33435,2912,GitHub/dtolnay/itoa,14
2020-07-01,33435,741,GitHub/dtolnay/itoa,1
2020-07-01,34191,3189,GitHub/RustCrypto/utils,8
2020-07-01,34191,4008,GitHub/RustCrypto/utils,25
2020-07-01,34191,2897,GitHub/RustCrypto/utils,1
2020-07-01,34191,3471,GitHub/RustCrypto/utils,2
2020-07-01,34831,3139,GitHub/rust-lang/futures-rs,1
2020-07-01,34831,611,GitHub/rust-lang/futures-rs,1
2020-07-01,34831,4381,GitHub/rust-lang/futures-rs,5
2020-07-01,34831,4375,GitHub/rust-lang/futures-rs,2
2020-07-01,34831,4254,GitHub/rust-lang/futures-rs,5
2020-07-01,34831,1824,GitHub/rust-lang/futures-rs,1
2020-07-01,34831,3113,GitHub/rust-lang/futures-rs,3
2020-07-01,34831,204,GitHub/rust-lang/futures-rs,1
2020-07-01,34831,4379,GitHub/rust-lang/futures-rs,1
2020-07-01,34831,4378,GitHub/rust-lang/futures-rs,1
2020-07-01,34831,1825,GitHub/rust-lang/futures-rs,1
2020-07-01,34831,4319,GitHub/rust-lang/futures-rs,1
2020-07-01,34831,3950,GitHub/rust-lang/futures-rs,2
2020-07-01,34831,4240,GitHub/rust-lang/futures-rs,1
2020-07-01,34831,4373,GitHub/rust-lang/futures-rs,1
2020-07-01,34831,1823,GitHub/rust-lang/futures-rs,3
2020-07-01,34831,4344,GitHub/rust-lang/futures-rs,7
2020-07-01,34831,3488,GitHub/rust-lang/futures-rs,1
2020-07-01,34831,4374,GitHub/rust-lang/futures-rs,44
2020-07-01,34831,3581,GitHub/rust-lang/futures-rs,7
2020-07-01,34831,3502,GitHub/rust-lang/futures-rs,17
2020-07-01,34831,3389,GitHub/rust-lang/futures-rs,1
2020-07-01,34831,4352,GitHub/rust-lang/futures-rs,7
2020-07-01,34831,1826,GitHub/rust-lang/futures-rs,1
2020-07-01,34831,3362,GitHub/rust-lang/futures-rs,2
2020-07-01,34831,3990,GitHub/rust-lang/futures-rs,1
2020-07-01,34831,1821,GitHub/rust-lang/futures-rs,1
2020-07-01,34831,3147,GitHub/rust-lang/futures-rs,1
2020-07-01,34831,1817,GitHub/rust-lang/futures-rs,1
2020-07-01,34831,3436,GitHub/rust-lang/futures-rs,1
2020-07-01,34831,3106,GitHub/rust-lang/futures-rs,3
2020-07-01,34831,4380,GitHub/rust-lang/futures-rs,1
2020-07-01,34831,2969,GitHub/rust-lang/futures-rs,19
2020-07-01,35574,2880,GitHub/unicode-rs/unicode-normalization,1
2020-07-01,35574,2890,GitHub/unicode-rs/unicode-normalization,4
2020-07-01,35574,2485,GitHub/unicode-rs/unicode-normalization,1
2020-07-01,35574,4623,GitHub/unicode-rs/unicode-normalization,10
2020-07-01,35574,3173,GitHub/unicode-rs/unicode-normalization,7
2020-07-01,35737,3025,GitHub/cuviper/autocfg,9
2020-07-01,35737,3457,GitHub/cuviper/autocfg,1
2020-07-01,37083,2873,GitHub/BurntSushi/termcolor,2
2020-07-01,37083,3043,GitHub/BurntSushi/termcolor,11
2020-07-01,37083,3227,GitHub/BurntSushi/termcolor,1
2020-07-01,37083,3228,GitHub/BurntSushi/termcolor,2
2020-07-01,37101,3870,GitHub/Gilnaa/memoffset,5
2020-07-01,37101,3013,GitHub/Gilnaa/memoffset,15
2020-07-01,37101,3874,GitHub/Gilnaa/memoffset,1
2020-07-01,37101,1199,GitHub/Gilnaa/memoffset,2
2020-07-01,37612,3437,GitHub/dtolnay/quote,1
2020-07-01,37612,3511,GitHub/dtolnay/quote,2
2020-07-01,37612,2912,GitHub/dtolnay/quote,35
2020-07-01,37612,3403,GitHub/dtolnay/quote,1
2020-07-01,37844,155,GitHub/softprops/atty,1
2020-07-01,37844,4270,GitHub/softprops/atty,3
2020-07-01,37844,2268,GitHub/softprops/atty,1
2020-07-01,38667,3160,GitHub/bluss/indexmap,1
2020-07-01,38667,3025,GitHub/bluss/indexmap,31
2020-07-01,38667,3159,GitHub/bluss/indexmap,1
2020-07-01,38667,268,GitHub/bluss/indexmap,7
2020-07-01,38667,3157,GitHub/bluss/indexmap,4
2020-07-01,38667,3153,GitHub/bluss/indexmap,3
2020-07-01,38667,3158,GitHub/bluss/indexmap,4
2020-07-01,39779,4918,GitHub/time-rs/time,1
2020-07-01,39779,4920,GitHub/time-rs/time,1
2020-07-01,39779,4919,GitHub/time-rs/time,2
2020-07-01,39779,4201,GitHub/time-rs/time,2
2020-07-01,39779,3025,GitHub/time-rs/time,2
2020-07-01,39779,4845,GitHub/time-rs/time,1
2020-07-01,39779,2498,GitHub/time-rs/time,1
2020-07-01,39779,3031,GitHub/time-rs/time,1
2020-07-01,39779,4612,GitHub/time-rs/time,7
2020-07-01,39779,3951,GitHub/time-rs/time,93
2020-07-01,39779,3221,GitHub/time-rs/time,1
2020-07-01,39779,3219,GitHub/time-rs/time,1
2020-07-01,39779,4917,GitHub/time-rs/time,1
2020-07-01,40796,3448,GitHub/cryptocorrosion/cryptocorrosion,13
2020-07-01,40796,3454,GitHub/cryptocorrosion/cryptocorrosion,1
2020-07-01,40937,3524,GitHub/dtolnay/semver,1
2020-07-01,40937,2950,GitHub/dtolnay/semver,15
2020-07-01,40937,785,GitHub/dtolnay/semver,1
2020-07-01,40937,3525,GitHub/dtolnay/semver,2
2020-07-01,41752,2428,GitHub/servo/rust-url,4
2020-07-01,41752,3630,GitHub/servo/rust-url,1
2020-07-01,41752,741,GitHub/servo/rust-url,1
2020-07-01,41752,1252,GitHub/servo/rust-url,5
2020-07-01,41752,3413,GitHub/servo/rust-url,1
2020-07-01,41752,4842,GitHub/servo/rust-url,1
2020-07-01,41752,3404,GitHub/servo/rust-url,1
2020-07-01,41752,4864,GitHub/servo/rust-url,10
2020-07-01,41752,1476,GitHub/servo/rust-url,3
2020-07-01,41752,3835,GitHub/servo/rust-url,1
2020-07-01,41957,3496,GitHub/dtolnay/proc-macro2,2
2020-07-01,41957,3498,GitHub/dtolnay/proc-macro2,1
2020-07-01,41957,3497,GitHub/dtolnay/proc-macro2,2
2020-07-01,41957,2912,GitHub/dtolnay/proc-macro2,143
2020-07-01,42413,2912,GitHub/dtolnay/ryu,61
2020-07-01,42655,4611,GitHub/rust-lang/socket2,1
2020-07-01,42655,2123,GitHub/rust-lang/socket2,1
2020-07-01,42655,4612,GitHub/rust-lang/socket2,1
2020-07-01,42655,3067,GitHub/rust-lang/socket2,1
2020-07-01,42655,2121,GitHub/rust-lang/socket2,1
2020-07-01,42655,168,GitHub/rust-lang/socket2,1
2020-07-01,42655,4604,GitHub/rust-lang/socket2,1
2020-07-01,42655,2867,GitHub/rust-lang/socket2,4
2020-07-01,42655,3113,GitHub/rust-lang/socket2,20
2020-07-01,42655,4610,GitHub/rust-lang/socket2,1
2020-07-01,42677,5008,GitHub/withoutboats/heck,1
2020-07-01,44362,4430,GitHub/rust-lang/hashbrown,1
2020-07-01,44362,2968,GitHub/rust-lang/hashbrown,18
2020-07-01,44362,4426,GitHub/rust-lang/hashbrown,5
2020-07-01,44362,3205,GitHub/rust-lang/hashbrown,1
2020-07-01,44362,3063,GitHub/rust-lang/hashbrown,1
2020-07-01,44362,3025,GitHub/rust-lang/hashbrown,4
2020-07-01,44362,4429,GitHub/rust-lang/hashbrown,11
2020-07-01,44362,1888,GitHub/rust-lang/hashbrown,1
2020-07-01,44362,1889,GitHub/rust-lang/hashbrown,1
2020-07-01,45748,2912,GitHub/dtolnay/thiserror,65
2020-07-01,46027,2880,GitHub/alexcrichton/toml-rs,1
2020-07-01,46027,2882,GitHub/alexcrichton/toml-rs,3
2020-07-01,46027,2881,GitHub/alexcrichton/toml-rs,2
2020-07-01,46027,2883,GitHub/alexcrichton/toml-rs,1
2020-07-01,46027,2867,GitHub/alexcrichton/toml-rs,1
2020-07-01,46027,2875,GitHub/alexcrichton/toml-rs,1
2020-07-01,46178,741,GitHub/rust-lang-nursery/lazy-static.rs,1
2020-07-01,46178,286,GitHub/rust-lang-nursery/lazy-static.rs,5
2020-07-01,46178,2976,GitHub/rust-lang-nursery/lazy-static.rs,5
2020-07-01,46178,2873,GitHub/rust-lang-nursery/lazy-static.rs,1
2020-07-01,46178,3044,GitHub/rust-lang-nursery/lazy-static.rs,2
2020-07-01,48512,4694,GitHub/rust-random/getrandom,2
2020-07-01,48512,3189,GitHub/rust-random/getrandom,1
2020-07-01,48512,4692,GitHub/rust-random/getrandom,33
2020-07-01,48512,2227,GitHub/rust-random/getrandom,3
2020-07-01,48512,1402,GitHub/rust-random/getrandom,2
2020-07-01,49067,2968,GitHub/Amanieu/thread_local-rs,2
2020-07-01,49067,155,GitHub/Amanieu/thread_local-rs,1
2020-07-01,49067,2900,GitHub/Amanieu/thread_local-rs,1
2020-07-01,52462,2867,GitHub/Frommi/miniz_oxide,1
2020-07-01,52462,3632,GitHub/Frommi/miniz_oxide,1
2020-07-01,52462,898,GitHub/Frommi/miniz_oxide,11
2020-07-01,52462,3633,GitHub/Frommi/miniz_oxide,2
2020-07-01,52462,3631,GitHub/Frommi/miniz_oxide,1
2020-07-01,52465,3105,GitHub/fizyk20/generic-array,1
2020-07-01,52465,3623,GitHub/fizyk20/generic-array,1
2020-07-01,52465,894,GitHub/fizyk20/generic-array,2
2020-07-01,52465,3607,GitHub/fizyk20/generic-array,17
2020-07-01,52465,3624,GitHub/fizyk20/generic-array,3
2020-07-01,52465,2343,GitHub/fizyk20/generic-array,1
2020-07-01,52465,3622,GitHub/fizyk20/generic-array,4
2020-08-01,602,4997,GitHub/unicode-rs/unicode-segmentation,4
2020-08-01,602,4996,GitHub/unicode-rs/unicode-segmentation,1
2020-08-01,602,3173,GitHub/unicode-rs/unicode-segmentation,7
2020-08-01,626,3921,GitHub/hyperium/http,1
2020-08-01,626,2988,GitHub/hyperium/http,1
2020-08-01,626,3925,GitHub/hyperium/http,1
2020-08-01,626,3878,GitHub/hyperium/http,4
2020-08-01,626,3922,GitHub/hyperium/http,9
2020-08-01,626,3923,GitHub/hyperium/http,1
2020-08-01,3150,4728,GitHub/seanmonstar/num_cpus,1
2020-08-01,3150,3878,GitHub/seanmonstar/num_cpus,6
2020-08-01,3509,2880,GitHub/unicode-rs/unicode-width,1
2020-08-01,3509,155,GitHub/unicode-rs/unicode-width,1
2020-08-01,3509,3173,GitHub/unicode-rs/unicode-width,2
2020-08-01,4484,3043,GitHub/BurntSushi/byteorder,9
2020-08-01,4484,3184,GitHub/BurntSushi/byteorder,1
2020-08-01,4486,2868,GitHub/contain-rs/vec-map,4
2020-08-01,4486,3193,GitHub/contain-rs/vec-map,3
2020-08-01,4486,3360,GitHub/contain-rs/vec-map,1
2020-08-01,4733,753,GitHub/dtolnay/syn,1
2020-08-01,4733,2897,GitHub/dtolnay/syn,1
2020-08-01,4733,3031,GitHub/dtolnay/syn,1
2020-08-01,4733,3567,GitHub/dtolnay/syn,1
2020-08-01,4733,2969,GitHub/dtolnay/syn,13
2020-08-01,4733,2912,GitHub/dtolnay/syn,300
2020-08-01,4733,2911,GitHub/dtolnay/syn,1
2020-08-01,4733,3568,GitHub/dtolnay/syn,1
2020-08-01,4733,835,GitHub/dtolnay/syn,2
2020-08-01,5249,2969,GitHub/taiki-e/pin-project-lite,52
2020-08-01,6681,3473,GitHub/djc/rustc-version-rs,1
2020-08-01,6681,155,GitHub/djc/rustc-version-rs,1
2020-08-01,7322,3013,GitHub/servo/rust-smallvec,2
2020-08-01,7322,2988,GitHub/servo/rust-smallvec,13
2020-08-01,7322,4822,GitHub/servo/rust-smallvec,1
2020-08-01,7322,4815,GitHub/servo/rust-smallvec,2
2020-08-01,7322,3025,GitHub/servo/rust-smallvec,1
2020-08-01,7322,287,GitHub/servo/rust-smallvec,1
2020-08-01,7322,2365,GitHub/servo/rust-smallvec,1
2020-08-01,7322,3413,GitHub/servo/rust-smallvec,7
2020-08-01,7322,3100,GitHub/servo/rust-smallvec,2
2020-08-01,7322,4808,GitHub/servo/rust-smallvec,1
2020-08-01,7322,3502,GitHub/servo/rust-smallvec,1
2020-08-01,7322,4821,GitHub/servo/rust-smallvec,1
2020-08-01,7322,741,GitHub/servo/rust-smallvec,1
2020-08-01,7415,362,GitHub/BurntSushi/aho-corasick,1
2020-08-01,7415,3178,GitHub/BurntSushi/aho-corasick,1
2020-08-01,7415,3179,GitHub/BurntSushi/aho-corasick,1
2020-08-01,7415,3043,GitHub/BurntSushi/aho-corasick,23
2020-08-01,7415,2873,GitHub/BurntSushi/aho-corasick,1
2020-08-01,12228,4380,GitHub/seanmonstar/httparse,2
2020-08-01,12228,2256,GitHub/seanmonstar/httparse,1
2020-08-01,12228,2866,GitHub/seanmonstar/httparse,2
2020-08-01,12266,3052,GitHub/bitflags/bitflags,1
2020-08-01,12266,3051,GitHub/bitflags/bitflags,2
2020-08-01,12266,3060,GitHub/bitflags/bitflags,5
2020-08-01,12266,3044,GitHub/bitflags/bitflags,1
2020-08-01,13804,2909,GitHub/dtolnay/anyhow,1
2020-08-01,13804,3327,GitHub/dtolnay/anyhow,1
2020-08-01,13804,3484,GitHub/dtolnay/anyhow,1
2020-08-01,13804,2912,GitHub/dtolnay/anyhow,35
2020-08-01,14306,4639,GitHub/rust-num/num-integer,7
2020-08-01,14306,3025,GitHub/rust-num/num-integer,6
2020-08-01,16183,4239,GitHub/rust-lang/cc-rs,1
2020-08-01,16183,4187,GitHub/rust-lang/cc-rs,1
2020-08-01,16183,3631,GitHub/rust-lang/cc-rs,1
2020-08-01,16183,3971,GitHub/rust-lang/cc-rs,1
2020-08-01,16183,3575,GitHub/rust-lang/cc-rs,1
2020-08-01,16183,1581,GitHub/rust-lang/cc-rs,1
2020-08-01,16183,4198,GitHub/rust-lang/cc-rs,1
2020-08-01,16183,4195,GitHub/rust-lang/cc-rs,1
2020-08-01,16183,4188,GitHub/rust-lang/cc-rs,1
2020-08-01,16183,4190,GitHub/rust-lang/cc-rs,1
2020-08-01,16183,4192,GitHub/rust-lang/cc-rs,1
2020-08-01,16183,4200,GitHub/rust-lang/cc-rs,1
2020-08-01,16183,1577,GitHub/rust-lang/cc-rs,1
2020-08-01,16183,4193,GitHub/rust-lang/cc-rs,1
2020-08-01,16183,4204,GitHub/rust-lang/cc-rs,1
2020-08-01,16183,4197,GitHub/rust-lang/cc-rs,1
2020-08-01,16183,3035,GitHub/rust-lang/cc-rs,1
2020-08-01,16183,4196,GitHub/rust-lang/cc-rs,2
2020-08-01,16183,4202,GitHub/rust-lang/cc-rs,1
2020-08-01,16183,4199,GitHub/rust-lang/cc-rs,1
2020-08-01,16183,1596,GitHub/rust-lang/cc-rs,1
2020-08-01,16183,4189,GitHub/rust-lang/cc-rs,1
2020-08-01,16183,4201,GitHub/rust-lang/cc-rs,1
2020-08-01,16183,2912,GitHub/rust-lang/cc-rs,1
2020-08-01,16183,4194,GitHub/rust-lang/cc-rs,1
2020-08-01,16183,4205,GitHub/rust-lang/cc-rs,1
2020-08-01,16183,4191,GitHub/rust-lang/cc-rs,1
2020-08-01,16183,2867,GitHub/rust-lang/cc-rs,13
2020-08-01,16183,2927,GitHub/rust-lang/cc-rs,1
2020-08-01,16183,1611,GitHub/rust-lang/cc-rs,2
2020-08-01,16259,3221,GitHub/rust-num/num-traits,1
2020-08-01,16259,2208,GitHub/rust-num/num-traits,2
2020-08-01,16259,3189,GitHub/rust-num/num-traits,1
2020-08-01,16259,4681,GitHub/rust-num/num-traits,3
2020-08-01,16259,4680,GitHub/rust-num/num-traits,1
2020-08-01,16259,3025,GitHub/rust-num/num-traits,11
2020-08-01,16259,4682,GitHub/rust-num/num-traits,2
2020-08-01,16259,3192,GitHub/rust-num/num-traits,1
2020-08-01,16492,2543,GitHub/tokio-rs/bytes,2
2020-08-01,16492,2911,GitHub/tokio-rs/bytes,1
2020-08-01,16492,2969,GitHub/tokio-rs/bytes,6
2020-08-01,16492,2541,GitHub/tokio-rs/bytes,1
2020-08-01,16492,3147,GitHub/tokio-rs/bytes,3
2020-08-01,16492,3498,GitHub/tokio-rs/bytes,2
2020-08-01,16492,4948,GitHub/tokio-rs/bytes,1
2020-08-01,16492,3015,GitHub/tokio-rs/bytes,1
2020-08-01,16492,4243,GitHub/tokio-rs/bytes,1
2020-08-01,16492,4950,GitHub/tokio-rs/bytes,1
2020-08-01,16492,3878,GitHub/tokio-rs/bytes,8
2020-08-01,16492,4214,GitHub/tokio-rs/bytes,1
2020-08-01,16492,4951,GitHub/tokio-rs/bytes,1
2020-08-01,16492,4949,GitHub/tokio-rs/bytes,2
2020-08-01,16492,2900,GitHub/tokio-rs/bytes,2
2020-08-01,17630,2884,GitHub/bluss/either,1
2020-08-01,17630,3025,GitHub/bluss/either,1
2020-08-01,17630,3123,GitHub/bluss/either,1
2020-08-01,17721,2970,GitHub/matklad/once_cell,15
2020-08-01,17721,3025,GitHub/matklad/once_cell,1
2020-08-01,17721,3013,GitHub/matklad/once_cell,1
2020-08-01,17721,1296,GitHub/matklad/once_cell,1
2020-08-01,17721,3949,GitHub/matklad/once_cell,1
2020-08-01,17721,3048,GitHub/matklad/once_cell,1
2020-08-01,17721,3950,GitHub/matklad/once_cell,6
2020-08-01,17721,3951,GitHub/matklad/once_cell,1
2020-08-01,18006,3389,GitHub/crossbeam-rs/crossbeam,1
2020-08-01,18006,2969,GitHub/crossbeam-rs/crossbeam,29
2020-08-01,18006,3392,GitHub/crossbeam-rs/crossbeam,1
2020-08-01,18006,3387,GitHub/crossbeam-rs/crossbeam,1
2020-08-01,18006,3391,GitHub/crossbeam-rs/crossbeam,16
2020-08-01,18006,3393,GitHub/crossbeam-rs/crossbeam,1
2020-08-01,18006,3025,GitHub/crossbeam-rs/crossbeam,1
2020-08-01,18006,3385,GitHub/crossbeam-rs/crossbeam,1
2020-08-01,18006,3390,GitHub/crossbeam-rs/crossbeam,1
2020-08-01,18006,3362,GitHub/crossbeam-rs/crossbeam,8
2020-08-01,18006,3129,GitHub/crossbeam-rs/crossbeam,2
2020-08-01,18006,3386,GitHub/crossbeam-rs/crossbeam,2
2020-08-01,18006,622,GitHub/crossbeam-rs/crossbeam,1
2020-08-01,18006,3388,GitHub/crossbeam-rs/crossbeam,5
2020-08-01,18006,3096,GitHub/crossbeam-rs/crossbeam,19
2020-08-01,18006,3382,GitHub/crossbeam-rs/crossbeam,1
2020-08-01,18006,353,GitHub/crossbeam-rs/crossbeam,24
2020-08-01,18006,2268,GitHub/crossbeam-rs/crossbeam,2
2020-08-01,18006,3383,GitHub/crossbeam-rs/crossbeam,7
2020-08-01,19184,3048,GitHub/bluss/scopeguard,6
2020-08-01,19184,2968,GitHub/bluss/scopeguard,1
2020-08-01,19468,417,GitHub/servo/rust-fnv,1
2020-08-01,19468,3173,GitHub/servo/rust-fnv,2
2020-08-01,20410,3973,GitHub/mgeisler/textwrap,1
2020-08-01,20410,3977,GitHub/mgeisler/textwrap,1
2020-08-01,20410,2872,GitHub/mgeisler/textwrap,48
2020-08-01,20699,2903,GitHub/Amanieu/parking_lot,1
2020-08-01,20699,168,GitHub/Amanieu/parking_lot,9
2020-08-01,20699,2900,GitHub/Amanieu/parking_lot,1
2020-08-01,20699,3028,GitHub/Amanieu/parking_lot,1
2020-08-01,20699,3026,GitHub/Amanieu/parking_lot,1
2020-08-01,20699,3025,GitHub/Amanieu/parking_lot,1
2020-08-01,20699,3027,GitHub/Amanieu/parking_lot,5
2020-08-01,20699,184,GitHub/Amanieu/parking_lot,6
2020-08-01,20699,2992,GitHub/Amanieu/parking_lot,4
2020-08-01,20699,182,GitHub/Amanieu/parking_lot,5
2020-08-01,20699,2968,GitHub/Amanieu/parking_lot,35
2020-08-01,20699,3022,GitHub/Amanieu/parking_lot,1
2020-08-01,20699,3021,GitHub/Amanieu/parking_lot,2
2020-08-01,20699,3024,GitHub/Amanieu/parking_lot,2
2020-08-01,20699,3018,GitHub/Amanieu/parking_lot,2
2020-08-01,20949,3867,GitHub/Geal/nom,1
2020-08-01,20949,2927,GitHub/Geal/nom,1
2020-08-01,20949,3672,GitHub/Geal/nom,1
2020-08-01,20949,3673,GitHub/Geal/nom,1
2020-08-01,20949,3668,GitHub/Geal/nom,1
2020-08-01,20949,1189,GitHub/Geal/nom,1
2020-08-01,20949,3682,GitHub/Geal/nom,1
2020-08-01,20949,3312,GitHub/Geal/nom,2
2020-08-01,20949,3674,GitHub/Geal/nom,1
2020-08-01,20949,3679,GitHub/Geal/nom,1
2020-08-01,20949,3255,GitHub/Geal/nom,1
2020-08-01,20949,1190,GitHub/Geal/nom,1
2020-08-01,20949,959,GitHub/Geal/nom,1
2020-08-01,20949,3665,GitHub/Geal/nom,6
2020-08-01,20949,3866,GitHub/Geal/nom,1
2020-08-01,20949,966,GitHub/Geal/nom,2
2020-08-01,20949,950,GitHub/Geal/nom,2
2020-08-01,20949,3676,GitHub/Geal/nom,1
2020-08-01,20949,611,GitHub/Geal/nom,4
2020-08-01,20949,3667,GitHub/Geal/nom,1
2020-08-01,20949,3864,GitHub/Geal/nom,1
2020-08-01,20949,2873,GitHub/Geal/nom,1
2020-08-01,20949,3669,GitHub/Geal/nom,2
2020-08-01,20949,3159,GitHub/Geal/nom,1
2020-08-01,20949,3680,GitHub/Geal/nom,1
2020-08-01,20949,3675,GitHub/Geal/nom,1
2020-08-01,20949,3683,GitHub/Geal/nom,1
2020-08-01,20949,3684,GitHub/Geal/nom,1
2020-08-01,20949,3671,GitHub/Geal/nom,1
2020-08-01,20949,2985,GitHub/Geal/nom,1
2020-08-01,20949,3678,GitHub/Geal/nom,1
2020-08-01,20949,3868,GitHub/Geal/nom,1
2020-08-01,20949,3097,GitHub/Geal/nom,1
2020-08-01,20949,3863,GitHub/Geal/nom,1
2020-08-01,20949,3666,GitHub/Geal/nom,1
2020-08-01,20949,3865,GitHub/Geal/nom,1
2020-08-01,20949,1476,GitHub/Geal/nom,1
2020-08-01,20949,3869,GitHub/Geal/nom,1
2020-08-01,20949,3651,GitHub/Geal/nom,1
2020-08-01,20949,3681,GitHub/Geal/nom,1
2020-08-01,20949,981,GitHub/Geal/nom,2
2020-08-01,20949,3677,GitHub/Geal/nom,1
2020-08-01,20949,3534,GitHub/Geal/nom,40
2020-08-01,21282,2884,GitHub/bluss/arrayvec,1
2020-08-01,21282,286,GitHub/bluss/arrayvec,2
2020-08-01,21282,268,GitHub/bluss/arrayvec,7
2020-08-01,21282,3020,GitHub/bluss/arrayvec,1
2020-08-01,21445,1281,GitHub/marshallpierce/rust-base64,28
2020-08-01,21445,3942,GitHub/marshallpierce/rust-base64,1
2020-08-01,21445,1287,GitHub/marshallpierce/rust-base64,1
2020-08-01,21445,3941,GitHub/marshallpierce/rust-base64,1
2020-08-01,21445,2873,GitHub/marshallpierce/rust-base64,1
2020-08-01,21445,3852,GitHub/marshallpierce/rust-base64,1
2020-08-01,22724,3221,GitHub/rust-lang/log,1
2020-08-01,22724,2945,GitHub/rust-lang/log,5
2020-08-01,22724,4467,GitHub/rust-lang/log,1
2020-08-01,22724,4237,GitHub/rust-lang/log,1
2020-08-01,22724,4468,GitHub/rust-lang/log,2
2020-08-01,22724,3044,GitHub/rust-lang/log,17
2020-08-01,22724,4470,GitHub/rust-lang/log,1
2020-08-01,22724,2912,GitHub/rust-lang/log,1
2020-08-01,22724,2867,GitHub/rust-lang/log,1
2020-08-01,22724,4469,GitHub/rust-lang/log,1
2020-08-01,22724,4489,GitHub/rust-lang/log,3
2020-08-01,22724,1943,GitHub/rust-lang/log,1
2020-08-01,22804,2867,GitHub/alexcrichton/cfg-if,3
2020-08-01,23287,4114,GitHub/rust-itertools/itertools,2
2020-08-01,23287,362,GitHub/rust-itertools/itertools,2
2020-08-01,23287,3025,GitHub/rust-itertools/itertools,1
2020-08-01,23287,4109,GitHub/rust-itertools/itertools,2
2020-08-01,23287,4068,GitHub/rust-itertools/itertools,52
2020-08-01,23287,4110,GitHub/rust-itertools/itertools,1
2020-08-01,23287,4073,GitHub/rust-itertools/itertools,2
2020-08-01,23287,4002,GitHub/rust-itertools/itertools,7
2020-08-01,23287,1476,GitHub/rust-itertools/itertools,2
2020-08-01,23287,4108,GitHub/rust-itertools/itertools,14
2020-08-01,23287,4112,GitHub/rust-itertools/itertools,7
2020-08-01,23287,3188,GitHub/rust-itertools/itertools,3
2020-08-01,23287,3211,GitHub/rust-itertools/itertools,1
2020-08-01,23287,4111,GitHub/rust-itertools/itertools,1
2020-08-01,23287,2485,GitHub/rust-itertools/itertools,1
2020-08-01,23287,4067,GitHub/rust-itertools/itertools,6
2020-08-01,23287,4088,GitHub/rust-itertools/itertools,9
2020-08-01,23287,1496,GitHub/rust-itertools/itertools,52
2020-08-01,23287,3608,GitHub/rust-itertools/itertools,1
2020-08-01,23287,4113,GitHub/rust-itertools/itertools,1
2020-08-01,23287,1494,GitHub/rust-itertools/itertools,1
2020-08-01,24455,4757,GitHub/serde-rs/json,1
2020-08-01,24455,4232,GitHub/serde-rs/json,4
2020-08-01,24455,4752,GitHub/serde-rs/json,1
2020-08-01,24455,3527,GitHub/serde-rs/json,1
2020-08-01,24455,2866,GitHub/serde-rs/json,1
2020-08-01,24455,3629,GitHub/serde-rs/json,12
2020-08-01,24455,3490,GitHub/serde-rs/json,1
2020-08-01,24455,3003,GitHub/serde-rs/json,2
2020-08-01,24455,3756,GitHub/serde-rs/json,1
2020-08-01,24455,2912,GitHub/serde-rs/json,204
2020-08-01,24455,1476,GitHub/serde-rs/json,1
2020-08-01,24455,4745,GitHub/serde-rs/json,2
2020-08-01,24455,3835,GitHub/serde-rs/json,1
2020-08-01,24455,4753,GitHub/serde-rs/json,1
2020-08-01,25976,3940,GitHub/rust-lang/regex,1
2020-08-01,25976,4563,GitHub/rust-lang/regex,4
2020-08-01,25976,2060,GitHub/rust-lang/regex,1
2020-08-01,25976,2867,GitHub/rust-lang/regex,1
2020-08-01,25976,3464,GitHub/rust-lang/regex,1
2020-08-01,25976,4566,GitHub/rust-lang/regex,1
2020-08-01,25976,3031,GitHub/rust-lang/regex,1
2020-08-01,25976,2873,GitHub/rust-lang/regex,1
2020-08-01,25976,4564,GitHub/rust-lang/regex,2
2020-08-01,25976,3043,GitHub/rust-lang/regex,40
2020-08-01,25976,4562,GitHub/rust-lang/regex,1
2020-08-01,25976,385,GitHub/rust-lang/regex,2
2020-08-01,25976,3698,GitHub/rust-lang/regex,5
2020-08-01,26074,3614,GitHub/paholg/typenum,17
2020-08-01,26074,3020,GitHub/paholg/typenum,1
2020-08-01,26074,3948,GitHub/paholg/typenum,3
2020-08-01,26074,4002,GitHub/paholg/typenum,2
2020-08-01,26074,4001,GitHub/paholg/typenum,1
2020-08-01,26074,4003,GitHub/paholg/typenum,1
2020-08-01,26074,3999,GitHub/paholg/typenum,4
2020-08-01,28336,4003,GitHub/RustCrypto/traits,2
2020-08-01,28336,3718,GitHub/RustCrypto/traits,2
2020-08-01,28336,3422,GitHub/RustCrypto/traits,1
2020-08-01,28336,3452,GitHub/RustCrypto/traits,1
2020-08-01,28336,4017,GitHub/RustCrypto/traits,2
2020-08-01,28336,3189,GitHub/RustCrypto/traits,6
2020-08-01,28336,2060,GitHub/RustCrypto/traits,1
2020-08-01,28336,4008,GitHub/RustCrypto/traits,243
2020-08-01,28705,707,GitHub/dguo/strsim-rs,1
2020-08-01,28705,3470,GitHub/dguo/strsim-rs,1
2020-08-01,28877,3506,GitHub/unicode-rs/unicode-xid,1
2020-08-01,28877,3173,GitHub/unicode-rs/unicode-xid,6
2020-08-01,28877,5004,GitHub/unicode-rs/unicode-xid,1
2020-08-01,28877,3437,GitHub/unicode-rs/unicode-xid,2
2020-08-01,30968,3951,GitHub/SergioBenitez/version_check,1
2020-08-01,30968,2343,GitHub/SergioBenitez/version_check,1
2020-08-01,30968,2344,GitHub/SergioBenitez/version_check,1
2020-08-01,32560,3220,GitHub/BurntSushi/memchr,2
2020-08-01,32560,3222,GitHub/BurntSushi/memchr,2
2020-08-01,32560,417,GitHub/BurntSushi/memchr,2
2020-08-01,32560,3221,GitHub/BurntSushi/memchr,1
2020-08-01,32560,3043,GitHub/BurntSushi/memchr,15
2020-08-01,33435,2912,GitHub/dtolnay/itoa,14
2020-08-01,33435,741,GitHub/dtolnay/itoa,1
2020-08-01,34191,3471,GitHub/RustCrypto/utils,2
2020-08-01,34191,4008,GitHub/RustCrypto/utils,25
2020-08-01,34191,3097,GitHub/RustCrypto/utils,1
2020-08-01,34191,2897,GitHub/RustCrypto/utils,1
2020-08-01,34191,3189,GitHub/RustCrypto/utils,23
2020-08-01,34831,1817,GitHub/rust-lang/futures-rs,1
2020-08-01,34831,1826,GitHub/rust-lang/futures-rs,1
2020-08-01,34831,4379,GitHub/rust-lang/futures-rs,1
2020-08-01,34831,3950,GitHub/rust-lang/futures-rs,2
2020-08-01,34831,4254,GitHub/rust-lang/futures-rs,5
2020-08-01,34831,1824,GitHub/rust-lang/futures-rs,1
2020-08-01,34831,3113,GitHub/rust-lang/futures-rs,3
2020-08-01,34831,611,GitHub/rust-lang/futures-rs,1
2020-08-01,34831,3502,GitHub/rust-lang/futures-rs,17
2020-08-01,34831,4344,GitHub/rust-lang/futures-rs,7
2020-08-01,34831,4378,GitHub/rust-lang/futures-rs,1
2020-08-01,34831,4319,GitHub/rust-lang/futures-rs,1
2020-08-01,34831,2969,GitHub/rust-lang/futures-rs,19
2020-08-01,34831,4381,GitHub/rust-lang/futures-rs,5
2020-08-01,34831,4380,GitHub/rust-lang/futures-rs,1
2020-08-01,34831,3106,GitHub/rust-lang/futures-rs,3
2020-08-01,34831,3389,GitHub/rust-lang/futures-rs,1
2020-08-01,34831,4373,GitHub/rust-lang/futures-rs,1
2020-08-01,34831,3436,GitHub/rust-lang/futures-rs,1
2020-08-01,34831,3362,GitHub/rust-lang/futures-rs,2
2020-08-01,34831,3581,GitHub/rust-lang/futures-rs,7
2020-08-01,34831,4374,GitHub/rust-lang/futures-rs,44
2020-08-01,34831,3147,GitHub/rust-lang/futures-rs,1
2020-08-01,34831,1825,GitHub/rust-lang/futures-rs,1
2020-08-01,34831,3139,GitHub/rust-lang/futures-rs,1
2020-08-01,34831,1821,GitHub/rust-lang/futures-rs,1
2020-08-01,34831,3990,GitHub/rust-lang/futures-rs,1
2020-08-01,34831,4352,GitHub/rust-lang/futures-rs,7
2020-08-01,34831,3488,GitHub/rust-lang/futures-rs,1
2020-08-01,34831,4240,GitHub/rust-lang/futures-rs,1
2020-08-01,34831,4375,GitHub/rust-lang/futures-rs,2
2020-08-01,34831,1823,GitHub/rust-lang/futures-rs,3
2020-08-01,34831,204,GitHub/rust-lang/futures-rs,1
2020-08-01,35574,2880,GitHub/unicode-rs/unicode-normalization,1
2020-08-01,35574,2970,GitHub/unicode-rs/unicode-normalization,1
2020-08-01,35574,2485,GitHub/unicode-rs/unicode-normalization,1
2020-08-01,35574,4623,GitHub/unicode-rs/unicode-normalization,10
2020-08-01,35574,2890,GitHub/unicode-rs/unicode-normalization,4
2020-08-01,35574,3173,GitHub/unicode-rs/unicode-normalization,8
2020-08-01,35737,3025,GitHub/cuviper/autocfg,9
2020-08-01,35737,3457,GitHub/cuviper/autocfg,1
2020-08-01,36424,2877,GitHub/steveklabnik/semver-parser,2
2020-08-01,36424,2950,GitHub/steveklabnik/semver-parser,1
2020-08-01,37083,3043,GitHub/BurntSushi/termcolor,11
2020-08-01,37083,3228,GitHub/BurntSushi/termcolor,2
2020-08-01,37083,3227,GitHub/BurntSushi/termcolor,1
2020-08-01,37083,2873,GitHub/BurntSushi/termcolor,2
2020-08-01,37101,3874,GitHub/Gilnaa/memoffset,1
2020-08-01,37101,3870,GitHub/Gilnaa/memoffset,5
2020-08-01,37101,3013,GitHub/Gilnaa/memoffset,15
2020-08-01,37101,1199,GitHub/Gilnaa/memoffset,3
2020-08-01,37101,3873,GitHub/Gilnaa/memoffset,1
2020-08-01,37612,3511,GitHub/dtolnay/quote,2
2020-08-01,37612,3437,GitHub/dtolnay/quote,1
2020-08-01,37612,3403,GitHub/dtolnay/quote,1
2020-08-01,37612,2912,GitHub/dtolnay/quote,37
2020-08-01,37844,155,GitHub/softprops/atty,1
2020-08-01,37844,2268,GitHub/softprops/atty,1
2020-08-01,37844,4270,GitHub/softprops/atty,3
2020-08-01,38667,3153,GitHub/bluss/indexmap,3
2020-08-01,38667,3157,GitHub/bluss/indexmap,4
2020-08-01,38667,3159,GitHub/bluss/indexmap,1
2020-08-01,38667,3158,GitHub/bluss/indexmap,4
2020-08-01,38667,3025,GitHub/bluss/indexmap,63
2020-08-01,38667,3160,GitHub/bluss/indexmap,1
2020-08-01,38667,268,GitHub/bluss/indexmap,8
2020-08-01,39779,3221,GitHub/time-rs/time,1
2020-08-01,39779,3951,GitHub/time-rs/time,93
2020-08-01,39779,4919,GitHub/time-rs/time,2
2020-08-01,39779,2498,GitHub/time-rs/time,1
2020-08-01,39779,3031,GitHub/time-rs/time,1
2020-08-01,39779,4201,GitHub/time-rs/time,2
2020-08-01,39779,4917,GitHub/time-rs/time,1
2020-08-01,39779,4845,GitHub/time-rs/time,1
2020-08-01,39779,4920,GitHub/time-rs/time,1
2020-08-01,39779,3025,GitHub/time-rs/time,2
2020-08-01,39779,3219,GitHub/time-rs/time,1
2020-08-01,39779,4918,GitHub/time-rs/time,1
2020-08-01,39779,4612,GitHub/time-rs/time,7
2020-08-01,40796,3448,GitHub/cryptocorrosion/cryptocorrosion,13
2020-08-01,40796,3454,GitHub/cryptocorrosion/cryptocorrosion,1
2020-08-01,40937,3525,GitHub/dtolnay/semver,2
2020-08-01,40937,2950,GitHub/dtolnay/semver,16
2020-08-01,40937,3523,GitHub/dtolnay/semver,5
2020-08-01,40937,3524,GitHub/dtolnay/semver,1
2020-08-01,40937,2877,GitHub/dtolnay/semver,4
2020-08-01,40937,785,GitHub/dtolnay/semver,1
2020-08-01,41752,1252,GitHub/servo/rust-url,5
2020-08-01,41752,741,GitHub/servo/rust-url,1
2020-08-01,41752,2428,GitHub/servo/rust-url,4
2020-08-01,41752,3630,GitHub/servo/rust-url,1
2020-08-01,41752,4864,GitHub/servo/rust-url,10
2020-08-01,41752,3413,GitHub/servo/rust-url,1
2020-08-01,41752,3404,GitHub/servo/rust-url,1
2020-08-01,41752,3835,GitHub/servo/rust-url,1
2020-08-01,41752,1476,GitHub/servo/rust-url,3
2020-08-01,41752,4842,GitHub/servo/rust-url,1
2020-08-01,41957,3496,GitHub/dtolnay/proc-macro2,2
2020-08-01,41957,2912,GitHub/dtolnay/proc-macro2,145
2020-08-01,41957,3069,GitHub/dtolnay/proc-macro2,1
2020-08-01,41957,3497,GitHub/dtolnay/proc-macro2,2
2020-08-01,41957,3498,GitHub/dtolnay/proc-macro2,1
2020-08-01,42413,2912,GitHub/dtolnay/ryu,61
2020-08-01,42655,4604,GitHub/rust-lang/socket2,1
2020-08-01,42655,4610,GitHub/rust-lang/socket2,1
2020-08-01,42655,2123,GitHub/rust-lang/socket2,1
2020-08-01,42655,4612,GitHub/rust-lang/socket2,1
2020-08-01,42655,4611,GitHub/rust-lang/socket2,1
2020-08-01,42655,3067,GitHub/rust-lang/socket2,1
2020-08-01,42655,2121,GitHub/rust-lang/socket2,1
2020-08-01,42655,2867,GitHub/rust-lang/socket2,4
2020-08-01,42655,3113,GitHub/rust-lang/socket2,20
2020-08-01,42655,168,GitHub/rust-lang/socket2,1
2020-08-01,42677,5008,GitHub/withoutboats/heck,1
2020-08-01,44362,4430,GitHub/rust-lang/hashbrown,1
2020-08-01,44362,2968,GitHub/rust-lang/hashbrown,25
2020-08-01,44362,4426,GitHub/rust-lang/hashbrown,5
2020-08-01,44362,3063,GitHub/rust-lang/hashbrown,1
2020-08-01,44362,3025,GitHub/rust-lang/hashbrown,6
2020-08-01,44362,3205,GitHub/rust-lang/hashbrown,1
2020-08-01,44362,4428,GitHub/rust-lang/hashbrown,2
2020-08-01,44362,1888,GitHub/rust-lang/hashbrown,1
2020-08-01,44362,2988,GitHub/rust-lang/hashbrown,1
2020-08-01,44362,1889,GitHub/rust-lang/hashbrown,1
2020-08-01,44362,3362,GitHub/rust-lang/hashbrown,16
2020-08-01,44362,4429,GitHub/rust-lang/hashbrown,11
2020-08-01,45748,2912,GitHub/dtolnay/thiserror,67
2020-08-01,46027,2875,GitHub/alexcrichton/toml-rs,1
2020-08-01,46027,2881,GitHub/alexcrichton/toml-rs,2
2020-08-01,46027,2867,GitHub/alexcrichton/toml-rs,1
2020-08-01,46027,2880,GitHub/alexcrichton/toml-rs,1
2020-08-01,46027,2883,GitHub/alexcrichton/toml-rs,1
2020-08-01,46027,2882,GitHub/alexcrichton/toml-rs,3
2020-08-01,46178,2873,GitHub/rust-lang-nursery/lazy-static.rs,1
2020-08-01,46178,3044,GitHub/rust-lang-nursery/lazy-static.rs,2
2020-08-01,46178,155,GitHub/rust-lang-nursery/lazy-static.rs,1
2020-08-01,46178,741,GitHub/rust-lang-nursery/lazy-static.rs,1
2020-08-01,46178,2976,GitHub/rust-lang-nursery/lazy-static.rs,5
2020-08-01,46178,286,GitHub/rust-lang-nursery/lazy-static.rs,5
2020-08-01,48512,3189,GitHub/rust-random/getrandom,2
2020-08-01,48512,2227,GitHub/rust-random/getrandom,3
2020-08-01,48512,1402,GitHub/rust-random/getrandom,2
2020-08-01,48512,4694,GitHub/rust-random/getrandom,2
2020-08-01,48512,4692,GitHub/rust-random/getrandom,36
2020-08-01,49067,155,GitHub/Amanieu/thread_local-rs,1
2020-08-01,49067,2968,GitHub/Amanieu/thread_local-rs,2
2020-08-01,49067,2900,GitHub/Amanieu/thread_local-rs,1
2020-08-01,49075,3194,GitHub/rust-lang/pkg-config-rs,5
2020-08-01,49075,4500,GitHub/rust-lang/pkg-config-rs,1
2020-08-01,49075,4162,GitHub/rust-lang/pkg-config-rs,3
2020-08-01,52462,3631,GitHub/Frommi/miniz_oxide,1
2020-08-01,52462,3632,GitHub/Frommi/miniz_oxide,1
2020-08-01,52462,2867,GitHub/Frommi/miniz_oxide,1
2020-08-01,52462,3633,GitHub/Frommi/miniz_oxide,2
2020-08-01,52462,898,GitHub/Frommi/miniz_oxide,11
2020-08-01,52465,3105,GitHub/fizyk20/generic-array,1
2020-08-01,52465,2343,GitHub/fizyk20/generic-array,1
2020-08-01,52465,3607,GitHub/fizyk20/generic-array,23
2020-08-01,52465,894,GitHub/fizyk20/generic-array,2
2020-08-01,52465,3624,GitHub/fizyk20/generic-array,3
2020-08-01,52465,3622,GitHub/fizyk20/generic-array,4
2020-08-01,52465,3623,GitHub/fizyk20/generic-array,1
2020-09-01,602,3173,GitHub/unicode-rs/unicode-segmentation,7
2020-09-01,602,4996,GitHub/unicode-rs/unicode-segmentation,1
2020-09-01,602,4997,GitHub/unicode-rs/unicode-segmentation,4
2020-09-01,626,3923,GitHub/hyperium/http,1
2020-09-01,626,2988,GitHub/hyperium/http,1
2020-09-01,626,3922,GitHub/hyperium/http,9
2020-09-01,626,3878,GitHub/hyperium/http,4
2020-09-01,626,3925,GitHub/hyperium/http,1
2020-09-01,626,3921,GitHub/hyperium/http,2
2020-09-01,3150,4728,GitHub/seanmonstar/num_cpus,1
2020-09-01,3150,3878,GitHub/seanmonstar/num_cpus,6
2020-09-01,3150,1848,GitHub/seanmonstar/num_cpus,1
2020-09-01,3509,2880,GitHub/unicode-rs/unicode-width,1
2020-09-01,3509,3173,GitHub/unicode-rs/unicode-width,2
2020-09-01,3509,155,GitHub/unicode-rs/unicode-width,1
2020-09-01,4484,3184,GitHub/BurntSushi/byteorder,1
2020-09-01,4484,3043,GitHub/BurntSushi/byteorder,9
2020-09-01,4486,2868,GitHub/contain-rs/vec-map,4
2020-09-01,4486,3193,GitHub/contain-rs/vec-map,3
2020-09-01,4486,3360,GitHub/contain-rs/vec-map,1
2020-09-01,4733,3566,GitHub/dtolnay/syn,1
2020-09-01,4733,3031,GitHub/dtolnay/syn,1
2020-09-01,4733,2969,GitHub/dtolnay/syn,14
2020-09-01,4733,3568,GitHub/dtolnay/syn,1
2020-09-01,4733,3567,GitHub/dtolnay/syn,1
2020-09-01,4733,2897,GitHub/dtolnay/syn,1
2020-09-01,4733,2912,GitHub/dtolnay/syn,350
2020-09-01,4733,753,GitHub/dtolnay/syn,1
2020-09-01,4733,835,GitHub/dtolnay/syn,2
2020-09-01,4733,2911,GitHub/dtolnay/syn,1
2020-09-01,5249,2969,GitHub/taiki-e/pin-project-lite,54
2020-09-01,6681,3473,GitHub/djc/rustc-version-rs,1
2020-09-01,6681,155,GitHub/djc/rustc-version-rs,1
2020-09-01,7322,4822,GitHub/servo/rust-smallvec,1
2020-09-01,7322,741,GitHub/servo/rust-smallvec,1
2020-09-01,7322,3025,GitHub/servo/rust-smallvec,1
2020-09-01,7322,3100,GitHub/servo/rust-smallvec,3
2020-09-01,7322,3413,GitHub/servo/rust-smallvec,7
2020-09-01,7322,2988,GitHub/servo/rust-smallvec,14
2020-09-01,7322,287,GitHub/servo/rust-smallvec,1
2020-09-01,7322,4821,GitHub/servo/rust-smallvec,1
2020-09-01,7322,4815,GitHub/servo/rust-smallvec,2
2020-09-01,7322,4808,GitHub/servo/rust-smallvec,1
2020-09-01,7322,3013,GitHub/servo/rust-smallvec,2
2020-09-01,7322,3502,GitHub/servo/rust-smallvec,1
2020-09-01,7322,2365,GitHub/servo/rust-smallvec,1
2020-09-01,7415,2873,GitHub/BurntSushi/aho-corasick,1
2020-09-01,7415,3043,GitHub/BurntSushi/aho-corasick,23
2020-09-01,7415,3178,GitHub/BurntSushi/aho-corasick,1
2020-09-01,7415,362,GitHub/BurntSushi/aho-corasick,1
2020-09-01,7415,3179,GitHub/BurntSushi/aho-corasick,1
2020-09-01,12228,2866,GitHub/seanmonstar/httparse,2
2020-09-01,12228,4380,GitHub/seanmonstar/httparse,2
2020-09-01,12228,2256,GitHub/seanmonstar/httparse,1
2020-09-01,12266,3044,GitHub/bitflags/bitflags,1
2020-09-01,12266,3051,GitHub/bitflags/bitflags,2
2020-09-01,12266,3052,GitHub/bitflags/bitflags,1
2020-09-01,12266,3060,GitHub/bitflags/bitflags,5
2020-09-01,13804,3107,GitHub/dtolnay/anyhow,1
2020-09-01,13804,2909,GitHub/dtolnay/anyhow,1
2020-09-01,13804,2912,GitHub/dtolnay/anyhow,36
2020-09-01,13804,3327,GitHub/dtolnay/anyhow,1
2020-09-01,13804,3484,GitHub/dtolnay/anyhow,1
2020-09-01,14306,4639,GitHub/rust-num/num-integer,7
2020-09-01,14306,3025,GitHub/rust-num/num-integer,9
2020-09-01,16183,2867,GitHub/rust-lang/cc-rs,14
2020-09-01,16183,3971,GitHub/rust-lang/cc-rs,1
2020-09-01,16183,2927,GitHub/rust-lang/cc-rs,1
2020-09-01,16183,4202,GitHub/rust-lang/cc-rs,1
2020-09-01,16183,4199,GitHub/rust-lang/cc-rs,1
2020-09-01,16183,3631,GitHub/rust-lang/cc-rs,1
2020-09-01,16183,2909,GitHub/rust-lang/cc-rs,1
2020-09-01,16183,1611,GitHub/rust-lang/cc-rs,2
2020-09-01,16183,4190,GitHub/rust-lang/cc-rs,1
2020-09-01,16183,4188,GitHub/rust-lang/cc-rs,1
2020-09-01,16183,4195,GitHub/rust-lang/cc-rs,1
2020-09-01,16183,4198,GitHub/rust-lang/cc-rs,1
2020-09-01,16183,4193,GitHub/rust-lang/cc-rs,1
2020-09-01,16183,1581,GitHub/rust-lang/cc-rs,1
2020-09-01,16183,4197,GitHub/rust-lang/cc-rs,1
2020-09-01,16183,1593,GitHub/rust-lang/cc-rs,1
2020-09-01,16183,4191,GitHub/rust-lang/cc-rs,1
2020-09-01,16183,4194,GitHub/rust-lang/cc-rs,1
2020-09-01,16183,4239,GitHub/rust-lang/cc-rs,1
2020-09-01,16183,3575,GitHub/rust-lang/cc-rs,1
2020-09-01,16183,1594,GitHub/rust-lang/cc-rs,1
2020-09-01,16183,4192,GitHub/rust-lang/cc-rs,1
2020-09-01,16183,4200,GitHub/rust-lang/cc-rs,1
2020-09-01,16183,1577,GitHub/rust-lang/cc-rs,1
2020-09-01,16183,4204,GitHub/rust-lang/cc-rs,1
2020-09-01,16183,3987,GitHub/rust-lang/cc-rs,1
2020-09-01,16183,3035,GitHub/rust-lang/cc-rs,1
2020-09-01,16183,4196,GitHub/rust-lang/cc-rs,2
2020-09-01,16183,2912,GitHub/rust-lang/cc-rs,1
2020-09-01,16183,1596,GitHub/rust-lang/cc-rs,1
2020-09-01,16183,4189,GitHub/rust-lang/cc-rs,1
2020-09-01,16183,4201,GitHub/rust-lang/cc-rs,1
2020-09-01,16183,4205,GitHub/rust-lang/cc-rs,1
2020-09-01,16183,4187,GitHub/rust-lang/cc-rs,2
2020-09-01,16259,4682,GitHub/rust-num/num-traits,2
2020-09-01,16259,2208,GitHub/rust-num/num-traits,2
2020-09-01,16259,3192,GitHub/rust-num/num-traits,1
2020-09-01,16259,3221,GitHub/rust-num/num-traits,1
2020-09-01,16259,3025,GitHub/rust-num/num-traits,13
2020-09-01,16259,3189,GitHub/rust-num/num-traits,1
2020-09-01,16259,4681,GitHub/rust-num/num-traits,3
2020-09-01,16259,4680,GitHub/rust-num/num-traits,2
2020-09-01,16492,4948,GitHub/tokio-rs/bytes,1
2020-09-01,16492,3147,GitHub/tokio-rs/bytes,3
2020-09-01,16492,4949,GitHub/tokio-rs/bytes,2
2020-09-01,16492,2541,GitHub/tokio-rs/bytes,1
2020-09-01,16492,3498,GitHub/tokio-rs/bytes,2
2020-09-01,16492,2911,GitHub/tokio-rs/bytes,1
2020-09-01,16492,3878,GitHub/tokio-rs/bytes,8
2020-09-01,16492,4243,GitHub/tokio-rs/bytes,1
2020-09-01,16492,4950,GitHub/tokio-rs/bytes,1
2020-09-01,16492,4214,GitHub/tokio-rs/bytes,1
2020-09-01,16492,2543,GitHub/tokio-rs/bytes,2
2020-09-01,16492,3015,GitHub/tokio-rs/bytes,1
2020-09-01,16492,2900,GitHub/tokio-rs/bytes,2
2020-09-01,16492,4951,GitHub/tokio-rs/bytes,1
2020-09-01,16492,2969,GitHub/tokio-rs/bytes,6
2020-09-01,17630,3025,GitHub/bluss/either,11
2020-09-01,17630,3123,GitHub/bluss/either,4
2020-09-01,17630,2884,GitHub/bluss/either,1
2020-09-01,17630,3124,GitHub/bluss/either,2
2020-09-01,17721,3950,GitHub/matklad/once_cell,6
2020-09-01,17721,3951,GitHub/matklad/once_cell,1
2020-09-01,17721,3025,GitHub/matklad/once_cell,1
2020-09-01,17721,168,GitHub/matklad/once_cell,1
2020-09-01,17721,3949,GitHub/matklad/once_cell,1
2020-09-01,17721,3013,GitHub/matklad/once_cell,2
2020-09-01,17721,2970,GitHub/matklad/once_cell,19
2020-09-01,17721,1296,GitHub/matklad/once_cell,1
2020-09-01,17721,3048,GitHub/matklad/once_cell,1
2020-09-01,18006,3390,GitHub/crossbeam-rs/crossbeam,1
2020-09-01,18006,3388,GitHub/crossbeam-rs/crossbeam,5
2020-09-01,18006,3391,GitHub/crossbeam-rs/crossbeam,16
2020-09-01,18006,3383,GitHub/crossbeam-rs/crossbeam,7
2020-09-01,18006,353,GitHub/crossbeam-rs/crossbeam,25
2020-09-01,18006,3389,GitHub/crossbeam-rs/crossbeam,1
2020-09-01,18006,3025,GitHub/crossbeam-rs/crossbeam,1
2020-09-01,18006,3382,GitHub/crossbeam-rs/crossbeam,1
2020-09-01,18006,3385,GitHub/crossbeam-rs/crossbeam,1
2020-09-01,18006,3392,GitHub/crossbeam-rs/crossbeam,1
2020-09-01,18006,3362,GitHub/crossbeam-rs/crossbeam,8
2020-09-01,18006,3393,GitHub/crossbeam-rs/crossbeam,1
2020-09-01,18006,3096,GitHub/crossbeam-rs/crossbeam,19
2020-09-01,18006,3387,GitHub/crossbeam-rs/crossbeam,1
2020-09-01,18006,622,GitHub/crossbeam-rs/crossbeam,1
2020-09-01,18006,3129,GitHub/crossbeam-rs/crossbeam,2
2020-09-01,18006,3386,GitHub/crossbeam-rs/crossbeam,2
2020-09-01,18006,2969,GitHub/crossbeam-rs/crossbeam,36
2020-09-01,18006,2268,GitHub/crossbeam-rs/crossbeam,2
2020-09-01,19184,2968,GitHub/bluss/scopeguard,1
2020-09-01,19184,3048,GitHub/bluss/scopeguard,6
2020-09-01,19468,3173,GitHub/servo/rust-fnv,2
2020-09-01,19468,417,GitHub/servo/rust-fnv,1
2020-09-01,20410,2872,GitHub/mgeisler/textwrap,49
2020-09-01,20410,3977,GitHub/mgeisler/textwrap,1
2020-09-01,20410,3973,GitHub/mgeisler/textwrap,1
2020-09-01,20699,3018,GitHub/Amanieu/parking_lot,2
2020-09-01,20699,3026,GitHub/Amanieu/parking_lot,1
2020-09-01,20699,3027,GitHub/Amanieu/parking_lot,5
2020-09-01,20699,168,GitHub/Amanieu/parking_lot,9
2020-09-01,20699,2968,GitHub/Amanieu/parking_lot,35
2020-09-01,20699,184,GitHub/Amanieu/parking_lot,6
2020-09-01,20699,3021,GitHub/Amanieu/parking_lot,2
2020-09-01,20699,2900,GitHub/Amanieu/parking_lot,1
2020-09-01,20699,3025,GitHub/Amanieu/parking_lot,1
2020-09-01,20699,3022,GitHub/Amanieu/parking_lot,1
2020-09-01,20699,3028,GitHub/Amanieu/parking_lot,1
2020-09-01,20699,2992,GitHub/Amanieu/parking_lot,4
2020-09-01,20699,3024,GitHub/Amanieu/parking_lot,2
2020-09-01,20699,182,GitHub/Amanieu/parking_lot,5
2020-09-01,20699,2903,GitHub/Amanieu/parking_lot,1
2020-09-01,20949,3674,GitHub/Geal/nom,1
2020-09-01,20949,3855,GitHub/Geal/nom,2
2020-09-01,20949,2985,GitHub/Geal/nom,1
2020-09-01,20949,3858,GitHub/Geal/nom,1
2020-09-01,20949,3534,GitHub/Geal/nom,57
2020-09-01,20949,1189,GitHub/Geal/nom,1
2020-09-01,20949,3682,GitHub/Geal/nom,1
2020-09-01,20949,3861,GitHub/Geal/nom,1
2020-09-01,20949,3312,GitHub/Geal/nom,2
2020-09-01,20949,981,GitHub/Geal/nom,2
2020-09-01,20949,3255,GitHub/Geal/nom,1
2020-09-01,20949,959,GitHub/Geal/nom,1
2020-09-01,20949,3665,GitHub/Geal/nom,6
2020-09-01,20949,3856,GitHub/Geal/nom,4
2020-09-01,20949,966,GitHub/Geal/nom,2
2020-09-01,20949,3676,GitHub/Geal/nom,1
2020-09-01,20949,611,GitHub/Geal/nom,4
2020-09-01,20949,3667,GitHub/Geal/nom,1
2020-09-01,20949,3864,GitHub/Geal/nom,1
2020-09-01,20949,3159,GitHub/Geal/nom,1
2020-09-01,20949,3862,GitHub/Geal/nom,1
2020-09-01,20949,3680,GitHub/Geal/nom,1
2020-09-01,20949,3675,GitHub/Geal/nom,1
2020-09-01,20949,3683,GitHub/Geal/nom,1
2020-09-01,20949,3684,GitHub/Geal/nom,1
2020-09-01,20949,3678,GitHub/Geal/nom,1
2020-09-01,20949,1184,GitHub/Geal/nom,1
2020-09-01,20949,3852,GitHub/Geal/nom,1
2020-09-01,20949,3868,GitHub/Geal/nom,1
2020-09-01,20949,3860,GitHub/Geal/nom,1
2020-09-01,20949,3854,GitHub/Geal/nom,1
2020-09-01,20949,3859,GitHub/Geal/nom,1
2020-09-01,20949,3097,GitHub/Geal/nom,1
2020-09-01,20949,3666,GitHub/Geal/nom,1
2020-09-01,20949,3869,GitHub/Geal/nom,1
2020-09-01,20949,3651,GitHub/Geal/nom,1
2020-09-01,20949,2927,GitHub/Geal/nom,1
2020-09-01,20949,3672,GitHub/Geal/nom,1
2020-09-01,20949,3673,GitHub/Geal/nom,1
2020-09-01,20949,3677,GitHub/Geal/nom,1
2020-09-01,20949,3681,GitHub/Geal/nom,1
2020-09-01,20949,3867,GitHub/Geal/nom,1
2020-09-01,20949,1476,GitHub/Geal/nom,1
2020-09-01,20949,3865,GitHub/Geal/nom,1
2020-09-01,20949,3863,GitHub/Geal/nom,1
2020-09-01,20949,3671,GitHub/Geal/nom,1
2020-09-01,20949,3853,GitHub/Geal/nom,1
2020-09-01,20949,3669,GitHub/Geal/nom,2
2020-09-01,20949,2873,GitHub/Geal/nom,1
2020-09-01,20949,950,GitHub/Geal/nom,2
2020-09-01,20949,3866,GitHub/Geal/nom,1
2020-09-01,20949,1190,GitHub/Geal/nom,1
2020-09-01,20949,3679,GitHub/Geal/nom,1
2020-09-01,20949,3857,GitHub/Geal/nom,1
2020-09-01,20949,3668,GitHub/Geal/nom,1
2020-09-01,21282,3020,GitHub/bluss/arrayvec,1
2020-09-01,21282,3100,GitHub/bluss/arrayvec,1
2020-09-01,21282,2884,GitHub/bluss/arrayvec,1
2020-09-01,21282,268,GitHub/bluss/arrayvec,7
2020-09-01,21282,286,GitHub/bluss/arrayvec,2
2020-09-01,21445,3942,GitHub/marshallpierce/rust-base64,1
2020-09-01,21445,3941,GitHub/marshallpierce/rust-base64,2
2020-09-01,21445,1281,GitHub/marshallpierce/rust-base64,28
2020-09-01,21445,3883,GitHub/marshallpierce/rust-base64,1
2020-09-01,21445,2873,GitHub/marshallpierce/rust-base64,1
2020-09-01,21445,3852,GitHub/marshallpierce/rust-base64,1
2020-09-01,21445,1287,GitHub/marshallpierce/rust-base64,1
2020-09-01,22724,4468,GitHub/rust-lang/log,2
2020-09-01,22724,2945,GitHub/rust-lang/log,6
2020-09-01,22724,4469,GitHub/rust-lang/log,1
2020-09-01,22724,4237,GitHub/rust-lang/log,1
2020-09-01,22724,1943,GitHub/rust-lang/log,1
2020-09-01,22724,2912,GitHub/rust-lang/log,1
2020-09-01,22724,3113,GitHub/rust-lang/log,2
2020-09-01,22724,4489,GitHub/rust-lang/log,3
2020-09-01,22724,3044,GitHub/rust-lang/log,19
2020-09-01,22724,2867,GitHub/rust-lang/log,1
2020-09-01,22724,3221,GitHub/rust-lang/log,1
2020-09-01,22724,4470,GitHub/rust-lang/log,1
2020-09-01,22724,4467,GitHub/rust-lang/log,1
2020-09-01,22804,2867,GitHub/alexcrichton/cfg-if,3
2020-09-01,23287,3211,GitHub/rust-itertools/itertools,1
2020-09-01,23287,3608,GitHub/rust-itertools/itertools,1
2020-09-01,23287,4111,GitHub/rust-itertools/itertools,1
2020-09-01,23287,4068,GitHub/rust-itertools/itertools,52
2020-09-01,23287,4109,GitHub/rust-itertools/itertools,2
2020-09-01,23287,1496,GitHub/rust-itertools/itertools,52
2020-09-01,23287,1494,GitHub/rust-itertools/itertools,1
2020-09-01,23287,4088,GitHub/rust-itertools/itertools,13
2020-09-01,23287,4002,GitHub/rust-itertools/itertools,7
2020-09-01,23287,3025,GitHub/rust-itertools/itertools,1
2020-09-01,23287,4067,GitHub/rust-itertools/itertools,6
2020-09-01,23287,4110,GitHub/rust-itertools/itertools,1
2020-09-01,23287,4107,GitHub/rust-itertools/itertools,2
2020-09-01,23287,4114,GitHub/rust-itertools/itertools,2
2020-09-01,23287,4073,GitHub/rust-itertools/itertools,2
2020-09-01,23287,2485,GitHub/rust-itertools/itertools,1
2020-09-01,23287,3188,GitHub/rust-itertools/itertools,3
2020-09-01,23287,4112,GitHub/rust-itertools/itertools,7
2020-09-01,23287,4113,GitHub/rust-itertools/itertools,1
2020-09-01,23287,4108,GitHub/rust-itertools/itertools,14
2020-09-01,23287,362,GitHub/rust-itertools/itertools,2
2020-09-01,23287,1476,GitHub/rust-itertools/itertools,2
2020-09-01,24455,4753,GitHub/serde-rs/json,1
2020-09-01,24455,3490,GitHub/serde-rs/json,1
2020-09-01,24455,1476,GitHub/serde-rs/json,1
2020-09-01,24455,4745,GitHub/serde-rs/json,2
2020-09-01,24455,3629,GitHub/serde-rs/json,12
2020-09-01,24455,2866,GitHub/serde-rs/json,1
2020-09-01,24455,2912,GitHub/serde-rs/json,204
2020-09-01,24455,4752,GitHub/serde-rs/json,1
2020-09-01,24455,3527,GitHub/serde-rs/json,1
2020-09-01,24455,3835,GitHub/serde-rs/json,1
2020-09-01,24455,4232,GitHub/serde-rs/json,4
2020-09-01,24455,3756,GitHub/serde-rs/json,1
2020-09-01,24455,3003,GitHub/serde-rs/json,2
2020-09-01,24455,4757,GitHub/serde-rs/json,1
2020-09-01,25976,2873,GitHub/rust-lang/regex,1
2020-09-01,25976,4563,GitHub/rust-lang/regex,4
2020-09-01,25976,3043,GitHub/rust-lang/regex,40
2020-09-01,25976,4562,GitHub/rust-lang/regex,1
2020-09-01,25976,3031,GitHub/rust-lang/regex,1
2020-09-01,25976,2060,GitHub/rust-lang/regex,1
2020-09-01,25976,4564,GitHub/rust-lang/regex,2
2020-09-01,25976,385,GitHub/rust-lang/regex,2
2020-09-01,25976,4560,GitHub/rust-lang/regex,1
2020-09-01,25976,3940,GitHub/rust-lang/regex,1
2020-09-01,25976,4566,GitHub/rust-lang/regex,1
2020-09-01,25976,3464,GitHub/rust-lang/regex,1
2020-09-01,25976,2867,GitHub/rust-lang/regex,1
2020-09-01,25976,3698,GitHub/rust-lang/regex,5
2020-09-01,26074,3999,GitHub/paholg/typenum,4
2020-09-01,26074,4003,GitHub/paholg/typenum,1
2020-09-01,26074,4001,GitHub/paholg/typenum,1
2020-09-01,26074,4002,GitHub/paholg/typenum,2
2020-09-01,26074,3614,GitHub/paholg/typenum,17
2020-09-01,26074,3948,GitHub/paholg/typenum,3
2020-09-01,26074,3020,GitHub/paholg/typenum,1
2020-09-01,28336,3452,GitHub/RustCrypto/traits,1
2020-09-01,28336,4008,GitHub/RustCrypto/traits,270
2020-09-01,28336,4017,GitHub/RustCrypto/traits,2
2020-09-01,28336,3189,GitHub/RustCrypto/traits,11
2020-09-01,28336,3718,GitHub/RustCrypto/traits,2
2020-09-01,28336,2060,GitHub/RustCrypto/traits,1
2020-09-01,28336,4003,GitHub/RustCrypto/traits,2
2020-09-01,28336,3422,GitHub/RustCrypto/traits,1
2020-09-01,28705,707,GitHub/dguo/strsim-rs,1
2020-09-01,28705,3470,GitHub/dguo/strsim-rs,1
2020-09-01,28877,3506,GitHub/unicode-rs/unicode-xid,1
2020-09-01,28877,3173,GitHub/unicode-rs/unicode-xid,6
2020-09-01,28877,3437,GitHub/unicode-rs/unicode-xid,2
2020-09-01,28877,5004,GitHub/unicode-rs/unicode-xid,1
2020-09-01,30968,2343,GitHub/SergioBenitez/version_check,1
2020-09-01,30968,3951,GitHub/SergioBenitez/version_check,1
2020-09-01,30968,2344,GitHub/SergioBenitez/version_check,1
2020-09-01,32560,3221,GitHub/BurntSushi/memchr,1
2020-09-01,32560,3222,GitHub/BurntSushi/memchr,2
2020-09-01,32560,3043,GitHub/BurntSushi/memchr,15
2020-09-01,32560,417,GitHub/BurntSushi/memchr,2
2020-09-01,32560,3220,GitHub/BurntSushi/memchr,2
2020-09-01,33435,741,GitHub/dtolnay/itoa,1
2020-09-01,33435,2912,GitHub/dtolnay/itoa,14
2020-09-01,34191,3471,GitHub/RustCrypto/utils,2
2020-09-01,34191,2897,GitHub/RustCrypto/utils,1
2020-09-01,34191,3189,GitHub/RustCrypto/utils,28
2020-09-01,34191,3097,GitHub/RustCrypto/utils,1
2020-09-01,34191,4008,GitHub/RustCrypto/utils,27
2020-09-01,34831,1826,GitHub/rust-lang/futures-rs,1
2020-09-01,34831,4344,GitHub/rust-lang/futures-rs,7
2020-09-01,34831,4380,GitHub/rust-lang/futures-rs,1
2020-09-01,34831,3106,GitHub/rust-lang/futures-rs,3
2020-09-01,34831,3502,GitHub/rust-lang/futures-rs,17
2020-09-01,34831,1823,GitHub/rust-lang/futures-rs,3
2020-09-01,34831,2900,GitHub/rust-lang/futures-rs,1
2020-09-01,34831,611,GitHub/rust-lang/futures-rs,1
2020-09-01,34831,3389,GitHub/rust-lang/futures-rs,1
2020-09-01,34831,4373,GitHub/rust-lang/futures-rs,1
2020-09-01,34831,3436,GitHub/rust-lang/futures-rs,1
2020-09-01,34831,3113,GitHub/rust-lang/futures-rs,3
2020-09-01,34831,1824,GitHub/rust-lang/futures-rs,1
2020-09-01,34831,1817,GitHub/rust-lang/futures-rs,1
2020-09-01,34831,4254,GitHub/rust-lang/futures-rs,5
2020-09-01,34831,3362,GitHub/rust-lang/futures-rs,2
2020-09-01,34831,3581,GitHub/rust-lang/futures-rs,7
2020-09-01,34831,4374,GitHub/rust-lang/futures-rs,44
2020-09-01,34831,3147,GitHub/rust-lang/futures-rs,1
2020-09-01,34831,1825,GitHub/rust-lang/futures-rs,1
2020-09-01,34831,3950,GitHub/rust-lang/futures-rs,2
2020-09-01,34831,204,GitHub/rust-lang/futures-rs,1
2020-09-01,34831,3139,GitHub/rust-lang/futures-rs,1
2020-09-01,34831,4379,GitHub/rust-lang/futures-rs,1
2020-09-01,34831,1821,GitHub/rust-lang/futures-rs,1
2020-09-01,34831,3990,GitHub/rust-lang/futures-rs,1
2020-09-01,34831,4352,GitHub/rust-lang/futures-rs,7
2020-09-01,34831,3488,GitHub/rust-lang/futures-rs,1
2020-09-01,34831,4240,GitHub/rust-lang/futures-rs,1
2020-09-01,34831,4375,GitHub/rust-lang/futures-rs,2
2020-09-01,34831,4319,GitHub/rust-lang/futures-rs,1
2020-09-01,34831,4378,GitHub/rust-lang/futures-rs,1
2020-09-01,34831,2969,GitHub/rust-lang/futures-rs,19
2020-09-01,34831,4381,GitHub/rust-lang/futures-rs,5
2020-09-01,35574,2485,GitHub/unicode-rs/unicode-normalization,1
2020-09-01,35574,2880,GitHub/unicode-rs/unicode-normalization,1
2020-09-01,35574,4623,GitHub/unicode-rs/unicode-normalization,10
2020-09-01,35574,2970,GitHub/unicode-rs/unicode-normalization,1
2020-09-01,35574,2890,GitHub/unicode-rs/unicode-normalization,4
2020-09-01,35574,2869,GitHub/unicode-rs/unicode-normalization,1
2020-09-01,35574,3173,GitHub/unicode-rs/unicode-normalization,9
2020-09-01,35737,3456,GitHub/cuviper/autocfg,2
2020-09-01,35737,3457,GitHub/cuviper/autocfg,1
2020-09-01,35737,3025,GitHub/cuviper/autocfg,10
2020-09-01,36424,2950,GitHub/steveklabnik/semver-parser,1
2020-09-01,36424,2877,GitHub/steveklabnik/semver-parser,2
2020-09-01,37083,3227,GitHub/BurntSushi/termcolor,1
2020-09-01,37083,3228,GitHub/BurntSushi/termcolor,2
2020-09-01,37083,3043,GitHub/BurntSushi/termcolor,11
2020-09-01,37083,2873,GitHub/BurntSushi/termcolor,2
2020-09-01,37101,3874,GitHub/Gilnaa/memoffset,1
2020-09-01,37101,1199,GitHub/Gilnaa/memoffset,3
2020-09-01,37101,3870,GitHub/Gilnaa/memoffset,6
2020-09-01,37101,3013,GitHub/Gilnaa/memoffset,17
2020-09-01,37101,3873,GitHub/Gilnaa/memoffset,1
2020-09-01,37101,2968,GitHub/Gilnaa/memoffset,7
2020-09-01,37612,3437,GitHub/dtolnay/quote,1
2020-09-01,37612,2912,GitHub/dtolnay/quote,38
2020-09-01,37612,3511,GitHub/dtolnay/quote,2
2020-09-01,37612,3403,GitHub/dtolnay/quote,1
2020-09-01,37612,3510,GitHub/dtolnay/quote,1
2020-09-01,37844,4270,GitHub/softprops/atty,3
2020-09-01,37844,2268,GitHub/softprops/atty,1
2020-09-01,37844,155,GitHub/softprops/atty,1
2020-09-01,38667,268,GitHub/bluss/indexmap,8
2020-09-01,38667,3157,GitHub/bluss/indexmap,4
2020-09-01,38667,3025,GitHub/bluss/indexmap,72
2020-09-01,38667,3160,GitHub/bluss/indexmap,1
2020-09-01,38667,3158,GitHub/bluss/indexmap,4
2020-09-01,38667,3159,GitHub/bluss/indexmap,1
2020-09-01,38667,3153,GitHub/bluss/indexmap,3
2020-09-01,39779,4915,GitHub/time-rs/time,1
2020-09-01,39779,3221,GitHub/time-rs/time,1
2020-09-01,39779,2505,GitHub/time-rs/time,1
2020-09-01,39779,4845,GitHub/time-rs/time,1
2020-09-01,39779,3031,GitHub/time-rs/time,1
2020-09-01,39779,2498,GitHub/time-rs/time,1
2020-09-01,39779,4919,GitHub/time-rs/time,2
2020-09-01,39779,3951,GitHub/time-rs/time,95
2020-09-01,39779,3025,GitHub/time-rs/time,2
2020-09-01,39779,4917,GitHub/time-rs/time,1
2020-09-01,39779,4201,GitHub/time-rs/time,2
2020-09-01,39779,3219,GitHub/time-rs/time,1
2020-09-01,39779,4612,GitHub/time-rs/time,9
2020-09-01,39779,4918,GitHub/time-rs/time,1
2020-09-01,39779,4920,GitHub/time-rs/time,1
2020-09-01,40796,3454,GitHub/cryptocorrosion/cryptocorrosion,1
2020-09-01,40796,3448,GitHub/cryptocorrosion/cryptocorrosion,15
2020-09-01,40937,2950,GitHub/dtolnay/semver,16
2020-09-01,40937,3523,GitHub/dtolnay/semver,5
2020-09-01,40937,3524,GitHub/dtolnay/semver,1
2020-09-01,40937,785,GitHub/dtolnay/semver,1
2020-09-01,40937,3525,GitHub/dtolnay/semver,2
2020-09-01,40937,2877,GitHub/dtolnay/semver,4
2020-09-01,41752,3706,GitHub/servo/rust-url,1
2020-09-01,41752,1476,GitHub/servo/rust-url,3
2020-09-01,41752,3630,GitHub/servo/rust-url,1
2020-09-01,41752,4878,GitHub/servo/rust-url,1
2020-09-01,41752,3471,GitHub/servo/rust-url,65
2020-09-01,41752,741,GitHub/servo/rust-url,1
2020-09-01,41752,4864,GitHub/servo/rust-url,10
2020-09-01,41752,2428,GitHub/servo/rust-url,5
2020-09-01,41752,3413,GitHub/servo/rust-url,1
2020-09-01,41752,4842,GitHub/servo/rust-url,1
2020-09-01,41752,2447,GitHub/servo/rust-url,1
2020-09-01,41752,417,GitHub/servo/rust-url,1
2020-09-01,41752,4073,GitHub/servo/rust-url,1
2020-09-01,41752,4877,GitHub/servo/rust-url,1
2020-09-01,41752,3835,GitHub/servo/rust-url,1
2020-09-01,41752,2874,GitHub/servo/rust-url,1
2020-09-01,41752,2914,GitHub/servo/rust-url,1
2020-09-01,41752,2444,GitHub/servo/rust-url,2
2020-09-01,41752,2449,GitHub/servo/rust-url,1
2020-09-01,41752,2445,GitHub/servo/rust-url,1
2020-09-01,41752,3404,GitHub/servo/rust-url,1
2020-09-01,41752,4879,GitHub/servo/rust-url,1
2020-09-01,41752,1252,GitHub/servo/rust-url,5
2020-09-01,41957,2912,GitHub/dtolnay/proc-macro2,146
2020-09-01,41957,3069,GitHub/dtolnay/proc-macro2,1
2020-09-01,41957,3497,GitHub/dtolnay/proc-macro2,2
2020-09-01,41957,3496,GitHub/dtolnay/proc-macro2,2
2020-09-01,41957,3498,GitHub/dtolnay/proc-macro2,1
2020-09-01,42413,2912,GitHub/dtolnay/ryu,61
2020-09-01,42655,353,GitHub/rust-lang/socket2,2
2020-09-01,42655,2123,GitHub/rust-lang/socket2,1
2020-09-01,42655,3113,GitHub/rust-lang/socket2,22
2020-09-01,42655,168,GitHub/rust-lang/socket2,3
2020-09-01,42655,4611,GitHub/rust-lang/socket2,1
2020-09-01,42655,3067,GitHub/rust-lang/socket2,1
2020-09-01,42655,2121,GitHub/rust-lang/socket2,2
2020-09-01,42655,2867,GitHub/rust-lang/socket2,4
2020-09-01,42655,3651,GitHub/rust-lang/socket2,1
2020-09-01,42655,4610,GitHub/rust-lang/socket2,1
2020-09-01,42655,4612,GitHub/rust-lang/socket2,1
2020-09-01,42655,4604,GitHub/rust-lang/socket2,1
2020-09-01,42677,5008,GitHub/withoutboats/heck,1
2020-09-01,44362,4430,GitHub/rust-lang/hashbrown,1
2020-09-01,44362,3506,GitHub/rust-lang/hashbrown,1
2020-09-01,44362,4426,GitHub/rust-lang/hashbrown,6
2020-09-01,44362,2968,GitHub/rust-lang/hashbrown,30
2020-09-01,44362,3205,GitHub/rust-lang/hashbrown,1
2020-09-01,44362,2988,GitHub/rust-lang/hashbrown,8
2020-09-01,44362,4088,GitHub/rust-lang/hashbrown,18
2020-09-01,44362,4428,GitHub/rust-lang/hashbrown,2
2020-09-01,44362,3025,GitHub/rust-lang/hashbrown,6
2020-09-01,44362,1888,GitHub/rust-lang/hashbrown,1
2020-09-01,44362,4429,GitHub/rust-lang/hashbrown,11
2020-09-01,44362,3362,GitHub/rust-lang/hashbrown,17
2020-09-01,44362,3063,GitHub/rust-lang/hashbrown,1
2020-09-01,44362,1889,GitHub/rust-lang/hashbrown,1
2020-09-01,44362,3147,GitHub/rust-lang/hashbrown,1
2020-09-01,45748,2912,GitHub/dtolnay/thiserror,67
2020-09-01,46027,2881,GitHub/alexcrichton/toml-rs,2
2020-09-01,46027,2875,GitHub/alexcrichton/toml-rs,1
2020-09-01,46027,2882,GitHub/alexcrichton/toml-rs,3
2020-09-01,46027,2867,GitHub/alexcrichton/toml-rs,1
2020-09-01,46027,2880,GitHub/alexcrichton/toml-rs,1
2020-09-01,46027,2883,GitHub/alexcrichton/toml-rs,1
2020-09-01,46178,2976,GitHub/rust-lang-nursery/lazy-static.rs,6
2020-09-01,46178,286,GitHub/rust-lang-nursery/lazy-static.rs,5
2020-09-01,46178,2873,GitHub/rust-lang-nursery/lazy-static.rs,1
2020-09-01,46178,3044,GitHub/rust-lang-nursery/lazy-static.rs,2
2020-09-01,46178,741,GitHub/rust-lang-nursery/lazy-static.rs,1
2020-09-01,46178,3464,GitHub/rust-lang-nursery/lazy-static.rs,1
2020-09-01,46178,155,GitHub/rust-lang-nursery/lazy-static.rs,1
2020-09-01,48512,2227,GitHub/rust-random/getrandom,3
2020-09-01,48512,3189,GitHub/rust-random/getrandom,2
2020-09-01,48512,4692,GitHub/rust-random/getrandom,37
2020-09-01,48512,1402,GitHub/rust-random/getrandom,2
2020-09-01,48512,4694,GitHub/rust-random/getrandom,2
2020-09-01,49067,2900,GitHub/Amanieu/thread_local-rs,1
2020-09-01,49067,2968,GitHub/Amanieu/thread_local-rs,2
2020-09-01,49067,155,GitHub/Amanieu/thread_local-rs,1
2020-09-01,49075,3194,GitHub/rust-lang/pkg-config-rs,6
2020-09-01,49075,2909,GitHub/rust-lang/pkg-config-rs,1
2020-09-01,49075,4500,GitHub/rust-lang/pkg-config-rs,1
2020-09-01,49075,4162,GitHub/rust-lang/pkg-config-rs,3
2020-09-01,52462,421,GitHub/Frommi/miniz_oxide,1
2020-09-01,52462,2867,GitHub/Frommi/miniz_oxide,1
2020-09-01,52462,2890,GitHub/Frommi/miniz_oxide,1
2020-09-01,52462,3631,GitHub/Frommi/miniz_oxide,1
2020-09-01,52462,3633,GitHub/Frommi/miniz_oxide,2
2020-09-01,52462,898,GitHub/Frommi/miniz_oxide,14
2020-09-01,52462,3632,GitHub/Frommi/miniz_oxide,1
2020-09-01,52462,3313,GitHub/Frommi/miniz_oxide,1
2020-09-01,52465,3622,GitHub/fizyk20/generic-array,4
2020-09-01,52465,3105,GitHub/fizyk20/generic-array,1
2020-09-01,52465,3623,GitHub/fizyk20/generic-array,1
2020-09-01,52465,3624,GitHub/fizyk20/generic-array,3
2020-09-01,52465,3607,GitHub/fizyk20/generic-array,27
2020-09-01,52465,894,GitHub/fizyk20/generic-array,2
2020-09-01,52465,2343,GitHub/fizyk20/generic-array,1
2020-09-01,52465,155,GitHub/fizyk20/generic-array,1
2020-10-01,602,4996,GitHub/unicode-rs/unicode-segmentation,1
2020-10-01,602,4997,GitHub/unicode-rs/unicode-segmentation,4
2020-10-01,602,3173,GitHub/unicode-rs/unicode-segmentation,7
2020-10-01,626,3923,GitHub/hyperium/http,1
2020-10-01,626,2988,GitHub/hyperium/http,1
2020-10-01,626,3878,GitHub/hyperium/http,4
2020-10-01,626,3921,GitHub/hyperium/http,2
2020-10-01,626,3925,GitHub/hyperium/http,1
2020-10-01,626,3922,GitHub/hyperium/http,9
2020-10-01,3150,4727,GitHub/seanmonstar/num_cpus,1
2020-10-01,3150,4728,GitHub/seanmonstar/num_cpus,1
2020-10-01,3150,1848,GitHub/seanmonstar/num_cpus,1
2020-10-01,3150,3878,GitHub/seanmonstar/num_cpus,6
2020-10-01,3509,155,GitHub/unicode-rs/unicode-width,1
2020-10-01,3509,3173,GitHub/unicode-rs/unicode-width,2
2020-10-01,3509,2880,GitHub/unicode-rs/unicode-width,1
2020-10-01,4484,3184,GitHub/BurntSushi/byteorder,1
2020-10-01,4484,3043,GitHub/BurntSushi/byteorder,9
2020-10-01,4486,3360,GitHub/contain-rs/vec-map,1
2020-10-01,4486,3193,GitHub/contain-rs/vec-map,3
2020-10-01,4486,2868,GitHub/contain-rs/vec-map,4
2020-10-01,4733,2897,GitHub/dtolnay/syn,1
2020-10-01,4733,3564,GitHub/dtolnay/syn,1
2020-10-01,4733,753,GitHub/dtolnay/syn,1
2020-10-01,4733,3568,GitHub/dtolnay/syn,1
2020-10-01,4733,3566,GitHub/dtolnay/syn,1
2020-10-01,4733,2912,GitHub/dtolnay/syn,391
2020-10-01,4733,2969,GitHub/dtolnay/syn,14
2020-10-01,4733,2911,GitHub/dtolnay/syn,1
2020-10-01,4733,835,GitHub/dtolnay/syn,2
2020-10-01,4733,3567,GitHub/dtolnay/syn,1
2020-10-01,4733,3031,GitHub/dtolnay/syn,1
2020-10-01,4733,830,GitHub/dtolnay/syn,1
2020-10-01,5249,2969,GitHub/taiki-e/pin-project-lite,83
2020-10-01,6681,155,GitHub/djc/rustc-version-rs,1
2020-10-01,6681,3473,GitHub/djc/rustc-version-rs,1
2020-10-01,7322,3011,GitHub/servo/rust-smallvec,1
2020-10-01,7322,3413,GitHub/servo/rust-smallvec,7
2020-10-01,7322,2365,GitHub/servo/rust-smallvec,1
2020-10-01,7322,4821,GitHub/servo/rust-smallvec,1
2020-10-01,7322,4815,GitHub/servo/rust-smallvec,2
2020-10-01,7322,287,GitHub/servo/rust-smallvec,1
2020-10-01,7322,3100,GitHub/servo/rust-smallvec,3
2020-10-01,7322,3013,GitHub/servo/rust-smallvec,2
2020-10-01,7322,2988,GitHub/servo/rust-smallvec,15
2020-10-01,7322,4822,GitHub/servo/rust-smallvec,1
2020-10-01,7322,3025,GitHub/servo/rust-smallvec,1
2020-10-01,7322,741,GitHub/servo/rust-smallvec,1
2020-10-01,7322,4808,GitHub/servo/rust-smallvec,1
2020-10-01,7322,3502,GitHub/servo/rust-smallvec,1
2020-10-01,7415,2873,GitHub/BurntSushi/aho-corasick,1
2020-10-01,7415,3043,GitHub/BurntSushi/aho-corasick,23
2020-10-01,7415,3179,GitHub/BurntSushi/aho-corasick,1
2020-10-01,7415,3178,GitHub/BurntSushi/aho-corasick,1
2020-10-01,7415,362,GitHub/BurntSushi/aho-corasick,1
2020-10-01,12228,4380,GitHub/seanmonstar/httparse,2
2020-10-01,12228,2866,GitHub/seanmonstar/httparse,2
2020-10-01,12228,2256,GitHub/seanmonstar/httparse,1
2020-10-01,12266,3052,GitHub/bitflags/bitflags,1
2020-10-01,12266,3051,GitHub/bitflags/bitflags,2
2020-10-01,12266,3044,GitHub/bitflags/bitflags,1
2020-10-01,12266,3060,GitHub/bitflags/bitflags,5
2020-10-01,13804,2912,GitHub/dtolnay/anyhow,39
2020-10-01,13804,2909,GitHub/dtolnay/anyhow,1
2020-10-01,13804,3107,GitHub/dtolnay/anyhow,1
2020-10-01,13804,3484,GitHub/dtolnay/anyhow,1
2020-10-01,13804,3327,GitHub/dtolnay/anyhow,1
2020-10-01,14306,4639,GitHub/rust-num/num-integer,7
2020-10-01,14306,3025,GitHub/rust-num/num-integer,9
2020-10-01,16183,4196,GitHub/rust-lang/cc-rs,2
2020-10-01,16183,4189,GitHub/rust-lang/cc-rs,1
2020-10-01,16183,1596,GitHub/rust-lang/cc-rs,1
2020-10-01,16183,4190,GitHub/rust-lang/cc-rs,1
2020-10-01,16183,4202,GitHub/rust-lang/cc-rs,1
2020-10-01,16183,4193,GitHub/rust-lang/cc-rs,1
2020-10-01,16183,4199,GitHub/rust-lang/cc-rs,1
2020-10-01,16183,3631,GitHub/rust-lang/cc-rs,1
2020-10-01,16183,1594,GitHub/rust-lang/cc-rs,1
2020-10-01,16183,1611,GitHub/rust-lang/cc-rs,2
2020-10-01,16183,4197,GitHub/rust-lang/cc-rs,1
2020-10-01,16183,4195,GitHub/rust-lang/cc-rs,1
2020-10-01,16183,4188,GitHub/rust-lang/cc-rs,1
2020-10-01,16183,1581,GitHub/rust-lang/cc-rs,1
2020-10-01,16183,4198,GitHub/rust-lang/cc-rs,1
2020-10-01,16183,1593,GitHub/rust-lang/cc-rs,1
2020-10-01,16183,2867,GitHub/rust-lang/cc-rs,15
2020-10-01,16183,2927,GitHub/rust-lang/cc-rs,2
2020-10-01,16183,4191,GitHub/rust-lang/cc-rs,1
2020-10-01,16183,3987,GitHub/rust-lang/cc-rs,1
2020-10-01,16183,4194,GitHub/rust-lang/cc-rs,1
2020-10-01,16183,2912,GitHub/rust-lang/cc-rs,1
2020-10-01,16183,2909,GitHub/rust-lang/cc-rs,1
2020-10-01,16183,3575,GitHub/rust-lang/cc-rs,1
2020-10-01,16183,3971,GitHub/rust-lang/cc-rs,1
2020-10-01,16183,4239,GitHub/rust-lang/cc-rs,1
2020-10-01,16183,4192,GitHub/rust-lang/cc-rs,1
2020-10-01,16183,4200,GitHub/rust-lang/cc-rs,1
2020-10-01,16183,4187,GitHub/rust-lang/cc-rs,2
2020-10-01,16183,1577,GitHub/rust-lang/cc-rs,1
2020-10-01,16183,4204,GitHub/rust-lang/cc-rs,1
2020-10-01,16183,4205,GitHub/rust-lang/cc-rs,1
2020-10-01,16183,3035,GitHub/rust-lang/cc-rs,1
2020-10-01,16183,4201,GitHub/rust-lang/cc-rs,1
2020-10-01,16259,4680,GitHub/rust-num/num-traits,2
2020-10-01,16259,3221,GitHub/rust-num/num-traits,1
2020-10-01,16259,2208,GitHub/rust-num/num-traits,2
2020-10-01,16259,4681,GitHub/rust-num/num-traits,3
2020-10-01,16259,3192,GitHub/rust-num/num-traits,1
2020-10-01,16259,3025,GitHub/rust-num/num-traits,13
2020-10-01,16259,4682,GitHub/rust-num/num-traits,2
2020-10-01,16259,3189,GitHub/rust-num/num-traits,1
2020-10-01,16492,4214,GitHub/tokio-rs/bytes,1
2020-10-01,16492,2541,GitHub/tokio-rs/bytes,1
2020-10-01,16492,3147,GitHub/tokio-rs/bytes,3
2020-10-01,16492,4243,GitHub/tokio-rs/bytes,1
2020-10-01,16492,3878,GitHub/tokio-rs/bytes,8
2020-10-01,16492,3015,GitHub/tokio-rs/bytes,1
2020-10-01,16492,2900,GitHub/tokio-rs/bytes,2
2020-10-01,16492,4951,GitHub/tokio-rs/bytes,1
2020-10-01,16492,2543,GitHub/tokio-rs/bytes,2
2020-10-01,16492,2969,GitHub/tokio-rs/bytes,6
2020-10-01,16492,4949,GitHub/tokio-rs/bytes,2
2020-10-01,16492,2911,GitHub/tokio-rs/bytes,1
2020-10-01,16492,3498,GitHub/tokio-rs/bytes,2
2020-10-01,16492,4950,GitHub/tokio-rs/bytes,1
2020-10-01,16492,4948,GitHub/tokio-rs/bytes,1
2020-10-01,17630,3124,GitHub/bluss/either,2
2020-10-01,17630,3123,GitHub/bluss/either,4
2020-10-01,17630,3025,GitHub/bluss/either,13
2020-10-01,17630,2884,GitHub/bluss/either,1
2020-10-01,17721,2970,GitHub/matklad/once_cell,19
2020-10-01,17721,3949,GitHub/matklad/once_cell,1
2020-10-01,17721,3025,GitHub/matklad/once_cell,1
2020-10-01,17721,3048,GitHub/matklad/once_cell,1
2020-10-01,17721,3950,GitHub/matklad/once_cell,6
2020-10-01,17721,3951,GitHub/matklad/once_cell,1
2020-10-01,17721,3013,GitHub/matklad/once_cell,2
2020-10-01,17721,1296,GitHub/matklad/once_cell,1
2020-10-01,17721,168,GitHub/matklad/once_cell,1
2020-10-01,18006,622,GitHub/crossbeam-rs/crossbeam,1
2020-10-01,18006,3362,GitHub/crossbeam-rs/crossbeam,8
2020-10-01,18006,3383,GitHub/crossbeam-rs/crossbeam,7
2020-10-01,18006,3390,GitHub/crossbeam-rs/crossbeam,1
2020-10-01,18006,2268,GitHub/crossbeam-rs/crossbeam,2
2020-10-01,18006,3388,GitHub/crossbeam-rs/crossbeam,5
2020-10-01,18006,3389,GitHub/crossbeam-rs/crossbeam,1
2020-10-01,18006,3387,GitHub/crossbeam-rs/crossbeam,1
2020-10-01,18006,3392,GitHub/crossbeam-rs/crossbeam,1
2020-10-01,18006,3382,GitHub/crossbeam-rs/crossbeam,2
2020-10-01,18006,3385,GitHub/crossbeam-rs/crossbeam,1
2020-10-01,18006,353,GitHub/crossbeam-rs/crossbeam,26
2020-10-01,18006,611,GitHub/crossbeam-rs/crossbeam,1
2020-10-01,18006,3129,GitHub/crossbeam-rs/crossbeam,2
2020-10-01,18006,3391,GitHub/crossbeam-rs/crossbeam,16
2020-10-01,18006,2969,GitHub/crossbeam-rs/crossbeam,44
2020-10-01,18006,3096,GitHub/crossbeam-rs/crossbeam,19
2020-10-01,18006,3025,GitHub/crossbeam-rs/crossbeam,1
2020-10-01,18006,615,GitHub/crossbeam-rs/crossbeam,1
2020-10-01,18006,3386,GitHub/crossbeam-rs/crossbeam,2
2020-10-01,18006,3393,GitHub/crossbeam-rs/crossbeam,1
2020-10-01,19184,3048,GitHub/bluss/scopeguard,6
2020-10-01,19184,2968,GitHub/bluss/scopeguard,1
2020-10-01,19468,417,GitHub/servo/rust-fnv,1
2020-10-01,19468,3173,GitHub/servo/rust-fnv,2
2020-10-01,20410,3973,GitHub/mgeisler/textwrap,1
2020-10-01,20410,3977,GitHub/mgeisler/textwrap,1
2020-10-01,20410,2872,GitHub/mgeisler/textwrap,65
2020-10-01,20699,3018,GitHub/Amanieu/parking_lot,2
2020-10-01,20699,3024,GitHub/Amanieu/parking_lot,2
2020-10-01,20699,3021,GitHub/Amanieu/parking_lot,2
2020-10-01,20699,168,GitHub/Amanieu/parking_lot,9
2020-10-01,20699,2903,GitHub/Amanieu/parking_lot,1
2020-10-01,20699,182,GitHub/Amanieu/parking_lot,5
2020-10-01,20699,3027,GitHub/Amanieu/parking_lot,5
2020-10-01,20699,3025,GitHub/Amanieu/parking_lot,1
2020-10-01,20699,2968,GitHub/Amanieu/parking_lot,35
2020-10-01,20699,2992,GitHub/Amanieu/parking_lot,4
2020-10-01,20699,184,GitHub/Amanieu/parking_lot,6
2020-10-01,20699,2900,GitHub/Amanieu/parking_lot,1
2020-10-01,20699,3026,GitHub/Amanieu/parking_lot,1
2020-10-01,20699,3028,GitHub/Amanieu/parking_lot,1
2020-10-01,20699,3022,GitHub/Amanieu/parking_lot,1
2020-10-01,20949,950,GitHub/Geal/nom,2
2020-10-01,20949,3678,GitHub/Geal/nom,1
2020-10-01,20949,3852,GitHub/Geal/nom,1
2020-10-01,20949,3666,GitHub/Geal/nom,1
2020-10-01,20949,1184,GitHub/Geal/nom,1
2020-10-01,20949,3684,GitHub/Geal/nom,1
2020-10-01,20949,3857,GitHub/Geal/nom,1
2020-10-01,20949,3680,GitHub/Geal/nom,1
2020-10-01,20949,3683,GitHub/Geal/nom,1
2020-10-01,20949,3869,GitHub/Geal/nom,1
2020-10-01,20949,3675,GitHub/Geal/nom,1
2020-10-01,20949,3862,GitHub/Geal/nom,1
2020-10-01,20949,3159,GitHub/Geal/nom,1
2020-10-01,20949,3651,GitHub/Geal/nom,1
2020-10-01,20949,3668,GitHub/Geal/nom,1
2020-10-01,20949,3667,GitHub/Geal/nom,1
2020-10-01,20949,3676,GitHub/Geal/nom,1
2020-10-01,20949,3672,GitHub/Geal/nom,1
2020-10-01,20949,3864,GitHub/Geal/nom,1
2020-10-01,20949,2927,GitHub/Geal/nom,1
2020-10-01,20949,2985,GitHub/Geal/nom,1
2020-10-01,20949,966,GitHub/Geal/nom,2
2020-10-01,20949,3673,GitHub/Geal/nom,1
2020-10-01,20949,611,GitHub/Geal/nom,4
2020-10-01,20949,3856,GitHub/Geal/nom,4
2020-10-01,20949,3677,GitHub/Geal/nom,1
2020-10-01,20949,3828,GitHub/Geal/nom,1
2020-10-01,20949,3681,GitHub/Geal/nom,1
2020-10-01,20949,3665,GitHub/Geal/nom,6
2020-10-01,20949,1476,GitHub/Geal/nom,1
2020-10-01,20949,959,GitHub/Geal/nom,1
2020-10-01,20949,3867,GitHub/Geal/nom,1
2020-10-01,20949,3865,GitHub/Geal/nom,1
2020-10-01,20949,3863,GitHub/Geal/nom,1
2020-10-01,20949,3534,GitHub/Geal/nom,61
2020-10-01,20949,3671,GitHub/Geal/nom,1
2020-10-01,20949,3855,GitHub/Geal/nom,2
2020-10-01,20949,3853,GitHub/Geal/nom,1
2020-10-01,20949,2873,GitHub/Geal/nom,1
2020-10-01,20949,3669,GitHub/Geal/nom,2
2020-10-01,20949,3312,GitHub/Geal/nom,2
2020-10-01,20949,3255,GitHub/Geal/nom,1
2020-10-01,20949,3861,GitHub/Geal/nom,1
2020-10-01,20949,1189,GitHub/Geal/nom,1
2020-10-01,20949,1190,GitHub/Geal/nom,1
2020-10-01,20949,981,GitHub/Geal/nom,2
2020-10-01,20949,3866,GitHub/Geal/nom,1
2020-10-01,20949,3674,GitHub/Geal/nom,1
2020-10-01,20949,3679,GitHub/Geal/nom,1
2020-10-01,20949,3682,GitHub/Geal/nom,1
2020-10-01,20949,3860,GitHub/Geal/nom,1
2020-10-01,20949,3868,GitHub/Geal/nom,1
2020-10-01,20949,3854,GitHub/Geal/nom,1
2020-10-01,20949,3858,GitHub/Geal/nom,1
2020-10-01,20949,3859,GitHub/Geal/nom,1
2020-10-01,20949,3097,GitHub/Geal/nom,1
2020-10-01,21282,3100,GitHub/bluss/arrayvec,1
2020-10-01,21282,286,GitHub/bluss/arrayvec,2
2020-10-01,21282,2884,GitHub/bluss/arrayvec,1
2020-10-01,21282,3020,GitHub/bluss/arrayvec,1
2020-10-01,21282,268,GitHub/bluss/arrayvec,7
2020-10-01,21445,1287,GitHub/marshallpierce/rust-base64,1
2020-10-01,21445,3942,GitHub/marshallpierce/rust-base64,1
2020-10-01,21445,3940,GitHub/marshallpierce/rust-base64,2
2020-10-01,21445,2873,GitHub/marshallpierce/rust-base64,1
2020-10-01,21445,3941,GitHub/marshallpierce/rust-base64,2
2020-10-01,21445,3852,GitHub/marshallpierce/rust-base64,1
2020-10-01,21445,1281,GitHub/marshallpierce/rust-base64,43
2020-10-01,21445,3883,GitHub/marshallpierce/rust-base64,1
2020-10-01,22724,2945,GitHub/rust-lang/log,8
2020-10-01,22724,4467,GitHub/rust-lang/log,1
2020-10-01,22724,1943,GitHub/rust-lang/log,1
2020-10-01,22724,4487,GitHub/rust-lang/log,5
2020-10-01,22724,2912,GitHub/rust-lang/log,1
2020-10-01,22724,4470,GitHub/rust-lang/log,1
2020-10-01,22724,3113,GitHub/rust-lang/log,2
2020-10-01,22724,4469,GitHub/rust-lang/log,1
2020-10-01,22724,3221,GitHub/rust-lang/log,1
2020-10-01,22724,4489,GitHub/rust-lang/log,3
2020-10-01,22724,4237,GitHub/rust-lang/log,1
2020-10-01,22724,3044,GitHub/rust-lang/log,19
2020-10-01,22724,4468,GitHub/rust-lang/log,2
2020-10-01,22724,2867,GitHub/rust-lang/log,1
2020-10-01,22724,4488,GitHub/rust-lang/log,1
2020-10-01,22804,2867,GitHub/alexcrichton/cfg-if,3
2020-10-01,23287,4002,GitHub/rust-itertools/itertools,15
2020-10-01,23287,1494,GitHub/rust-itertools/itertools,1
2020-10-01,23287,3211,GitHub/rust-itertools/itertools,1
2020-10-01,23287,3025,GitHub/rust-itertools/itertools,1
2020-10-01,23287,4107,GitHub/rust-itertools/itertools,2
2020-10-01,23287,4105,GitHub/rust-itertools/itertools,3
2020-10-01,23287,1492,GitHub/rust-itertools/itertools,1
2020-10-01,23287,3188,GitHub/rust-itertools/itertools,3
2020-10-01,23287,4067,GitHub/rust-itertools/itertools,6
2020-10-01,23287,4068,GitHub/rust-itertools/itertools,67
2020-10-01,23287,4109,GitHub/rust-itertools/itertools,2
2020-10-01,23287,4111,GitHub/rust-itertools/itertools,1
2020-10-01,23287,4110,GitHub/rust-itertools/itertools,1
2020-10-01,23287,1476,GitHub/rust-itertools/itertools,2
2020-10-01,23287,4088,GitHub/rust-itertools/itertools,13
2020-10-01,23287,4113,GitHub/rust-itertools/itertools,1
2020-10-01,23287,4112,GitHub/rust-itertools/itertools,7
2020-10-01,23287,4108,GitHub/rust-itertools/itertools,14
2020-10-01,23287,4114,GitHub/rust-itertools/itertools,2
2020-10-01,23287,1496,GitHub/rust-itertools/itertools,52
2020-10-01,23287,4106,GitHub/rust-itertools/itertools,1
2020-10-01,23287,3608,GitHub/rust-itertools/itertools,1
2020-10-01,23287,362,GitHub/rust-itertools/itertools,2
2020-10-01,23287,3106,GitHub/rust-itertools/itertools,4
2020-10-01,23287,4073,GitHub/rust-itertools/itertools,2
2020-10-01,23287,2485,GitHub/rust-itertools/itertools,1
2020-10-01,24455,2912,GitHub/serde-rs/json,225
2020-10-01,24455,4752,GitHub/serde-rs/json,1
2020-10-01,24455,3527,GitHub/serde-rs/json,1
2020-10-01,24455,4757,GitHub/serde-rs/json,1
2020-10-01,24455,3629,GitHub/serde-rs/json,12
2020-10-01,24455,3835,GitHub/serde-rs/json,1
2020-10-01,24455,3756,GitHub/serde-rs/json,1
2020-10-01,24455,2866,GitHub/serde-rs/json,1
2020-10-01,24455,4745,GitHub/serde-rs/json,2
2020-10-01,24455,3490,GitHub/serde-rs/json,1
2020-10-01,24455,1476,GitHub/serde-rs/json,1
2020-10-01,24455,4753,GitHub/serde-rs/json,1
2020-10-01,24455,4232,GitHub/serde-rs/json,4
2020-10-01,24455,3003,GitHub/serde-rs/json,2
2020-10-01,25976,4563,GitHub/rust-lang/regex,4
2020-10-01,25976,3043,GitHub/rust-lang/regex,40
2020-10-01,25976,4562,GitHub/rust-lang/regex,1
2020-10-01,25976,3464,GitHub/rust-lang/regex,1
2020-10-01,25976,2060,GitHub/rust-lang/regex,1
2020-10-01,25976,385,GitHub/rust-lang/regex,2
2020-10-01,25976,3698,GitHub/rust-lang/regex,5
2020-10-01,25976,3940,GitHub/rust-lang/regex,1
2020-10-01,25976,3031,GitHub/rust-lang/regex,1
2020-10-01,25976,4564,GitHub/rust-lang/regex,2
2020-10-01,25976,2873,GitHub/rust-lang/regex,1
2020-10-01,25976,4560,GitHub/rust-lang/regex,1
2020-10-01,25976,2867,GitHub/rust-lang/regex,1
2020-10-01,25976,4566,GitHub/rust-lang/regex,1
2020-10-01,26074,4002,GitHub/paholg/typenum,2
2020-10-01,26074,4003,GitHub/paholg/typenum,1
2020-10-01,26074,3614,GitHub/paholg/typenum,17
2020-10-01,26074,4001,GitHub/paholg/typenum,1
2020-10-01,26074,3948,GitHub/paholg/typenum,3
2020-10-01,26074,3999,GitHub/paholg/typenum,4
2020-10-01,26074,3020,GitHub/paholg/typenum,1
2020-10-01,28336,3718,GitHub/RustCrypto/traits,2
2020-10-01,28336,2060,GitHub/RustCrypto/traits,1
2020-10-01,28336,3189,GitHub/RustCrypto/traits,11
2020-10-01,28336,4017,GitHub/RustCrypto/traits,2
2020-10-01,28336,3452,GitHub/RustCrypto/traits,1
2020-10-01,28336,4008,GitHub/RustCrypto/traits,299
2020-10-01,28336,4003,GitHub/RustCrypto/traits,2
2020-10-01,28336,3422,GitHub/RustCrypto/traits,1
2020-10-01,28705,707,GitHub/dguo/strsim-rs,1
2020-10-01,28705,3470,GitHub/dguo/strsim-rs,1
2020-10-01,28877,5004,GitHub/unicode-rs/unicode-xid,1
2020-10-01,28877,3506,GitHub/unicode-rs/unicode-xid,1
2020-10-01,28877,3173,GitHub/unicode-rs/unicode-xid,6
2020-10-01,28877,3437,GitHub/unicode-rs/unicode-xid,2
2020-10-01,30968,2343,GitHub/SergioBenitez/version_check,1
2020-10-01,30968,2344,GitHub/SergioBenitez/version_check,1
2020-10-01,30968,3951,GitHub/SergioBenitez/version_check,1
2020-10-01,32560,417,GitHub/BurntSushi/memchr,2
2020-10-01,32560,3043,GitHub/BurntSushi/memchr,15
2020-10-01,32560,414,GitHub/BurntSushi/memchr,1
2020-10-01,32560,3222,GitHub/BurntSushi/memchr,2
2020-10-01,32560,3221,GitHub/BurntSushi/memchr,1
2020-10-01,32560,3220,GitHub/BurntSushi/memchr,2
2020-10-01,33435,2912,GitHub/dtolnay/itoa,14
2020-10-01,33435,741,GitHub/dtolnay/itoa,1
2020-10-01,34191,3097,GitHub/RustCrypto/utils,1
2020-10-01,34191,2897,GitHub/RustCrypto/utils,1
2020-10-01,34191,4008,GitHub/RustCrypto/utils,29
2020-10-01,34191,3471,GitHub/RustCrypto/utils,2
2020-10-01,34191,3189,GitHub/RustCrypto/utils,28
2020-10-01,34831,3106,GitHub/rust-lang/futures-rs,3
2020-10-01,34831,3389,GitHub/rust-lang/futures-rs,1
2020-10-01,34831,1826,GitHub/rust-lang/futures-rs,1
2020-10-01,34831,4371,GitHub/rust-lang/futures-rs,1
2020-10-01,34831,1823,GitHub/rust-lang/futures-rs,3
2020-10-01,34831,3388,GitHub/rust-lang/futures-rs,1
2020-10-01,34831,4379,GitHub/rust-lang/futures-rs,1
2020-10-01,34831,4375,GitHub/rust-lang/futures-rs,2
2020-10-01,34831,4364,GitHub/rust-lang/futures-rs,1
2020-10-01,34831,4366,GitHub/rust-lang/futures-rs,1
2020-10-01,34831,4372,GitHub/rust-lang/futures-rs,1
2020-10-01,34831,4368,GitHub/rust-lang/futures-rs,1
2020-10-01,34831,4363,GitHub/rust-lang/futures-rs,3
2020-10-01,34831,4240,GitHub/rust-lang/futures-rs,2
2020-10-01,34831,3488,GitHub/rust-lang/futures-rs,1
2020-10-01,34831,4352,GitHub/rust-lang/futures-rs,7
2020-10-01,34831,3950,GitHub/rust-lang/futures-rs,2
2020-10-01,34831,3990,GitHub/rust-lang/futures-rs,1
2020-10-01,34831,1821,GitHub/rust-lang/futures-rs,1
2020-10-01,34831,4365,GitHub/rust-lang/futures-rs,1
2020-10-01,34831,3113,GitHub/rust-lang/futures-rs,3
2020-10-01,34831,1806,GitHub/rust-lang/futures-rs,1
2020-10-01,34831,3139,GitHub/rust-lang/futures-rs,1
2020-10-01,34831,4254,GitHub/rust-lang/futures-rs,5
2020-10-01,34831,611,GitHub/rust-lang/futures-rs,1
2020-10-01,34831,4367,GitHub/rust-lang/futures-rs,1
2020-10-01,34831,1824,GitHub/rust-lang/futures-rs,1
2020-10-01,34831,2900,GitHub/rust-lang/futures-rs,1
2020-10-01,34831,3502,GitHub/rust-lang/futures-rs,18
2020-10-01,34831,1825,GitHub/rust-lang/futures-rs,1
2020-10-01,34831,4378,GitHub/rust-lang/futures-rs,1
2020-10-01,34831,3362,GitHub/rust-lang/futures-rs,2
2020-10-01,34831,1817,GitHub/rust-lang/futures-rs,1
2020-10-01,34831,4344,GitHub/rust-lang/futures-rs,7
2020-10-01,34831,3147,GitHub/rust-lang/futures-rs,2
2020-10-01,34831,4319,GitHub/rust-lang/futures-rs,1
2020-10-01,34831,3428,GitHub/rust-lang/futures-rs,1
2020-10-01,34831,4374,GitHub/rust-lang/futures-rs,44
2020-10-01,34831,3581,GitHub/rust-lang/futures-rs,7
2020-10-01,34831,2969,GitHub/rust-lang/futures-rs,26
2020-10-01,34831,4369,GitHub/rust-lang/futures-rs,1
2020-10-01,34831,4381,GitHub/rust-lang/futures-rs,5
2020-10-01,34831,3436,GitHub/rust-lang/futures-rs,1
2020-10-01,34831,204,GitHub/rust-lang/futures-rs,1
2020-10-01,34831,4380,GitHub/rust-lang/futures-rs,1
2020-10-01,34831,4370,GitHub/rust-lang/futures-rs,1
2020-10-01,34831,4373,GitHub/rust-lang/futures-rs,1
2020-10-01,35574,2970,GitHub/unicode-rs/unicode-normalization,1
2020-10-01,35574,2869,GitHub/unicode-rs/unicode-normalization,1
2020-10-01,35574,2890,GitHub/unicode-rs/unicode-normalization,4
2020-10-01,35574,3173,GitHub/unicode-rs/unicode-normalization,9
2020-10-01,35574,2880,GitHub/unicode-rs/unicode-normalization,1
2020-10-01,35574,2485,GitHub/unicode-rs/unicode-normalization,1
2020-10-01,35574,4623,GitHub/unicode-rs/unicode-normalization,10
2020-10-01,35737,3025,GitHub/cuviper/autocfg,10
2020-10-01,35737,3456,GitHub/cuviper/autocfg,2
2020-10-01,35737,3457,GitHub/cuviper/autocfg,1
2020-10-01,36424,2950,GitHub/steveklabnik/semver-parser,3
2020-10-01,36424,2877,GitHub/steveklabnik/semver-parser,4
2020-10-01,37083,2873,GitHub/BurntSushi/termcolor,2
2020-10-01,37083,3043,GitHub/BurntSushi/termcolor,11
2020-10-01,37083,3228,GitHub/BurntSushi/termcolor,2
2020-10-01,37083,3227,GitHub/BurntSushi/termcolor,1
2020-10-01,37101,3874,GitHub/Gilnaa/memoffset,1
2020-10-01,37101,3870,GitHub/Gilnaa/memoffset,7
2020-10-01,37101,1199,GitHub/Gilnaa/memoffset,3
2020-10-01,37101,3013,GitHub/Gilnaa/memoffset,17
2020-10-01,37101,3873,GitHub/Gilnaa/memoffset,1
2020-10-01,37101,2968,GitHub/Gilnaa/memoffset,7
2020-10-01,37612,3510,GitHub/dtolnay/quote,1
2020-10-01,37612,3437,GitHub/dtolnay/quote,1
2020-10-01,37612,3511,GitHub/dtolnay/quote,2
2020-10-01,37612,3403,GitHub/dtolnay/quote,1
2020-10-01,37612,2912,GitHub/dtolnay/quote,41
2020-10-01,37844,2268,GitHub/softprops/atty,1
2020-10-01,37844,155,GitHub/softprops/atty,1
2020-10-01,37844,4270,GitHub/softprops/atty,3
2020-10-01,38667,268,GitHub/bluss/indexmap,8
2020-10-01,38667,2988,GitHub/bluss/indexmap,2
2020-10-01,38667,3157,GitHub/bluss/indexmap,4
2020-10-01,38667,3025,GitHub/bluss/indexmap,80
2020-10-01,38667,3160,GitHub/bluss/indexmap,1
2020-10-01,38667,3153,GitHub/bluss/indexmap,3
2020-10-01,38667,3159,GitHub/bluss/indexmap,1
2020-10-01,38667,3158,GitHub/bluss/indexmap,4
2020-10-01,39779,4612,GitHub/time-rs/time,9
2020-10-01,39779,3951,GitHub/time-rs/time,142
2020-10-01,39779,3031,GitHub/time-rs/time,1
2020-10-01,39779,3221,GitHub/time-rs/time,1
2020-10-01,39779,4915,GitHub/time-rs/time,1
2020-10-01,39779,4919,GitHub/time-rs/time,2
2020-10-01,39779,4917,GitHub/time-rs/time,1
2020-10-01,39779,4845,GitHub/time-rs/time,1
2020-10-01,39779,3025,GitHub/time-rs/time,2
2020-10-01,39779,4914,GitHub/time-rs/time,1
2020-10-01,39779,3219,GitHub/time-rs/time,1
2020-10-01,39779,4918,GitHub/time-rs/time,1
2020-10-01,39779,2505,GitHub/time-rs/time,1
2020-10-01,39779,4201,GitHub/time-rs/time,2
2020-10-01,39779,2498,GitHub/time-rs/time,1
2020-10-01,39779,4916,GitHub/time-rs/time,1
2020-10-01,39779,4920,GitHub/time-rs/time,1
2020-10-01,40796,3453,GitHub/cryptocorrosion/cryptocorrosion,10
2020-10-01,40796,3454,GitHub/cryptocorrosion/cryptocorrosion,1
2020-10-01,40796,3448,GitHub/cryptocorrosion/cryptocorrosion,23
2020-10-01,40937,2936,GitHub/dtolnay/semver,1
2020-10-01,40937,2877,GitHub/dtolnay/semver,10
2020-10-01,40937,3523,GitHub/dtolnay/semver,5
2020-10-01,40937,3524,GitHub/dtolnay/semver,1
2020-10-01,40937,785,GitHub/dtolnay/semver,1
2020-10-01,40937,3525,GitHub/dtolnay/semver,2
2020-10-01,40937,2950,GitHub/dtolnay/semver,20
2020-10-01,41752,3404,GitHub/servo/rust-url,1
2020-10-01,41752,2874,GitHub/servo/rust-url,1
2020-10-01,41752,4842,GitHub/servo/rust-url,1
2020-10-01,41752,1252,GitHub/servo/rust-url,5
2020-10-01,41752,2449,GitHub/servo/rust-url,1
2020-10-01,41752,4877,GitHub/servo/rust-url,1
2020-10-01,41752,2428,GitHub/servo/rust-url,5
2020-10-01,41752,2445,GitHub/servo/rust-url,1
2020-10-01,41752,417,GitHub/servo/rust-url,1
2020-10-01,41752,4878,GitHub/servo/rust-url,1
2020-10-01,41752,2447,GitHub/servo/rust-url,1
2020-10-01,41752,4879,GitHub/servo/rust-url,1
2020-10-01,41752,1476,GitHub/servo/rust-url,3
2020-10-01,41752,741,GitHub/servo/rust-url,1
2020-10-01,41752,4073,GitHub/servo/rust-url,1
2020-10-01,41752,4864,GitHub/servo/rust-url,10
2020-10-01,41752,3413,GitHub/servo/rust-url,1
2020-10-01,41752,2444,GitHub/servo/rust-url,2
2020-10-01,41752,3471,GitHub/servo/rust-url,65
2020-10-01,41752,2914,GitHub/servo/rust-url,1
2020-10-01,41752,3630,GitHub/servo/rust-url,1
2020-10-01,41752,3835,GitHub/servo/rust-url,1
2020-10-01,41752,3706,GitHub/servo/rust-url,1
2020-10-01,41957,2912,GitHub/dtolnay/proc-macro2,198
2020-10-01,41957,3497,GitHub/dtolnay/proc-macro2,2
2020-10-01,41957,3498,GitHub/dtolnay/proc-macro2,1
2020-10-01,41957,3496,GitHub/dtolnay/proc-macro2,2
2020-10-01,41957,748,GitHub/dtolnay/proc-macro2,1
2020-10-01,41957,3069,GitHub/dtolnay/proc-macro2,1
2020-10-01,42413,2912,GitHub/dtolnay/ryu,61
2020-10-01,42655,353,GitHub/rust-lang/socket2,2
2020-10-01,42655,4610,GitHub/rust-lang/socket2,1
2020-10-01,42655,2867,GitHub/rust-lang/socket2,4
2020-10-01,42655,2118,GitHub/rust-lang/socket2,2
2020-10-01,42655,3113,GitHub/rust-lang/socket2,23
2020-10-01,42655,4612,GitHub/rust-lang/socket2,1
2020-10-01,42655,2123,GitHub/rust-lang/socket2,1
2020-10-01,42655,4604,GitHub/rust-lang/socket2,1
2020-10-01,42655,168,GitHub/rust-lang/socket2,3
2020-10-01,42655,3067,GitHub/rust-lang/socket2,1
2020-10-01,42655,4608,GitHub/rust-lang/socket2,1
2020-10-01,42655,2121,GitHub/rust-lang/socket2,2
2020-10-01,42655,3651,GitHub/rust-lang/socket2,1
2020-10-01,42655,4611,GitHub/rust-lang/socket2,1
2020-10-01,42677,5008,GitHub/withoutboats/heck,1
2020-10-01,44362,4429,GitHub/rust-lang/hashbrown,11
2020-10-01,44362,1888,GitHub/rust-lang/hashbrown,1
2020-10-01,44362,3506,GitHub/rust-lang/hashbrown,1
2020-10-01,44362,3025,GitHub/rust-lang/hashbrown,10
2020-10-01,44362,3147,GitHub/rust-lang/hashbrown,1
2020-10-01,44362,4430,GitHub/rust-lang/hashbrown,1
2020-10-01,44362,204,GitHub/rust-lang/hashbrown,4
2020-10-01,44362,3205,GitHub/rust-lang/hashbrown,1
2020-10-01,44362,4426,GitHub/rust-lang/hashbrown,6
2020-10-01,44362,3362,GitHub/rust-lang/hashbrown,17
2020-10-01,44362,2968,GitHub/rust-lang/hashbrown,35
2020-10-01,44362,4428,GitHub/rust-lang/hashbrown,2
2020-10-01,44362,1889,GitHub/rust-lang/hashbrown,1
2020-10-01,44362,3063,GitHub/rust-lang/hashbrown,1
2020-10-01,44362,4427,GitHub/rust-lang/hashbrown,1
2020-10-01,44362,4088,GitHub/rust-lang/hashbrown,18
2020-10-01,44362,2988,GitHub/rust-lang/hashbrown,11
2020-10-01,45748,2912,GitHub/dtolnay/thiserror,69
2020-10-01,46027,2875,GitHub/alexcrichton/toml-rs,1
2020-10-01,46027,2867,GitHub/alexcrichton/toml-rs,1
2020-10-01,46027,2883,GitHub/alexcrichton/toml-rs,1
2020-10-01,46027,2882,GitHub/alexcrichton/toml-rs,3
2020-10-01,46027,2881,GitHub/alexcrichton/toml-rs,2
2020-10-01,46027,2880,GitHub/alexcrichton/toml-rs,1
2020-10-01,46178,3464,GitHub/rust-lang-nursery/lazy-static.rs,1
2020-10-01,46178,3044,GitHub/rust-lang-nursery/lazy-static.rs,3
2020-10-01,46178,286,GitHub/rust-lang-nursery/lazy-static.rs,5
2020-10-01,46178,2976,GitHub/rust-lang-nursery/lazy-static.rs,6
2020-10-01,46178,2873,GitHub/rust-lang-nursery/lazy-static.rs,1
2020-10-01,46178,155,GitHub/rust-lang-nursery/lazy-static.rs,1
2020-10-01,46178,741,GitHub/rust-lang-nursery/lazy-static.rs,1
2020-10-01,48512,2227,GitHub/rust-random/getrandom,3
2020-10-01,48512,4692,GitHub/rust-random/getrandom,57
2020-10-01,48512,4694,GitHub/rust-random/getrandom,2
2020-10-01,48512,3189,GitHub/rust-random/getrandom,2
2020-10-01,48512,1402,GitHub/rust-random/getrandom,2
2020-10-01,49067,2900,GitHub/Amanieu/thread_local-rs,1
2020-10-01,49067,2968,GitHub/Amanieu/thread_local-rs,2
2020-10-01,49067,155,GitHub/Amanieu/thread_local-rs,1
2020-10-01,49075,4162,GitHub/rust-lang/pkg-config-rs,3
2020-10-01,49075,4500,GitHub/rust-lang/pkg-config-rs,1
2020-10-01,49075,2909,GitHub/rust-lang/pkg-config-rs,1
2020-10-01,49075,3194,GitHub/rust-lang/pkg-config-rs,8
2020-10-01,49075,4497,GitHub/rust-lang/pkg-config-rs,1
2020-10-01,52462,3630,GitHub/Frommi/miniz_oxide,1
2020-10-01,52462,3313,GitHub/Frommi/miniz_oxide,2
2020-10-01,52462,3632,GitHub/Frommi/miniz_oxide,1
2020-10-01,52462,904,GitHub/Frommi/miniz_oxide,1
2020-10-01,52462,3633,GitHub/Frommi/miniz_oxide,2
2020-10-01,52462,898,GitHub/Frommi/miniz_oxide,16
2020-10-01,52462,3631,GitHub/Frommi/miniz_oxide,1
2020-10-01,52462,2890,GitHub/Frommi/miniz_oxide,1
2020-10-01,52462,2869,GitHub/Frommi/miniz_oxide,1
2020-10-01,52462,2867,GitHub/Frommi/miniz_oxide,1
2020-10-01,52462,421,GitHub/Frommi/miniz_oxide,1
2020-10-01,52465,3105,GitHub/fizyk20/generic-array,1
2020-10-01,52465,3622,GitHub/fizyk20/generic-array,4
2020-10-01,52465,2343,GitHub/fizyk20/generic-array,1
2020-10-01,52465,3623,GitHub/fizyk20/generic-array,1
2020-10-01,52465,155,GitHub/fizyk20/generic-array,1
2020-10-01,52465,3607,GitHub/fizyk20/generic-array,27
2020-10-01,52465,3624,GitHub/fizyk20/generic-array,3
2020-10-01,52465,894,GitHub/fizyk20/generic-array,2
2020-11-01,602,4995,GitHub/unicode-rs/unicode-segmentation,2
2020-11-01,602,3173,GitHub/unicode-rs/unicode-segmentation,8
2020-11-01,602,4997,GitHub/unicode-rs/unicode-segmentation,4
2020-11-01,602,4996,GitHub/unicode-rs/unicode-segmentation,1
2020-11-01,626,3922,GitHub/hyperium/http,9
2020-11-01,626,3923,GitHub/hyperium/http,1
2020-11-01,626,3925,GitHub/hyperium/http,1
2020-11-01,626,3921,GitHub/hyperium/http,2
2020-11-01,626,3878,GitHub/hyperium/http,4
2020-11-01,626,2988,GitHub/hyperium/http,1
2020-11-01,3150,4727,GitHub/seanmonstar/num_cpus,1
2020-11-01,3150,1848,GitHub/seanmonstar/num_cpus,1
2020-11-01,3150,4728,GitHub/seanmonstar/num_cpus,1
2020-11-01,3150,3878,GitHub/seanmonstar/num_cpus,6
2020-11-01,3509,2880,GitHub/unicode-rs/unicode-width,1
2020-11-01,3509,155,GitHub/unicode-rs/unicode-width,1
2020-11-01,3509,3173,GitHub/unicode-rs/unicode-width,2
2020-11-01,4484,3184,GitHub/BurntSushi/byteorder,1
2020-11-01,4484,3043,GitHub/BurntSushi/byteorder,9
2020-11-01,4486,3360,GitHub/contain-rs/vec-map,1
2020-11-01,4486,3193,GitHub/contain-rs/vec-map,3
2020-11-01,4486,2868,GitHub/contain-rs/vec-map,4
2020-11-01,4733,2912,GitHub/dtolnay/syn,426
2020-11-01,4733,3564,GitHub/dtolnay/syn,1
2020-11-01,4733,2969,GitHub/dtolnay/syn,14
2020-11-01,4733,3566,GitHub/dtolnay/syn,1
2020-11-01,4733,2897,GitHub/dtolnay/syn,1
2020-11-01,4733,2911,GitHub/dtolnay/syn,1
2020-11-01,4733,830,GitHub/dtolnay/syn,1
2020-11-01,4733,753,GitHub/dtolnay/syn,1
2020-11-01,4733,3031,GitHub/dtolnay/syn,1
2020-11-01,4733,3568,GitHub/dtolnay/syn,1
2020-11-01,4733,835,GitHub/dtolnay/syn,2
2020-11-01,4733,3567,GitHub/dtolnay/syn,1
2020-11-01,5249,2969,GitHub/taiki-e/pin-project-lite,125
2020-11-01,6681,3472,GitHub/djc/rustc-version-rs,4
2020-11-01,6681,155,GitHub/djc/rustc-version-rs,1
2020-11-01,6681,3473,GitHub/djc/rustc-version-rs,1
2020-11-01,7322,4822,GitHub/servo/rust-smallvec,1
2020-11-01,7322,4821,GitHub/servo/rust-smallvec,1
2020-11-01,7322,3413,GitHub/servo/rust-smallvec,7
2020-11-01,7322,741,GitHub/servo/rust-smallvec,1
2020-11-01,7322,4815,GitHub/servo/rust-smallvec,2
2020-11-01,7322,3013,GitHub/servo/rust-smallvec,2
2020-11-01,7322,4808,GitHub/servo/rust-smallvec,1
2020-11-01,7322,3011,GitHub/servo/rust-smallvec,1
2020-11-01,7322,3502,GitHub/servo/rust-smallvec,1
2020-11-01,7322,3100,GitHub/servo/rust-smallvec,3
2020-11-01,7322,2365,GitHub/servo/rust-smallvec,1
2020-11-01,7322,3025,GitHub/servo/rust-smallvec,1
2020-11-01,7322,2988,GitHub/servo/rust-smallvec,16
2020-11-01,7322,287,GitHub/servo/rust-smallvec,1
2020-11-01,7415,362,GitHub/BurntSushi/aho-corasick,1
2020-11-01,7415,3043,GitHub/BurntSushi/aho-corasick,26
2020-11-01,7415,3179,GitHub/BurntSushi/aho-corasick,1
2020-11-01,7415,3178,GitHub/BurntSushi/aho-corasick,1
2020-11-01,7415,2873,GitHub/BurntSushi/aho-corasick,1
2020-11-01,12228,2254,GitHub/seanmonstar/httparse,1
2020-11-01,12228,2866,GitHub/seanmonstar/httparse,2
2020-11-01,12228,4719,GitHub/seanmonstar/httparse,1
2020-11-01,12228,4380,GitHub/seanmonstar/httparse,2
2020-11-01,12228,2256,GitHub/seanmonstar/httparse,1
2020-11-01,12266,220,GitHub/bitflags/bitflags,1
2020-11-01,12266,3051,GitHub/bitflags/bitflags,2
2020-11-01,12266,3044,GitHub/bitflags/bitflags,1
2020-11-01,12266,3050,GitHub/bitflags/bitflags,1
2020-11-01,12266,3060,GitHub/bitflags/bitflags,5
2020-11-01,12266,3052,GitHub/bitflags/bitflags,1
2020-11-01,13804,3484,GitHub/dtolnay/anyhow,1
2020-11-01,13804,3107,GitHub/dtolnay/anyhow,1
2020-11-01,13804,3327,GitHub/dtolnay/anyhow,1
2020-11-01,13804,3483,GitHub/dtolnay/anyhow,1
2020-11-01,13804,2909,GitHub/dtolnay/anyhow,1
2020-11-01,13804,2912,GitHub/dtolnay/anyhow,52
2020-11-01,14306,4639,GitHub/rust-num/num-integer,7
2020-11-01,14306,3025,GitHub/rust-num/num-integer,10
2020-11-01,16183,4186,GitHub/rust-lang/cc-rs,1
2020-11-01,16183,4202,GitHub/rust-lang/cc-rs,1
2020-11-01,16183,4199,GitHub/rust-lang/cc-rs,1
2020-11-01,16183,4195,GitHub/rust-lang/cc-rs,1
2020-11-01,16183,4197,GitHub/rust-lang/cc-rs,1
2020-11-01,16183,1581,GitHub/rust-lang/cc-rs,1
2020-11-01,16183,1593,GitHub/rust-lang/cc-rs,1
2020-11-01,16183,4191,GitHub/rust-lang/cc-rs,1
2020-11-01,16183,4194,GitHub/rust-lang/cc-rs,1
2020-11-01,16183,3575,GitHub/rust-lang/cc-rs,1
2020-11-01,16183,3987,GitHub/rust-lang/cc-rs,1
2020-11-01,16183,2912,GitHub/rust-lang/cc-rs,2
2020-11-01,16183,4192,GitHub/rust-lang/cc-rs,1
2020-11-01,16183,4200,GitHub/rust-lang/cc-rs,1
2020-11-01,16183,4196,GitHub/rust-lang/cc-rs,2
2020-11-01,16183,4187,GitHub/rust-lang/cc-rs,2
2020-11-01,16183,4205,GitHub/rust-lang/cc-rs,1
2020-11-01,16183,4201,GitHub/rust-lang/cc-rs,1
2020-11-01,16183,4189,GitHub/rust-lang/cc-rs,1
2020-11-01,16183,1596,GitHub/rust-lang/cc-rs,1
2020-11-01,16183,3971,GitHub/rust-lang/cc-rs,1
2020-11-01,16183,3035,GitHub/rust-lang/cc-rs,1
2020-11-01,16183,2909,GitHub/rust-lang/cc-rs,1
2020-11-01,16183,4204,GitHub/rust-lang/cc-rs,1
2020-11-01,16183,1577,GitHub/rust-lang/cc-rs,1
2020-11-01,16183,2927,GitHub/rust-lang/cc-rs,2
2020-11-01,16183,2867,GitHub/rust-lang/cc-rs,16
2020-11-01,16183,1594,GitHub/rust-lang/cc-rs,1
2020-11-01,16183,4239,GitHub/rust-lang/cc-rs,1
2020-11-01,16183,4193,GitHub/rust-lang/cc-rs,1
2020-11-01,16183,4190,GitHub/rust-lang/cc-rs,1
2020-11-01,16183,4198,GitHub/rust-lang/cc-rs,1
2020-11-01,16183,4188,GitHub/rust-lang/cc-rs,1
2020-11-01,16183,1611,GitHub/rust-lang/cc-rs,2
2020-11-01,16183,3631,GitHub/rust-lang/cc-rs,1
2020-11-01,16259,2208,GitHub/rust-num/num-traits,3
2020-11-01,16259,3192,GitHub/rust-num/num-traits,1
2020-11-01,16259,3025,GitHub/rust-num/num-traits,18
2020-11-01,16259,4680,GitHub/rust-num/num-traits,2
2020-11-01,16259,3221,GitHub/rust-num/num-traits,1
2020-11-01,16259,3189,GitHub/rust-num/num-traits,1
2020-11-01,16259,4681,GitHub/rust-num/num-traits,3
2020-11-01,16259,4682,GitHub/rust-num/num-traits,2
2020-11-01,16492,4949,GitHub/tokio-rs/bytes,2
2020-11-01,16492,4948,GitHub/tokio-rs/bytes,1
2020-11-01,16492,3498,GitHub/tokio-rs/bytes,2
2020-11-01,16492,2911,GitHub/tokio-rs/bytes,1
2020-11-01,16492,4243,GitHub/tokio-rs/bytes,1
2020-11-01,16492,2900,GitHub/tokio-rs/bytes,2
2020-11-01,16492,3433,GitHub/tokio-rs/bytes,9
2020-11-01,16492,3015,GitHub/tokio-rs/bytes,1
2020-11-01,16492,4950,GitHub/tokio-rs/bytes,1
2020-11-01,16492,4393,GitHub/tokio-rs/bytes,1
2020-11-01,16492,2541,GitHub/tokio-rs/bytes,1
2020-11-01,16492,3878,GitHub/tokio-rs/bytes,8
2020-11-01,16492,2969,GitHub/tokio-rs/bytes,6
2020-11-01,16492,3147,GitHub/tokio-rs/bytes,3
2020-11-01,16492,4951,GitHub/tokio-rs/bytes,1
2020-11-01,16492,2543,GitHub/tokio-rs/bytes,2
2020-11-01,16492,4214,GitHub/tokio-rs/bytes,1
2020-11-01,17630,3123,GitHub/bluss/either,4
2020-11-01,17630,3124,GitHub/bluss/either,2
2020-11-01,17630,3025,GitHub/bluss/either,13
2020-11-01,17630,2884,GitHub/bluss/either,1
2020-11-01,17721,3948,GitHub/matklad/once_cell,1
2020-11-01,17721,3950,GitHub/matklad/once_cell,6
2020-11-01,17721,3048,GitHub/matklad/once_cell,1
2020-11-01,17721,3949,GitHub/matklad/once_cell,1
2020-11-01,17721,3951,GitHub/matklad/once_cell,1
2020-11-01,17721,1296,GitHub/matklad/once_cell,1
2020-11-01,17721,3025,GitHub/matklad/once_cell,1
2020-11-01,17721,3013,GitHub/matklad/once_cell,2
2020-11-01,17721,2970,GitHub/matklad/once_cell,19
2020-11-01,17721,168,GitHub/matklad/once_cell,1
2020-11-01,18006,3393,GitHub/crossbeam-rs/crossbeam,1
2020-11-01,18006,3129,GitHub/crossbeam-rs/crossbeam,2
2020-11-01,18006,611,GitHub/crossbeam-rs/crossbeam,1
2020-11-01,18006,3385,GitHub/crossbeam-rs/crossbeam,1
2020-11-01,18006,3388,GitHub/crossbeam-rs/crossbeam,5
2020-11-01,18006,3380,GitHub/crossbeam-rs/crossbeam,1
2020-11-01,18006,3390,GitHub/crossbeam-rs/crossbeam,1
2020-11-01,18006,3362,GitHub/crossbeam-rs/crossbeam,8
2020-11-01,18006,3387,GitHub/crossbeam-rs/crossbeam,1
2020-11-01,18006,3381,GitHub/crossbeam-rs/crossbeam,1
2020-11-01,18006,2969,GitHub/crossbeam-rs/crossbeam,49
2020-11-01,18006,3389,GitHub/crossbeam-rs/crossbeam,1
2020-11-01,18006,3386,GitHub/crossbeam-rs/crossbeam,2
2020-11-01,18006,622,GitHub/crossbeam-rs/crossbeam,1
2020-11-01,18006,3025,GitHub/crossbeam-rs/crossbeam,1
2020-11-01,18006,615,GitHub/crossbeam-rs/crossbeam,1
2020-11-01,18006,3096,GitHub/crossbeam-rs/crossbeam,19
2020-11-01,18006,353,GitHub/crossbeam-rs/crossbeam,26
2020-11-01,18006,3392,GitHub/crossbeam-rs/crossbeam,1
2020-11-01,18006,3383,GitHub/crossbeam-rs/crossbeam,7
2020-11-01,18006,168,GitHub/crossbeam-rs/crossbeam,3
2020-11-01,18006,2268,GitHub/crossbeam-rs/crossbeam,2
2020-11-01,18006,3382,GitHub/crossbeam-rs/crossbeam,2
2020-11-01,18006,3391,GitHub/crossbeam-rs/crossbeam,16
2020-11-01,19184,2968,GitHub/bluss/scopeguard,1
2020-11-01,19184,3048,GitHub/bluss/scopeguard,6
2020-11-01,19468,3173,GitHub/servo/rust-fnv,2
2020-11-01,19468,417,GitHub/servo/rust-fnv,1
2020-11-01,20410,3973,GitHub/mgeisler/textwrap,1
2020-11-01,20410,3977,GitHub/mgeisler/textwrap,1
2020-11-01,20410,2872,GitHub/mgeisler/textwrap,69
2020-11-01,20699,2988,GitHub/Amanieu/parking_lot,1
2020-11-01,20699,3019,GitHub/Amanieu/parking_lot,1
2020-11-01,20699,3022,GitHub/Amanieu/parking_lot,1
2020-11-01,20699,3021,GitHub/Amanieu/parking_lot,2
2020-11-01,20699,184,GitHub/Amanieu/parking_lot,6
2020-11-01,20699,3025,GitHub/Amanieu/parking_lot,1
2020-11-01,20699,182,GitHub/Amanieu/parking_lot,5
2020-11-01,20699,3028,GitHub/Amanieu/parking_lot,1
2020-11-01,20699,3018,GitHub/Amanieu/parking_lot,2
2020-11-01,20699,3026,GitHub/Amanieu/parking_lot,1
2020-11-01,20699,2992,GitHub/Amanieu/parking_lot,4
2020-11-01,20699,2900,GitHub/Amanieu/parking_lot,1
2020-11-01,20699,3024,GitHub/Amanieu/parking_lot,2
2020-11-01,20699,3020,GitHub/Amanieu/parking_lot,3
2020-11-01,20699,3027,GitHub/Amanieu/parking_lot,5
2020-11-01,20699,2968,GitHub/Amanieu/parking_lot,38
2020-11-01,20699,2903,GitHub/Amanieu/parking_lot,1
2020-11-01,20699,168,GitHub/Amanieu/parking_lot,9
2020-11-01,20949,3854,GitHub/Geal/nom,1
2020-11-01,20949,959,GitHub/Geal/nom,1
2020-11-01,20949,3859,GitHub/Geal/nom,1
2020-11-01,20949,1166,GitHub/Geal/nom,1
2020-11-01,20949,3475,GitHub/Geal/nom,2
2020-11-01,20949,3651,GitHub/Geal/nom,1
2020-11-01,20949,3855,GitHub/Geal/nom,2
2020-11-01,20949,3850,GitHub/Geal/nom,1
2020-11-01,20949,611,GitHub/Geal/nom,4
2020-11-01,20949,3847,GitHub/Geal/nom,2
2020-11-01,20949,3863,GitHub/Geal/nom,1
2020-11-01,20949,3671,GitHub/Geal/nom,1
2020-11-01,20949,3864,GitHub/Geal/nom,1
2020-11-01,20949,3312,GitHub/Geal/nom,2
2020-11-01,20949,3828,GitHub/Geal/nom,1
2020-11-01,20949,3853,GitHub/Geal/nom,1
2020-11-01,20949,3666,GitHub/Geal/nom,1
2020-11-01,20949,2873,GitHub/Geal/nom,1
2020-11-01,20949,3849,GitHub/Geal/nom,1
2020-11-01,20949,3669,GitHub/Geal/nom,2
2020-11-01,20949,3668,GitHub/Geal/nom,1
2020-11-01,20949,3857,GitHub/Geal/nom,1
2020-11-01,20949,3865,GitHub/Geal/nom,1
2020-11-01,20949,3665,GitHub/Geal/nom,6
2020-11-01,20949,3867,GitHub/Geal/nom,1
2020-11-01,20949,3856,GitHub/Geal/nom,4
2020-11-01,20949,3681,GitHub/Geal/nom,1
2020-11-01,20949,3861,GitHub/Geal/nom,1
2020-11-01,20949,3672,GitHub/Geal/nom,1
2020-11-01,20949,3255,GitHub/Geal/nom,1
2020-11-01,20949,3846,GitHub/Geal/nom,1
2020-11-01,20949,3860,GitHub/Geal/nom,1
2020-11-01,20949,1189,GitHub/Geal/nom,1
2020-11-01,20949,2985,GitHub/Geal/nom,1
2020-11-01,20949,3677,GitHub/Geal/nom,1
2020-11-01,20949,3159,GitHub/Geal/nom,1
2020-11-01,20949,3674,GitHub/Geal/nom,1
2020-11-01,20949,2927,GitHub/Geal/nom,1
2020-11-01,20949,1190,GitHub/Geal/nom,1
2020-11-01,20949,950,GitHub/Geal/nom,2
2020-11-01,20949,3667,GitHub/Geal/nom,1
2020-11-01,20949,3395,GitHub/Geal/nom,1
2020-11-01,20949,3862,GitHub/Geal/nom,1
2020-11-01,20949,3866,GitHub/Geal/nom,1
2020-11-01,20949,3673,GitHub/Geal/nom,1
2020-11-01,20949,3682,GitHub/Geal/nom,1
2020-11-01,20949,3675,GitHub/Geal/nom,1
2020-11-01,20949,3678,GitHub/Geal/nom,1
2020-11-01,20949,981,GitHub/Geal/nom,2
2020-11-01,20949,3679,GitHub/Geal/nom,1
2020-11-01,20949,3848,GitHub/Geal/nom,3
2020-11-01,20949,3107,GitHub/Geal/nom,2
2020-11-01,20949,3683,GitHub/Geal/nom,1
2020-11-01,20949,3534,GitHub/Geal/nom,97
2020-11-01,20949,3684,GitHub/Geal/nom,1
2020-11-01,20949,3858,GitHub/Geal/nom,1
2020-11-01,20949,3680,GitHub/Geal/nom,1
2020-11-01,20949,1184,GitHub/Geal/nom,1
2020-11-01,20949,1476,GitHub/Geal/nom,1
2020-11-01,20949,3851,GitHub/Geal/nom,1
2020-11-01,20949,3852,GitHub/Geal/nom,1
2020-11-01,20949,966,GitHub/Geal/nom,2
2020-11-01,20949,3869,GitHub/Geal/nom,1
2020-11-01,20949,1168,GitHub/Geal/nom,2
2020-11-01,20949,2899,GitHub/Geal/nom,1
2020-11-01,20949,3868,GitHub/Geal/nom,1
2020-11-01,20949,3097,GitHub/Geal/nom,1
2020-11-01,20949,3676,GitHub/Geal/nom,1
2020-11-01,21282,268,GitHub/bluss/arrayvec,10
2020-11-01,21282,286,GitHub/bluss/arrayvec,2
2020-11-01,21282,2884,GitHub/bluss/arrayvec,1
2020-11-01,21282,3100,GitHub/bluss/arrayvec,1
2020-11-01,21282,3020,GitHub/bluss/arrayvec,1
2020-11-01,21282,3107,GitHub/bluss/arrayvec,1
2020-11-01,21445,3883,GitHub/marshallpierce/rust-base64,1
2020-11-01,21445,3942,GitHub/marshallpierce/rust-base64,1
2020-11-01,21445,3940,GitHub/marshallpierce/rust-base64,2
2020-11-01,21445,3941,GitHub/marshallpierce/rust-base64,2
2020-11-01,21445,1287,GitHub/marshallpierce/rust-base64,1
2020-11-01,21445,2873,GitHub/marshallpierce/rust-base64,1
2020-11-01,21445,3852,GitHub/marshallpierce/rust-base64,1
2020-11-01,21445,1281,GitHub/marshallpierce/rust-base64,43
2020-11-01,22724,1943,GitHub/rust-lang/log,1
2020-11-01,22724,3221,GitHub/rust-lang/log,1
2020-11-01,22724,2912,GitHub/rust-lang/log,1
2020-11-01,22724,4489,GitHub/rust-lang/log,3
2020-11-01,22724,2988,GitHub/rust-lang/log,2
2020-11-01,22724,4237,GitHub/rust-lang/log,1
2020-11-01,22724,3113,GitHub/rust-lang/log,2
2020-11-01,22724,2867,GitHub/rust-lang/log,1
2020-11-01,22724,2945,GitHub/rust-lang/log,8
2020-11-01,22724,4469,GitHub/rust-lang/log,1
2020-11-01,22724,4487,GitHub/rust-lang/log,5
2020-11-01,22724,3044,GitHub/rust-lang/log,23
2020-11-01,22724,4470,GitHub/rust-lang/log,1
2020-11-01,22724,4468,GitHub/rust-lang/log,2
2020-11-01,22724,4467,GitHub/rust-lang/log,1
2020-11-01,22724,4488,GitHub/rust-lang/log,1
2020-11-01,22804,2867,GitHub/alexcrichton/cfg-if,5
2020-11-01,22804,2868,GitHub/alexcrichton/cfg-if,1
2020-11-01,22804,8,GitHub/alexcrichton/cfg-if,1
2020-11-01,23287,4111,GitHub/rust-itertools/itertools,1
2020-11-01,23287,3211,GitHub/rust-itertools/itertools,1
2020-11-01,23287,4105,GitHub/rust-itertools/itertools,4
2020-11-01,23287,4110,GitHub/rust-itertools/itertools,1
2020-11-01,23287,2485,GitHub/rust-itertools/itertools,1
2020-11-01,23287,4067,GitHub/rust-itertools/itertools,6
2020-11-01,23287,3025,GitHub/rust-itertools/itertools,1
2020-11-01,23287,1496,GitHub/rust-itertools/itertools,52
2020-11-01,23287,4068,GitHub/rust-itertools/itertools,72
2020-11-01,23287,4088,GitHub/rust-itertools/itertools,15
2020-11-01,23287,3608,GitHub/rust-itertools/itertools,1
2020-11-01,23287,4112,GitHub/rust-itertools/itertools,7
2020-11-01,23287,4107,GitHub/rust-itertools/itertools,2
2020-11-01,23287,4109,GitHub/rust-itertools/itertools,2
2020-11-01,23287,1492,GitHub/rust-itertools/itertools,1
2020-11-01,23287,3188,GitHub/rust-itertools/itertools,3
2020-11-01,23287,4104,GitHub/rust-itertools/itertools,12
2020-11-01,23287,1494,GitHub/rust-itertools/itertools,1
2020-11-01,23287,4114,GitHub/rust-itertools/itertools,2
2020-11-01,23287,4113,GitHub/rust-itertools/itertools,1
2020-11-01,23287,4106,GitHub/rust-itertools/itertools,1
2020-11-01,23287,4108,GitHub/rust-itertools/itertools,14
2020-11-01,23287,1476,GitHub/rust-itertools/itertools,2
2020-11-01,23287,362,GitHub/rust-itertools/itertools,2
2020-11-01,23287,3106,GitHub/rust-itertools/itertools,4
2020-11-01,23287,4002,GitHub/rust-itertools/itertools,15
2020-11-01,23287,4073,GitHub/rust-itertools/itertools,2
2020-11-01,24455,1476,GitHub/serde-rs/json,1
2020-11-01,24455,3003,GitHub/serde-rs/json,2
2020-11-01,24455,4752,GitHub/serde-rs/json,1
2020-11-01,24455,3527,GitHub/serde-rs/json,1
2020-11-01,24455,4232,GitHub/serde-rs/json,4
2020-11-01,24455,4757,GitHub/serde-rs/json,1
2020-11-01,24455,4753,GitHub/serde-rs/json,1
2020-11-01,24455,3756,GitHub/serde-rs/json,1
2020-11-01,24455,3629,GitHub/serde-rs/json,12
2020-11-01,24455,3490,GitHub/serde-rs/json,1
2020-11-01,24455,3835,GitHub/serde-rs/json,1
2020-11-01,24455,4745,GitHub/serde-rs/json,2
2020-11-01,24455,2912,GitHub/serde-rs/json,230
2020-11-01,24455,2866,GitHub/serde-rs/json,1
2020-11-01,25976,3835,GitHub/rust-lang/regex,2
2020-11-01,25976,4564,GitHub/rust-lang/regex,2
2020-11-01,25976,3464,GitHub/rust-lang/regex,1
2020-11-01,25976,3470,GitHub/rust-lang/regex,1
2020-11-01,25976,367,GitHub/rust-lang/regex,3
2020-11-01,25976,4560,GitHub/rust-lang/regex,1
2020-11-01,25976,3043,GitHub/rust-lang/regex,50
2020-11-01,25976,3460,GitHub/rust-lang/regex,1
2020-11-01,25976,4558,GitHub/rust-lang/regex,1
2020-11-01,25976,4559,GitHub/rust-lang/regex,1
2020-11-01,25976,2055,GitHub/rust-lang/regex,1
2020-11-01,25976,2867,GitHub/rust-lang/regex,1
2020-11-01,25976,4566,GitHub/rust-lang/regex,1
2020-11-01,25976,2873,GitHub/rust-lang/regex,1
2020-11-01,25976,3015,GitHub/rust-lang/regex,1
2020-11-01,25976,4563,GitHub/rust-lang/regex,4
2020-11-01,25976,4562,GitHub/rust-lang/regex,1
2020-11-01,25976,3698,GitHub/rust-lang/regex,5
2020-11-01,25976,2060,GitHub/rust-lang/regex,1
2020-11-01,25976,3940,GitHub/rust-lang/regex,1
2020-11-01,25976,385,GitHub/rust-lang/regex,2
2020-11-01,25976,3031,GitHub/rust-lang/regex,1
2020-11-01,26074,4003,GitHub/paholg/typenum,1
2020-11-01,26074,4002,GitHub/paholg/typenum,2
2020-11-01,26074,3020,GitHub/paholg/typenum,1
2020-11-01,26074,4000,GitHub/paholg/typenum,1
2020-11-01,26074,3999,GitHub/paholg/typenum,4
2020-11-01,26074,3948,GitHub/paholg/typenum,3
2020-11-01,26074,3614,GitHub/paholg/typenum,17
2020-11-01,26074,4001,GitHub/paholg/typenum,1
2020-11-01,28336,4008,GitHub/RustCrypto/traits,324
2020-11-01,28336,3189,GitHub/RustCrypto/traits,11
2020-11-01,28336,3452,GitHub/RustCrypto/traits,1
2020-11-01,28336,2060,GitHub/RustCrypto/traits,1
2020-11-01,28336,3422,GitHub/RustCrypto/traits,1
2020-11-01,28336,4017,GitHub/RustCrypto/traits,2
2020-11-01,28336,3718,GitHub/RustCrypto/traits,2
2020-11-01,28336,4003,GitHub/RustCrypto/traits,2
2020-11-01,28705,3470,GitHub/dguo/strsim-rs,1
2020-11-01,28705,707,GitHub/dguo/strsim-rs,1
2020-11-01,28877,3173,GitHub/unicode-rs/unicode-xid,6
2020-11-01,28877,3437,GitHub/unicode-rs/unicode-xid,2
2020-11-01,28877,3506,GitHub/unicode-rs/unicode-xid,1
2020-11-01,28877,5004,GitHub/unicode-rs/unicode-xid,1
2020-11-01,30968,2343,GitHub/SergioBenitez/version_check,1
2020-11-01,30968,2344,GitHub/SergioBenitez/version_check,1
2020-11-01,30968,3951,GitHub/SergioBenitez/version_check,1
2020-11-01,32560,3043,GitHub/BurntSushi/memchr,16
2020-11-01,32560,3221,GitHub/BurntSushi/memchr,1
2020-11-01,32560,417,GitHub/BurntSushi/memchr,2
2020-11-01,32560,3220,GitHub/BurntSushi/memchr,2
2020-11-01,32560,3222,GitHub/BurntSushi/memchr,2
2020-11-01,32560,414,GitHub/BurntSushi/memchr,1
2020-11-01,32560,3219,GitHub/BurntSushi/memchr,2
2020-11-01,33435,741,GitHub/dtolnay/itoa,1
2020-11-01,33435,2912,GitHub/dtolnay/itoa,14
2020-11-01,34191,3189,GitHub/RustCrypto/utils,28
2020-11-01,34191,4008,GitHub/RustCrypto/utils,29
2020-11-01,34191,2897,GitHub/RustCrypto/utils,1
2020-11-01,34191,3097,GitHub/RustCrypto/utils,1
2020-11-01,34191,3471,GitHub/RustCrypto/utils,2
2020-11-01,34831,2900,GitHub/rust-lang/futures-rs,1
2020-11-01,34831,3950,GitHub/rust-lang/futures-rs,2
2020-11-01,34831,3502,GitHub/rust-lang/futures-rs,19
2020-11-01,34831,4367,GitHub/rust-lang/futures-rs,1
2020-11-01,34831,4373,GitHub/rust-lang/futures-rs,1
2020-11-01,34831,4319,GitHub/rust-lang/futures-rs,1
2020-11-01,34831,4378,GitHub/rust-lang/futures-rs,1
2020-11-01,34831,4365,GitHub/rust-lang/futures-rs,1
2020-11-01,34831,4381,GitHub/rust-lang/futures-rs,5
2020-11-01,34831,3106,GitHub/rust-lang/futures-rs,3
2020-11-01,34831,1825,GitHub/rust-lang/futures-rs,1
2020-11-01,34831,3147,GitHub/rust-lang/futures-rs,2
2020-11-01,34831,4379,GitHub/rust-lang/futures-rs,1
2020-11-01,34831,3388,GitHub/rust-lang/futures-rs,1
2020-11-01,34831,4368,GitHub/rust-lang/futures-rs,1
2020-11-01,34831,1824,GitHub/rust-lang/futures-rs,1
2020-11-01,34831,3362,GitHub/rust-lang/futures-rs,2
2020-11-01,34831,3748,GitHub/rust-lang/futures-rs,1
2020-11-01,34831,4374,GitHub/rust-lang/futures-rs,44
2020-11-01,34831,4375,GitHub/rust-lang/futures-rs,2
2020-11-01,34831,3581,GitHub/rust-lang/futures-rs,7
2020-11-01,34831,1817,GitHub/rust-lang/futures-rs,1
2020-11-01,34831,4361,GitHub/rust-lang/futures-rs,1
2020-11-01,34831,1823,GitHub/rust-lang/futures-rs,3
2020-11-01,34831,204,GitHub/rust-lang/futures-rs,1
2020-11-01,34831,3990,GitHub/rust-lang/futures-rs,1
2020-11-01,34831,3113,GitHub/rust-lang/futures-rs,3
2020-11-01,34831,1806,GitHub/rust-lang/futures-rs,1
2020-11-01,34831,4254,GitHub/rust-lang/futures-rs,5
2020-11-01,34831,1821,GitHub/rust-lang/futures-rs,1
2020-11-01,34831,3139,GitHub/rust-lang/futures-rs,1
2020-11-01,34831,4344,GitHub/rust-lang/futures-rs,7
2020-11-01,34831,4369,GitHub/rust-lang/futures-rs,1
2020-11-01,34831,3436,GitHub/rust-lang/futures-rs,1
2020-11-01,34831,4287,GitHub/rust-lang/futures-rs,1
2020-11-01,34831,611,GitHub/rust-lang/futures-rs,1
2020-11-01,34831,4372,GitHub/rust-lang/futures-rs,1
2020-11-01,34831,4371,GitHub/rust-lang/futures-rs,1
2020-11-01,34831,3883,GitHub/rust-lang/futures-rs,1
2020-11-01,34831,4366,GitHub/rust-lang/futures-rs,1
2020-11-01,34831,2969,GitHub/rust-lang/futures-rs,38
2020-11-01,34831,4370,GitHub/rust-lang/futures-rs,1
2020-11-01,34831,1826,GitHub/rust-lang/futures-rs,1
2020-11-01,34831,4364,GitHub/rust-lang/futures-rs,1
2020-11-01,34831,3488,GitHub/rust-lang/futures-rs,1
2020-11-01,34831,4363,GitHub/rust-lang/futures-rs,3
2020-11-01,34831,4240,GitHub/rust-lang/futures-rs,2
2020-11-01,34831,4380,GitHub/rust-lang/futures-rs,1
2020-11-01,34831,4362,GitHub/rust-lang/futures-rs,1
2020-11-01,34831,3389,GitHub/rust-lang/futures-rs,1
2020-11-01,34831,3428,GitHub/rust-lang/futures-rs,1
2020-11-01,34831,4352,GitHub/rust-lang/futures-rs,7
2020-11-01,35574,2880,GitHub/unicode-rs/unicode-normalization,1
2020-11-01,35574,2970,GitHub/unicode-rs/unicode-normalization,1
2020-11-01,35574,4623,GitHub/unicode-rs/unicode-normalization,10
2020-11-01,35574,3173,GitHub/unicode-rs/unicode-normalization,9
2020-11-01,35574,2869,GitHub/unicode-rs/unicode-normalization,1
2020-11-01,35574,2890,GitHub/unicode-rs/unicode-normalization,4
2020-11-01,35574,2485,GitHub/unicode-rs/unicode-normalization,1
2020-11-01,35737,3457,GitHub/cuviper/autocfg,1
2020-11-01,35737,3456,GitHub/cuviper/autocfg,2
2020-11-01,35737,3025,GitHub/cuviper/autocfg,12
2020-11-01,36424,2970,GitHub/steveklabnik/semver-parser,2
2020-11-01,36424,2950,GitHub/steveklabnik/semver-parser,6
2020-11-01,36424,2877,GitHub/steveklabnik/semver-parser,4
2020-11-01,37083,3227,GitHub/BurntSushi/termcolor,1
2020-11-01,37083,3228,GitHub/BurntSushi/termcolor,2
2020-11-01,37083,2873,GitHub/BurntSushi/termcolor,2
2020-11-01,37083,3043,GitHub/BurntSushi/termcolor,11
2020-11-01,37101,3013,GitHub/Gilnaa/memoffset,17
2020-11-01,37101,3873,GitHub/Gilnaa/memoffset,1
2020-11-01,37101,3870,GitHub/Gilnaa/memoffset,9
2020-11-01,37101,1199,GitHub/Gilnaa/memoffset,3
2020-11-01,37101,3877,GitHub/Gilnaa/memoffset,1
2020-11-01,37101,3874,GitHub/Gilnaa/memoffset,1
2020-11-01,37101,2968,GitHub/Gilnaa/memoffset,7
2020-11-01,37612,2912,GitHub/dtolnay/quote,41
2020-11-01,37612,3403,GitHub/dtolnay/quote,1
2020-11-01,37612,3437,GitHub/dtolnay/quote,1
2020-11-01,37612,3510,GitHub/dtolnay/quote,1
2020-11-01,37612,3511,GitHub/dtolnay/quote,2
2020-11-01,37844,155,GitHub/softprops/atty,1
2020-11-01,37844,4270,GitHub/softprops/atty,3
2020-11-01,37844,2268,GitHub/softprops/atty,1
2020-11-01,38667,268,GitHub/bluss/indexmap,8
2020-11-01,38667,3025,GitHub/bluss/indexmap,80
2020-11-01,38667,3153,GitHub/bluss/indexmap,3
2020-11-01,38667,2988,GitHub/bluss/indexmap,2
2020-11-01,38667,3160,GitHub/bluss/indexmap,1
2020-11-01,38667,3159,GitHub/bluss/indexmap,1
2020-11-01,38667,3158,GitHub/bluss/indexmap,4
2020-11-01,38667,3157,GitHub/bluss/indexmap,4
2020-11-01,39779,2505,GitHub/time-rs/time,1
2020-11-01,39779,3025,GitHub/time-rs/time,2
2020-11-01,39779,3031,GitHub/time-rs/time,1
2020-11-01,39779,4914,GitHub/time-rs/time,1
2020-11-01,39779,4915,GitHub/time-rs/time,1
2020-11-01,39779,3951,GitHub/time-rs/time,143
2020-11-01,39779,4845,GitHub/time-rs/time,1
2020-11-01,39779,4919,GitHub/time-rs/time,2
2020-11-01,39779,4920,GitHub/time-rs/time,1
2020-11-01,39779,4201,GitHub/time-rs/time,2
2020-11-01,39779,4918,GitHub/time-rs/time,1
2020-11-01,39779,3221,GitHub/time-rs/time,1
2020-11-01,39779,3219,GitHub/time-rs/time,1
2020-11-01,39779,4612,GitHub/time-rs/time,9
2020-11-01,39779,4917,GitHub/time-rs/time,1
2020-11-01,39779,4916,GitHub/time-rs/time,1
2020-11-01,39779,2498,GitHub/time-rs/time,1
2020-11-01,40796,3448,GitHub/cryptocorrosion/cryptocorrosion,25
2020-11-01,40796,3453,GitHub/cryptocorrosion/cryptocorrosion,10
2020-11-01,40796,3454,GitHub/cryptocorrosion/cryptocorrosion,1
2020-11-01,40937,2936,GitHub/dtolnay/semver,1
2020-11-01,40937,785,GitHub/dtolnay/semver,1
2020-11-01,40937,3525,GitHub/dtolnay/semver,2
2020-11-01,40937,3523,GitHub/dtolnay/semver,5
2020-11-01,40937,3524,GitHub/dtolnay/semver,1
2020-11-01,40937,2877,GitHub/dtolnay/semver,10
2020-11-01,40937,2950,GitHub/dtolnay/semver,20
2020-11-01,41752,741,GitHub/servo/rust-url,1
2020-11-01,41752,2914,GitHub/servo/rust-url,1
2020-11-01,41752,2428,GitHub/servo/rust-url,5
2020-11-01,41752,3706,GitHub/servo/rust-url,1
2020-11-01,41752,4879,GitHub/servo/rust-url,1
2020-11-01,41752,4864,GitHub/servo/rust-url,10
2020-11-01,41752,4842,GitHub/servo/rust-url,1
2020-11-01,41752,4878,GitHub/servo/rust-url,1
2020-11-01,41752,2449,GitHub/servo/rust-url,1
2020-11-01,41752,2444,GitHub/servo/rust-url,2
2020-11-01,41752,417,GitHub/servo/rust-url,1
2020-11-01,41752,3630,GitHub/servo/rust-url,1
2020-11-01,41752,3404,GitHub/servo/rust-url,1
2020-11-01,41752,4073,GitHub/servo/rust-url,1
2020-11-01,41752,3413,GitHub/servo/rust-url,1
2020-11-01,41752,1252,GitHub/servo/rust-url,5
2020-11-01,41752,2447,GitHub/servo/rust-url,1
2020-11-01,41752,3471,GitHub/servo/rust-url,65
2020-11-01,41752,2445,GitHub/servo/rust-url,1
2020-11-01,41752,3835,GitHub/servo/rust-url,1
2020-11-01,41752,4877,GitHub/servo/rust-url,1
2020-11-01,41752,1476,GitHub/servo/rust-url,3
2020-11-01,41752,2874,GitHub/servo/rust-url,1
2020-11-01,41957,3069,GitHub/dtolnay/proc-macro2,1
2020-11-01,41957,748,GitHub/dtolnay/proc-macro2,1
2020-11-01,41957,3497,GitHub/dtolnay/proc-macro2,2
2020-11-01,41957,2912,GitHub/dtolnay/proc-macro2,210
2020-11-01,41957,3498,GitHub/dtolnay/proc-macro2,1
2020-11-01,41957,3496,GitHub/dtolnay/proc-macro2,2
2020-11-01,42413,3520,GitHub/dtolnay/ryu,4
2020-11-01,42413,2912,GitHub/dtolnay/ryu,69
2020-11-01,42655,2121,GitHub/rust-lang/socket2,2
2020-11-01,42655,4612,GitHub/rust-lang/socket2,1
2020-11-01,42655,3651,GitHub/rust-lang/socket2,1
2020-11-01,42655,168,GitHub/rust-lang/socket2,3
2020-11-01,42655,4608,GitHub/rust-lang/socket2,1
2020-11-01,42655,4604,GitHub/rust-lang/socket2,2
2020-11-01,42655,3113,GitHub/rust-lang/socket2,40
2020-11-01,42655,353,GitHub/rust-lang/socket2,2
2020-11-01,42655,2118,GitHub/rust-lang/socket2,2
2020-11-01,42655,2867,GitHub/rust-lang/socket2,4
2020-11-01,42655,3067,GitHub/rust-lang/socket2,1
2020-11-01,42655,4610,GitHub/rust-lang/socket2,1
2020-11-01,42655,4611,GitHub/rust-lang/socket2,1
2020-11-01,42655,2123,GitHub/rust-lang/socket2,1
2020-11-01,42655,3871,GitHub/rust-lang/socket2,9
2020-11-01,42677,5008,GitHub/withoutboats/heck,1
2020-11-01,44362,2968,GitHub/rust-lang/hashbrown,35
2020-11-01,44362,204,GitHub/rust-lang/hashbrown,8
2020-11-01,44362,4429,GitHub/rust-lang/hashbrown,11
2020-11-01,44362,3362,GitHub/rust-lang/hashbrown,17
2020-11-01,44362,3205,GitHub/rust-lang/hashbrown,1
2020-11-01,44362,3063,GitHub/rust-lang/hashbrown,1
2020-11-01,44362,1889,GitHub/rust-lang/hashbrown,1
2020-11-01,44362,4428,GitHub/rust-lang/hashbrown,2
2020-11-01,44362,4430,GitHub/rust-lang/hashbrown,1
2020-11-01,44362,4088,GitHub/rust-lang/hashbrown,18
2020-11-01,44362,3506,GitHub/rust-lang/hashbrown,1
2020-11-01,44362,3147,GitHub/rust-lang/hashbrown,1
2020-11-01,44362,1888,GitHub/rust-lang/hashbrown,1
2020-11-01,44362,4426,GitHub/rust-lang/hashbrown,12
2020-11-01,44362,2988,GitHub/rust-lang/hashbrown,11
2020-11-01,44362,4427,GitHub/rust-lang/hashbrown,1
2020-11-01,44362,1925,GitHub/rust-lang/hashbrown,7
2020-11-01,44362,3104,GitHub/rust-lang/hashbrown,1
2020-11-01,44362,3025,GitHub/rust-lang/hashbrown,10
2020-11-01,45748,2912,GitHub/dtolnay/thiserror,80
2020-11-01,46027,2882,GitHub/alexcrichton/toml-rs,3
2020-11-01,46027,2880,GitHub/alexcrichton/toml-rs,1
2020-11-01,46027,2883,GitHub/alexcrichton/toml-rs,1
2020-11-01,46027,2867,GitHub/alexcrichton/toml-rs,2
2020-11-01,46027,2881,GitHub/alexcrichton/toml-rs,2
2020-11-01,46027,2879,GitHub/alexcrichton/toml-rs,1
2020-11-01,46027,2875,GitHub/alexcrichton/toml-rs,1
2020-11-01,46178,2873,GitHub/rust-lang-nursery/lazy-static.rs,1
2020-11-01,46178,3044,GitHub/rust-lang-nursery/lazy-static.rs,3
2020-11-01,46178,741,GitHub/rust-lang-nursery/lazy-static.rs,1
2020-11-01,46178,4621,GitHub/rust-lang-nursery/lazy-static.rs,1
2020-11-01,46178,155,GitHub/rust-lang-nursery/lazy-static.rs,1
2020-11-01,46178,3464,GitHub/rust-lang-nursery/lazy-static.rs,1
2020-11-01,46178,2976,GitHub/rust-lang-nursery/lazy-static.rs,6
2020-11-01,46178,286,GitHub/rust-lang-nursery/lazy-static.rs,5
2020-11-01,48512,2988,GitHub/rust-random/getrandom,1
2020-11-01,48512,3189,GitHub/rust-random/getrandom,2
2020-11-01,48512,1402,GitHub/rust-random/getrandom,2
2020-11-01,48512,4692,GitHub/rust-random/getrandom,57
2020-11-01,48512,4694,GitHub/rust-random/getrandom,2
2020-11-01,48512,2227,GitHub/rust-random/getrandom,3
2020-11-01,48512,4708,GitHub/rust-random/getrandom,1
2020-11-01,48512,4709,GitHub/rust-random/getrandom,1
2020-11-01,49067,2900,GitHub/Amanieu/thread_local-rs,1
2020-11-01,49067,2968,GitHub/Amanieu/thread_local-rs,2
2020-11-01,49067,155,GitHub/Amanieu/thread_local-rs,1
2020-11-01,49075,4162,GitHub/rust-lang/pkg-config-rs,3
2020-11-01,49075,2909,GitHub/rust-lang/pkg-config-rs,1
2020-11-01,49075,4497,GitHub/rust-lang/pkg-config-rs,1
2020-11-01,49075,3194,GitHub/rust-lang/pkg-config-rs,13
2020-11-01,49075,4500,GitHub/rust-lang/pkg-config-rs,1
2020-11-01,52462,3313,GitHub/Frommi/miniz_oxide,2
2020-11-01,52462,904,GitHub/Frommi/miniz_oxide,1
2020-11-01,52462,3633,GitHub/Frommi/miniz_oxide,2
2020-11-01,52462,2869,GitHub/Frommi/miniz_oxide,1
2020-11-01,52462,2867,GitHub/Frommi/miniz_oxide,1
2020-11-01,52462,3631,GitHub/Frommi/miniz_oxide,1
2020-11-01,52462,898,GitHub/Frommi/miniz_oxide,21
2020-11-01,52462,421,GitHub/Frommi/miniz_oxide,1
2020-11-01,52462,3630,GitHub/Frommi/miniz_oxide,1
2020-11-01,52462,3632,GitHub/Frommi/miniz_oxide,1
2020-11-01,52462,2890,GitHub/Frommi/miniz_oxide,1
2020-11-01,52465,2343,GitHub/fizyk20/generic-array,1
2020-11-01,52465,3623,GitHub/fizyk20/generic-array,1
2020-11-01,52465,894,GitHub/fizyk20/generic-array,2
2020-11-01,52465,155,GitHub/fizyk20/generic-array,1
2020-11-01,52465,3624,GitHub/fizyk20/generic-array,3
2020-11-01,52465,3622,GitHub/fizyk20/generic-array,4
2020-11-01,52465,3607,GitHub/fizyk20/generic-array,27
2020-11-01,52465,3105,GitHub/fizyk20/generic-array,1
2020-12-01,602,4996,GitHub/unicode-rs/unicode-segmentation,1
2020-12-01,602,4994,GitHub/unicode-rs/unicode-segmentation,3
2020-12-01,602,4997,GitHub/unicode-rs/unicode-segmentation,4
2020-12-01,602,4995,GitHub/unicode-rs/unicode-segmentation,2
2020-12-01,602,3173,GitHub/unicode-rs/unicode-segmentation,10
2020-12-01,626,3923,GitHub/hyperium/http,1
2020-12-01,626,3925,GitHub/hyperium/http,1
2020-12-01,626,3922,GitHub/hyperium/http,9
2020-12-01,626,3921,GitHub/hyperium/http,2
2020-12-01,626,3878,GitHub/hyperium/http,4
2020-12-01,626,2988,GitHub/hyperium/http,1
2020-12-01,3150,1848,GitHub/seanmonstar/num_cpus,1
2020-12-01,3150,4728,GitHub/seanmonstar/num_cpus,1
2020-12-01,3150,4727,GitHub/seanmonstar/num_cpus,1
2020-12-01,3150,3878,GitHub/seanmonstar/num_cpus,6
2020-12-01,3509,155,GitHub/unicode-rs/unicode-width,1
2020-12-01,3509,2880,GitHub/unicode-rs/unicode-width,1
2020-12-01,3509,3173,GitHub/unicode-rs/unicode-width,2
2020-12-01,4484,3184,GitHub/BurntSushi/byteorder,1
2020-12-01,4484,3043,GitHub/BurntSushi/byteorder,10
2020-12-01,4486,3360,GitHub/contain-rs/vec-map,1
2020-12-01,4486,3193,GitHub/contain-rs/vec-map,3
2020-12-01,4486,2868,GitHub/contain-rs/vec-map,4
2020-12-01,4733,2911,GitHub/dtolnay/syn,1
2020-12-01,4733,2897,GitHub/dtolnay/syn,1
2020-12-01,4733,2912,GitHub/dtolnay/syn,499
2020-12-01,4733,3566,GitHub/dtolnay/syn,1
2020-12-01,4733,2969,GitHub/dtolnay/syn,15
2020-12-01,4733,830,GitHub/dtolnay/syn,1
2020-12-01,4733,3564,GitHub/dtolnay/syn,1
2020-12-01,4733,3565,GitHub/dtolnay/syn,1
2020-12-01,4733,3568,GitHub/dtolnay/syn,1
2020-12-01,4733,753,GitHub/dtolnay/syn,1
2020-12-01,4733,3031,GitHub/dtolnay/syn,1
2020-12-01,4733,835,GitHub/dtolnay/syn,2
2020-12-01,4733,3567,GitHub/dtolnay/syn,1
2020-12-01,5249,2969,GitHub/taiki-e/pin-project-lite,154
2020-12-01,6681,155,GitHub/djc/rustc-version-rs,1
2020-12-01,6681,3472,GitHub/djc/rustc-version-rs,4
2020-12-01,6681,3055,GitHub/djc/rustc-version-rs,8
2020-12-01,6681,3473,GitHub/djc/rustc-version-rs,1
2020-12-01,7322,4820,GitHub/servo/rust-smallvec,1
2020-12-01,7322,2988,GitHub/servo/rust-smallvec,17
2020-12-01,7322,4815,GitHub/servo/rust-smallvec,2
2020-12-01,7322,3025,GitHub/servo/rust-smallvec,1
2020-12-01,7322,3013,GitHub/servo/rust-smallvec,2
2020-12-01,7322,4821,GitHub/servo/rust-smallvec,1
2020-12-01,7322,287,GitHub/servo/rust-smallvec,1
2020-12-01,7322,3502,GitHub/servo/rust-smallvec,1
2020-12-01,7322,3413,GitHub/servo/rust-smallvec,7
2020-12-01,7322,741,GitHub/servo/rust-smallvec,1
2020-12-01,7322,3011,GitHub/servo/rust-smallvec,1
2020-12-01,7322,2365,GitHub/servo/rust-smallvec,1
2020-12-01,7322,4808,GitHub/servo/rust-smallvec,1
2020-12-01,7322,4819,GitHub/servo/rust-smallvec,1
2020-12-01,7322,3100,GitHub/servo/rust-smallvec,3
2020-12-01,7322,4822,GitHub/servo/rust-smallvec,1
2020-12-01,7415,3179,GitHub/BurntSushi/aho-corasick,1
2020-12-01,7415,362,GitHub/BurntSushi/aho-corasick,1
2020-12-01,7415,2873,GitHub/BurntSushi/aho-corasick,1
2020-12-01,7415,3178,GitHub/BurntSushi/aho-corasick,1
2020-12-01,7415,3043,GitHub/BurntSushi/aho-corasick,28
2020-12-01,12228,2256,GitHub/seanmonstar/httparse,1
2020-12-01,12228,2866,GitHub/seanmonstar/httparse,2
2020-12-01,12228,4719,GitHub/seanmonstar/httparse,1
2020-12-01,12228,2254,GitHub/seanmonstar/httparse,1
2020-12-01,12228,4380,GitHub/seanmonstar/httparse,2
2020-12-01,12266,3050,GitHub/bitflags/bitflags,2
2020-12-01,12266,3051,GitHub/bitflags/bitflags,2
2020-12-01,12266,220,GitHub/bitflags/bitflags,1
2020-12-01,12266,3060,GitHub/bitflags/bitflags,5
2020-12-01,12266,3044,GitHub/bitflags/bitflags,4
2020-12-01,12266,3052,GitHub/bitflags/bitflags,1
2020-12-01,13804,3484,GitHub/dtolnay/anyhow,1
2020-12-01,13804,2909,GitHub/dtolnay/anyhow,1
2020-12-01,13804,3327,GitHub/dtolnay/anyhow,1
2020-12-01,13804,2897,GitHub/dtolnay/anyhow,1
2020-12-01,13804,3107,GitHub/dtolnay/anyhow,1
2020-12-01,13804,3483,GitHub/dtolnay/anyhow,1
2020-12-01,13804,2912,GitHub/dtolnay/anyhow,54
2020-12-01,14306,4639,GitHub/rust-num/num-integer,7
2020-12-01,14306,3025,GitHub/rust-num/num-integer,10
2020-12-01,16183,4194,GitHub/rust-lang/cc-rs,1
2020-12-01,16183,1611,GitHub/rust-lang/cc-rs,2
2020-12-01,16183,4188,GitHub/rust-lang/cc-rs,1
2020-12-01,16183,4239,GitHub/rust-lang/cc-rs,1
2020-12-01,16183,4198,GitHub/rust-lang/cc-rs,1
2020-12-01,16183,4184,GitHub/rust-lang/cc-rs,1
2020-12-01,16183,3214,GitHub/rust-lang/cc-rs,1
2020-12-01,16183,4195,GitHub/rust-lang/cc-rs,1
2020-12-01,16183,1581,GitHub/rust-lang/cc-rs,1
2020-12-01,16183,1593,GitHub/rust-lang/cc-rs,1
2020-12-01,16183,4191,GitHub/rust-lang/cc-rs,1
2020-12-01,16183,4197,GitHub/rust-lang/cc-rs,1
2020-12-01,16183,3575,GitHub/rust-lang/cc-rs,1
2020-12-01,16183,4192,GitHub/rust-lang/cc-rs,1
2020-12-01,16183,4200,GitHub/rust-lang/cc-rs,1
2020-12-01,16183,4196,GitHub/rust-lang/cc-rs,2
2020-12-01,16183,3987,GitHub/rust-lang/cc-rs,1
2020-12-01,16183,3971,GitHub/rust-lang/cc-rs,1
2020-12-01,16183,2912,GitHub/rust-lang/cc-rs,2
2020-12-01,16183,2927,GitHub/rust-lang/cc-rs,2
2020-12-01,16183,2867,GitHub/rust-lang/cc-rs,22
2020-12-01,16183,4199,GitHub/rust-lang/cc-rs,1
2020-12-01,16183,1594,GitHub/rust-lang/cc-rs,1
2020-12-01,16183,1588,GitHub/rust-lang/cc-rs,1
2020-12-01,16183,4186,GitHub/rust-lang/cc-rs,1
2020-12-01,16183,4193,GitHub/rust-lang/cc-rs,1
2020-12-01,16183,4190,GitHub/rust-lang/cc-rs,1
2020-12-01,16183,4187,GitHub/rust-lang/cc-rs,2
2020-12-01,16183,4183,GitHub/rust-lang/cc-rs,1
2020-12-01,16183,4205,GitHub/rust-lang/cc-rs,1
2020-12-01,16183,4185,GitHub/rust-lang/cc-rs,1
2020-12-01,16183,4201,GitHub/rust-lang/cc-rs,1
2020-12-01,16183,4189,GitHub/rust-lang/cc-rs,1
2020-12-01,16183,1596,GitHub/rust-lang/cc-rs,1
2020-12-01,16183,3035,GitHub/rust-lang/cc-rs,1
2020-12-01,16183,4204,GitHub/rust-lang/cc-rs,1
2020-12-01,16183,4202,GitHub/rust-lang/cc-rs,1
2020-12-01,16183,1577,GitHub/rust-lang/cc-rs,1
2020-12-01,16183,2909,GitHub/rust-lang/cc-rs,1
2020-12-01,16183,3631,GitHub/rust-lang/cc-rs,1
2020-12-01,16259,4682,GitHub/rust-num/num-traits,2
2020-12-01,16259,4680,GitHub/rust-num/num-traits,2
2020-12-01,16259,3192,GitHub/rust-num/num-traits,1
2020-12-01,16259,4681,GitHub/rust-num/num-traits,3
2020-12-01,16259,3025,GitHub/rust-num/num-traits,19
2020-12-01,16259,2208,GitHub/rust-num/num-traits,3
2020-12-01,16259,3221,GitHub/rust-num/num-traits,1
2020-12-01,16259,3189,GitHub/rust-num/num-traits,1
2020-12-01,16492,3147,GitHub/tokio-rs/bytes,3
2020-12-01,16492,3015,GitHub/tokio-rs/bytes,1
2020-12-01,16492,3498,GitHub/tokio-rs/bytes,2
2020-12-01,16492,4950,GitHub/tokio-rs/bytes,1
2020-12-01,16492,4405,GitHub/tokio-rs/bytes,1
2020-12-01,16492,2969,GitHub/tokio-rs/bytes,6
2020-12-01,16492,2541,GitHub/tokio-rs/bytes,1
2020-12-01,16492,2900,GitHub/tokio-rs/bytes,2
2020-12-01,16492,4393,GitHub/tokio-rs/bytes,1
2020-12-01,16492,2543,GitHub/tokio-rs/bytes,2
2020-12-01,16492,4951,GitHub/tokio-rs/bytes,1
2020-12-01,16492,4949,GitHub/tokio-rs/bytes,2
2020-12-01,16492,3433,GitHub/tokio-rs/bytes,9
2020-12-01,16492,4243,GitHub/tokio-rs/bytes,1
2020-12-01,16492,4948,GitHub/tokio-rs/bytes,1
2020-12-01,16492,2911,GitHub/tokio-rs/bytes,1
2020-12-01,16492,4214,GitHub/tokio-rs/bytes,1
2020-12-01,16492,3037,GitHub/tokio-rs/bytes,1
2020-12-01,16492,3878,GitHub/tokio-rs/bytes,8
2020-12-01,17630,3124,GitHub/bluss/either,2
2020-12-01,17630,3025,GitHub/bluss/either,13
2020-12-01,17630,3123,GitHub/bluss/either,4
2020-12-01,17630,2884,GitHub/bluss/either,1
2020-12-01,17721,2543,GitHub/matklad/once_cell,2
2020-12-01,17721,3950,GitHub/matklad/once_cell,6
2020-12-01,17721,3048,GitHub/matklad/once_cell,1
2020-12-01,17721,3013,GitHub/matklad/once_cell,2
2020-12-01,17721,3025,GitHub/matklad/once_cell,1
2020-12-01,17721,3949,GitHub/matklad/once_cell,1
2020-12-01,17721,3951,GitHub/matklad/once_cell,1
2020-12-01,17721,1296,GitHub/matklad/once_cell,1
2020-12-01,17721,2970,GitHub/matklad/once_cell,32
2020-12-01,17721,3948,GitHub/matklad/once_cell,1
2020-12-01,17721,3946,GitHub/matklad/once_cell,1
2020-12-01,17721,168,GitHub/matklad/once_cell,1
2020-12-01,18006,3387,GitHub/crossbeam-rs/crossbeam,1
2020-12-01,18006,3388,GitHub/crossbeam-rs/crossbeam,5
2020-12-01,18006,3389,GitHub/crossbeam-rs/crossbeam,1
2020-12-01,18006,3362,GitHub/crossbeam-rs/crossbeam,8
2020-12-01,18006,615,GitHub/crossbeam-rs/crossbeam,1
2020-12-01,18006,3380,GitHub/crossbeam-rs/crossbeam,1
2020-12-01,18006,3386,GitHub/crossbeam-rs/crossbeam,2
2020-12-01,18006,2268,GitHub/crossbeam-rs/crossbeam,2
2020-12-01,18006,611,GitHub/crossbeam-rs/crossbeam,6
2020-12-01,18006,3096,GitHub/crossbeam-rs/crossbeam,22
2020-12-01,18006,622,GitHub/crossbeam-rs/crossbeam,1
2020-12-01,18006,3383,GitHub/crossbeam-rs/crossbeam,7
2020-12-01,18006,168,GitHub/crossbeam-rs/crossbeam,3
2020-12-01,18006,3392,GitHub/crossbeam-rs/crossbeam,1
2020-12-01,18006,2969,GitHub/crossbeam-rs/crossbeam,59
2020-12-01,18006,3391,GitHub/crossbeam-rs/crossbeam,16
2020-12-01,18006,3393,GitHub/crossbeam-rs/crossbeam,1
2020-12-01,18006,3381,GitHub/crossbeam-rs/crossbeam,1
2020-12-01,18006,3382,GitHub/crossbeam-rs/crossbeam,2
2020-12-01,18006,3129,GitHub/crossbeam-rs/crossbeam,2
2020-12-01,18006,353,GitHub/crossbeam-rs/crossbeam,26
2020-12-01,18006,3025,GitHub/crossbeam-rs/crossbeam,1
2020-12-01,18006,3390,GitHub/crossbeam-rs/crossbeam,1
2020-12-01,18006,3385,GitHub/crossbeam-rs/crossbeam,1
2020-12-01,19184,2968,GitHub/bluss/scopeguard,1
2020-12-01,19184,3048,GitHub/bluss/scopeguard,6
2020-12-01,19468,3173,GitHub/servo/rust-fnv,2
2020-12-01,19468,417,GitHub/servo/rust-fnv,1
2020-12-01,20410,3973,GitHub/mgeisler/textwrap,1
2020-12-01,20410,3038,GitHub/mgeisler/textwrap,1
2020-12-01,20410,3977,GitHub/mgeisler/textwrap,1
2020-12-01,20410,2872,GitHub/mgeisler/textwrap,97
2020-12-01,20410,3976,GitHub/mgeisler/textwrap,3
2020-12-01,20699,3019,GitHub/Amanieu/parking_lot,1
2020-12-01,20699,3021,GitHub/Amanieu/parking_lot,2
2020-12-01,20699,3028,GitHub/Amanieu/parking_lot,1
2020-12-01,20699,2988,GitHub/Amanieu/parking_lot,1
2020-12-01,20699,2968,GitHub/Amanieu/parking_lot,44
2020-12-01,20699,184,GitHub/Amanieu/parking_lot,6
2020-12-01,20699,2900,GitHub/Amanieu/parking_lot,1
2020-12-01,20699,3024,GitHub/Amanieu/parking_lot,2
2020-12-01,20699,2992,GitHub/Amanieu/parking_lot,4
2020-12-01,20699,2984,GitHub/Amanieu/parking_lot,1
2020-12-01,20699,2903,GitHub/Amanieu/parking_lot,1
2020-12-01,20699,3026,GitHub/Amanieu/parking_lot,1
2020-12-01,20699,3027,GitHub/Amanieu/parking_lot,5
2020-12-01,20699,182,GitHub/Amanieu/parking_lot,5
2020-12-01,20699,3018,GitHub/Amanieu/parking_lot,2
2020-12-01,20699,3025,GitHub/Amanieu/parking_lot,1
2020-12-01,20699,3022,GitHub/Amanieu/parking_lot,1
2020-12-01,20699,168,GitHub/Amanieu/parking_lot,9
2020-12-01,20699,3020,GitHub/Amanieu/parking_lot,3
2020-12-01,20949,3868,GitHub/Geal/nom,1
2020-12-01,20949,3855,GitHub/Geal/nom,2
2020-12-01,20949,2985,GitHub/Geal/nom,1
2020-12-01,20949,3858,GitHub/Geal/nom,1
2020-12-01,20949,3842,GitHub/Geal/nom,1
2020-12-01,20949,1189,GitHub/Geal/nom,1
2020-12-01,20949,3861,GitHub/Geal/nom,1
2020-12-01,20949,3312,GitHub/Geal/nom,2
2020-12-01,20949,3849,GitHub/Geal/nom,1
2020-12-01,20949,1159,GitHub/Geal/nom,1
2020-12-01,20949,2899,GitHub/Geal/nom,3
2020-12-01,20949,959,GitHub/Geal/nom,1
2020-12-01,20949,3665,GitHub/Geal/nom,7
2020-12-01,20949,3856,GitHub/Geal/nom,4
2020-12-01,20949,1168,GitHub/Geal/nom,2
2020-12-01,20949,966,GitHub/Geal/nom,2
2020-12-01,20949,3843,GitHub/Geal/nom,1
2020-12-01,20949,3847,GitHub/Geal/nom,2
2020-12-01,20949,1162,GitHub/Geal/nom,1
2020-12-01,20949,3676,GitHub/Geal/nom,1
2020-12-01,20949,3667,GitHub/Geal/nom,1
2020-12-01,20949,3680,GitHub/Geal/nom,1
2020-12-01,20949,3684,GitHub/Geal/nom,1
2020-12-01,20949,3678,GitHub/Geal/nom,1
2020-12-01,20949,3860,GitHub/Geal/nom,1
2020-12-01,20949,3666,GitHub/Geal/nom,1
2020-12-01,20949,2927,GitHub/Geal/nom,1
2020-12-01,20949,3673,GitHub/Geal/nom,1
2020-12-01,20949,1476,GitHub/Geal/nom,1
2020-12-01,20949,3669,GitHub/Geal/nom,2
2020-12-01,20949,3850,GitHub/Geal/nom,1
2020-12-01,20949,950,GitHub/Geal/nom,2
2020-12-01,20949,1190,GitHub/Geal/nom,1
2020-12-01,20949,3851,GitHub/Geal/nom,1
2020-12-01,20949,3846,GitHub/Geal/nom,1
2020-12-01,20949,3857,GitHub/Geal/nom,1
2020-12-01,20949,3668,GitHub/Geal/nom,1
2020-12-01,20949,3534,GitHub/Geal/nom,102
2020-12-01,20949,3848,GitHub/Geal/nom,3
2020-12-01,20949,3682,GitHub/Geal/nom,1
2020-12-01,20949,3674,GitHub/Geal/nom,1
2020-12-01,20949,3255,GitHub/Geal/nom,1
2020-12-01,20949,3711,GitHub/Geal/nom,1
2020-12-01,20949,3828,GitHub/Geal/nom,1
2020-12-01,20949,611,GitHub/Geal/nom,4
2020-12-01,20949,3864,GitHub/Geal/nom,1
2020-12-01,20949,3159,GitHub/Geal/nom,1
2020-12-01,20949,3395,GitHub/Geal/nom,1
2020-12-01,20949,3862,GitHub/Geal/nom,1
2020-12-01,20949,3675,GitHub/Geal/nom,1
2020-12-01,20949,3107,GitHub/Geal/nom,2
2020-12-01,20949,3683,GitHub/Geal/nom,1
2020-12-01,20949,1184,GitHub/Geal/nom,1
2020-12-01,20949,3852,GitHub/Geal/nom,1
2020-12-01,20949,981,GitHub/Geal/nom,2
2020-12-01,20949,3845,GitHub/Geal/nom,1
2020-12-01,20949,3854,GitHub/Geal/nom,1
2020-12-01,20949,3859,GitHub/Geal/nom,1
2020-12-01,20949,3097,GitHub/Geal/nom,1
2020-12-01,20949,3869,GitHub/Geal/nom,1
2020-12-01,20949,3651,GitHub/Geal/nom,1
2020-12-01,20949,1166,GitHub/Geal/nom,1
2020-12-01,20949,3475,GitHub/Geal/nom,2
2020-12-01,20949,3844,GitHub/Geal/nom,3
2020-12-01,20949,3672,GitHub/Geal/nom,1
2020-12-01,20949,3677,GitHub/Geal/nom,1
2020-12-01,20949,3681,GitHub/Geal/nom,1
2020-12-01,20949,3867,GitHub/Geal/nom,1
2020-12-01,20949,3865,GitHub/Geal/nom,1
2020-12-01,20949,3863,GitHub/Geal/nom,1
2020-12-01,20949,3671,GitHub/Geal/nom,1
2020-12-01,20949,3853,GitHub/Geal/nom,1
2020-12-01,20949,2873,GitHub/Geal/nom,1
2020-12-01,20949,1160,GitHub/Geal/nom,1
2020-12-01,20949,3866,GitHub/Geal/nom,1
2020-12-01,20949,3679,GitHub/Geal/nom,1
2020-12-01,21282,268,GitHub/bluss/arrayvec,10
2020-12-01,21282,3107,GitHub/bluss/arrayvec,1
2020-12-01,21282,3020,GitHub/bluss/arrayvec,1
2020-12-01,21282,3100,GitHub/bluss/arrayvec,1
2020-12-01,21282,286,GitHub/bluss/arrayvec,2
2020-12-01,21282,2884,GitHub/bluss/arrayvec,1
2020-12-01,21445,2873,GitHub/marshallpierce/rust-base64,1
2020-12-01,21445,3942,GitHub/marshallpierce/rust-base64,1
2020-12-01,21445,3883,GitHub/marshallpierce/rust-base64,1
2020-12-01,21445,3940,GitHub/marshallpierce/rust-base64,2
2020-12-01,21445,1287,GitHub/marshallpierce/rust-base64,1
2020-12-01,21445,1281,GitHub/marshallpierce/rust-base64,43
2020-12-01,21445,3941,GitHub/marshallpierce/rust-base64,2
2020-12-01,21445,3852,GitHub/marshallpierce/rust-base64,1
2020-12-01,22724,4487,GitHub/rust-lang/log,5
2020-12-01,22724,2912,GitHub/rust-lang/log,1
2020-12-01,22724,2867,GitHub/rust-lang/log,1
2020-12-01,22724,4470,GitHub/rust-lang/log,1
2020-12-01,22724,4488,GitHub/rust-lang/log,1
2020-12-01,22724,4469,GitHub/rust-lang/log,1
2020-12-01,22724,3044,GitHub/rust-lang/log,27
2020-12-01,22724,2897,GitHub/rust-lang/log,1
2020-12-01,22724,4468,GitHub/rust-lang/log,2
2020-12-01,22724,4489,GitHub/rust-lang/log,3
2020-12-01,22724,2988,GitHub/rust-lang/log,2
2020-12-01,22724,3113,GitHub/rust-lang/log,2
2020-12-01,22724,1943,GitHub/rust-lang/log,1
2020-12-01,22724,4237,GitHub/rust-lang/log,1
2020-12-01,22724,3221,GitHub/rust-lang/log,1
2020-12-01,22724,4467,GitHub/rust-lang/log,1
2020-12-01,22724,2945,GitHub/rust-lang/log,8
2020-12-01,22804,2868,GitHub/alexcrichton/cfg-if,1
2020-12-01,22804,2867,GitHub/alexcrichton/cfg-if,5
2020-12-01,22804,8,GitHub/alexcrichton/cfg-if,1
2020-12-01,23287,4111,GitHub/rust-itertools/itertools,1
2020-12-01,23287,3106,GitHub/rust-itertools/itertools,4
2020-12-01,23287,4107,GitHub/rust-itertools/itertools,2
2020-12-01,23287,4114,GitHub/rust-itertools/itertools,2
2020-12-01,23287,362,GitHub/rust-itertools/itertools,2
2020-12-01,23287,3188,GitHub/rust-itertools/itertools,3
2020-12-01,23287,4110,GitHub/rust-itertools/itertools,1
2020-12-01,23287,4113,GitHub/rust-itertools/itertools,1
2020-12-01,23287,1476,GitHub/rust-itertools/itertools,2
2020-12-01,23287,4108,GitHub/rust-itertools/itertools,14
2020-12-01,23287,4088,GitHub/rust-itertools/itertools,15
2020-12-01,23287,4067,GitHub/rust-itertools/itertools,6
2020-12-01,23287,4106,GitHub/rust-itertools/itertools,1
2020-12-01,23287,3608,GitHub/rust-itertools/itertools,1
2020-12-01,23287,3025,GitHub/rust-itertools/itertools,1
2020-12-01,23287,4103,GitHub/rust-itertools/itertools,4
2020-12-01,23287,1496,GitHub/rust-itertools/itertools,52
2020-12-01,23287,4104,GitHub/rust-itertools/itertools,12
2020-12-01,23287,4102,GitHub/rust-itertools/itertools,1
2020-12-01,23287,1492,GitHub/rust-itertools/itertools,1
2020-12-01,23287,4002,GitHub/rust-itertools/itertools,15
2020-12-01,23287,4109,GitHub/rust-itertools/itertools,2
2020-12-01,23287,2485,GitHub/rust-itertools/itertools,1
2020-12-01,23287,1494,GitHub/rust-itertools/itertools,1
2020-12-01,23287,3211,GitHub/rust-itertools/itertools,1
2020-12-01,23287,4073,GitHub/rust-itertools/itertools,2
2020-12-01,23287,4105,GitHub/rust-itertools/itertools,4
2020-12-01,23287,4112,GitHub/rust-itertools/itertools,7
2020-12-01,23287,4068,GitHub/rust-itertools/itertools,72
2020-12-01,24455,3003,GitHub/serde-rs/json,2
2020-12-01,24455,4753,GitHub/serde-rs/json,1
2020-12-01,24455,3756,GitHub/serde-rs/json,1
2020-12-01,24455,1476,GitHub/serde-rs/json,1
2020-12-01,24455,3490,GitHub/serde-rs/json,1
2020-12-01,24455,3835,GitHub/serde-rs/json,1
2020-12-01,24455,4757,GitHub/serde-rs/json,1
2020-12-01,24455,2912,GitHub/serde-rs/json,232
2020-12-01,24455,3629,GitHub/serde-rs/json,12
2020-12-01,24455,4745,GitHub/serde-rs/json,2
2020-12-01,24455,4232,GitHub/serde-rs/json,4
2020-12-01,24455,2866,GitHub/serde-rs/json,1
2020-12-01,24455,4752,GitHub/serde-rs/json,1
2020-12-01,24455,3527,GitHub/serde-rs/json,1
2020-12-01,25976,4563,GitHub/rust-lang/regex,4
2020-12-01,25976,3464,GitHub/rust-lang/regex,1
2020-12-01,25976,2866,GitHub/rust-lang/regex,1
2020-12-01,25976,367,GitHub/rust-lang/regex,3
2020-12-01,25976,3698,GitHub/rust-lang/regex,5
2020-12-01,25976,3460,GitHub/rust-lang/regex,1
2020-12-01,25976,3470,GitHub/rust-lang/regex,1
2020-12-01,25976,3835,GitHub/rust-lang/regex,2
2020-12-01,25976,3015,GitHub/rust-lang/regex,1
2020-12-01,25976,2055,GitHub/rust-lang/regex,1
2020-12-01,25976,4559,GitHub/rust-lang/regex,1
2020-12-01,25976,3043,GitHub/rust-lang/regex,56
2020-12-01,25976,2060,GitHub/rust-lang/regex,1
2020-12-01,25976,2873,GitHub/rust-lang/regex,1
2020-12-01,25976,4560,GitHub/rust-lang/regex,1
2020-12-01,25976,4564,GitHub/rust-lang/regex,2
2020-12-01,25976,4562,GitHub/rust-lang/regex,1
2020-12-01,25976,4558,GitHub/rust-lang/regex,1
2020-12-01,25976,3031,GitHub/rust-lang/regex,1
2020-12-01,25976,385,GitHub/rust-lang/regex,2
2020-12-01,25976,4566,GitHub/rust-lang/regex,1
2020-12-01,25976,2867,GitHub/rust-lang/regex,1
2020-12-01,25976,3940,GitHub/rust-lang/regex,1
2020-12-01,26074,4001,GitHub/paholg/typenum,1
2020-12-01,26074,3614,GitHub/paholg/typenum,17
2020-12-01,26074,3020,GitHub/paholg/typenum,1
2020-12-01,26074,4002,GitHub/paholg/typenum,2
2020-12-01,26074,3999,GitHub/paholg/typenum,4
2020-12-01,26074,4000,GitHub/paholg/typenum,1
2020-12-01,26074,3948,GitHub/paholg/typenum,3
2020-12-01,26074,4003,GitHub/paholg/typenum,1
2020-12-01,28336,4008,GitHub/RustCrypto/traits,342
2020-12-01,28336,4017,GitHub/RustCrypto/traits,2
2020-12-01,28336,3718,GitHub/RustCrypto/traits,2
2020-12-01,28336,4003,GitHub/RustCrypto/traits,2
2020-12-01,28336,3189,GitHub/RustCrypto/traits,11
2020-12-01,28336,4007,GitHub/RustCrypto/traits,1
2020-12-01,28336,2060,GitHub/RustCrypto/traits,1
2020-12-01,28336,3452,GitHub/RustCrypto/traits,1
2020-12-01,28336,3422,GitHub/RustCrypto/traits,1
2020-12-01,28705,707,GitHub/dguo/strsim-rs,2
2020-12-01,28705,3470,GitHub/dguo/strsim-rs,1
2020-12-01,28877,5004,GitHub/unicode-rs/unicode-xid,1
2020-12-01,28877,3506,GitHub/unicode-rs/unicode-xid,1
2020-12-01,28877,3173,GitHub/unicode-rs/unicode-xid,6
2020-12-01,28877,3437,GitHub/unicode-rs/unicode-xid,2
2020-12-01,30968,2344,GitHub/SergioBenitez/version_check,1
2020-12-01,30968,3951,GitHub/SergioBenitez/version_check,1
2020-12-01,30968,2343,GitHub/SergioBenitez/version_check,1
2020-12-01,32560,3219,GitHub/BurntSushi/memchr,2
2020-12-01,32560,417,GitHub/BurntSushi/memchr,2
2020-12-01,32560,3222,GitHub/BurntSushi/memchr,2
2020-12-01,32560,3043,GitHub/BurntSushi/memchr,17
2020-12-01,32560,3220,GitHub/BurntSushi/memchr,2
2020-12-01,32560,3221,GitHub/BurntSushi/memchr,1
2020-12-01,32560,414,GitHub/BurntSushi/memchr,1
2020-12-01,33435,2912,GitHub/dtolnay/itoa,14
2020-12-01,33435,741,GitHub/dtolnay/itoa,1
2020-12-01,34191,3097,GitHub/RustCrypto/utils,1
2020-12-01,34191,2897,GitHub/RustCrypto/utils,1
2020-12-01,34191,3471,GitHub/RustCrypto/utils,2
2020-12-01,34191,3189,GitHub/RustCrypto/utils,29
2020-12-01,34191,4008,GitHub/RustCrypto/utils,30
2020-12-01,34831,4366,GitHub/rust-lang/futures-rs,1
2020-12-01,34831,4363,GitHub/rust-lang/futures-rs,3
2020-12-01,34831,3147,GitHub/rust-lang/futures-rs,2
2020-12-01,34831,4375,GitHub/rust-lang/futures-rs,2
2020-12-01,34831,4371,GitHub/rust-lang/futures-rs,1
2020-12-01,34831,4374,GitHub/rust-lang/futures-rs,44
2020-12-01,34831,4370,GitHub/rust-lang/futures-rs,1
2020-12-01,34831,3581,GitHub/rust-lang/futures-rs,7
2020-12-01,34831,4372,GitHub/rust-lang/futures-rs,1
2020-12-01,34831,4368,GitHub/rust-lang/futures-rs,1
2020-12-01,34831,4367,GitHub/rust-lang/futures-rs,1
2020-12-01,34831,1821,GitHub/rust-lang/futures-rs,1
2020-12-01,34831,3990,GitHub/rust-lang/futures-rs,1
2020-12-01,34831,3113,GitHub/rust-lang/futures-rs,3
2020-12-01,34831,1806,GitHub/rust-lang/futures-rs,1
2020-12-01,34831,4319,GitHub/rust-lang/futures-rs,1
2020-12-01,34831,3428,GitHub/rust-lang/futures-rs,1
2020-12-01,34831,4361,GitHub/rust-lang/futures-rs,1
2020-12-01,34831,4369,GitHub/rust-lang/futures-rs,1
2020-12-01,34831,4254,GitHub/rust-lang/futures-rs,5
2020-12-01,34831,1817,GitHub/rust-lang/futures-rs,1
2020-12-01,34831,3436,GitHub/rust-lang/futures-rs,1
2020-12-01,34831,3362,GitHub/rust-lang/futures-rs,2
2020-12-01,34831,3748,GitHub/rust-lang/futures-rs,1
2020-12-01,34831,2969,GitHub/rust-lang/futures-rs,47
2020-12-01,34831,4381,GitHub/rust-lang/futures-rs,5
2020-12-01,34831,4379,GitHub/rust-lang/futures-rs,1
2020-12-01,34831,4380,GitHub/rust-lang/futures-rs,1
2020-12-01,34831,611,GitHub/rust-lang/futures-rs,1
2020-12-01,34831,3388,GitHub/rust-lang/futures-rs,1
2020-12-01,34831,3106,GitHub/rust-lang/futures-rs,3
2020-12-01,34831,1825,GitHub/rust-lang/futures-rs,1
2020-12-01,34831,4360,GitHub/rust-lang/futures-rs,1
2020-12-01,34831,3883,GitHub/rust-lang/futures-rs,2
2020-12-01,34831,2900,GitHub/rust-lang/futures-rs,1
2020-12-01,34831,3950,GitHub/rust-lang/futures-rs,2
2020-12-01,34831,3502,GitHub/rust-lang/futures-rs,19
2020-12-01,34831,4287,GitHub/rust-lang/futures-rs,1
2020-12-01,34831,4373,GitHub/rust-lang/futures-rs,1
2020-12-01,34831,4362,GitHub/rust-lang/futures-rs,1
2020-12-01,34831,4365,GitHub/rust-lang/futures-rs,1
2020-12-01,34831,3139,GitHub/rust-lang/futures-rs,1
2020-12-01,34831,1824,GitHub/rust-lang/futures-rs,1
2020-12-01,34831,4344,GitHub/rust-lang/futures-rs,7
2020-12-01,34831,2866,GitHub/rust-lang/futures-rs,1
2020-12-01,34831,4378,GitHub/rust-lang/futures-rs,1
2020-12-01,34831,1826,GitHub/rust-lang/futures-rs,1
2020-12-01,34831,4352,GitHub/rust-lang/futures-rs,7
2020-12-01,34831,4364,GitHub/rust-lang/futures-rs,1
2020-12-01,34831,3389,GitHub/rust-lang/futures-rs,1
2020-12-01,34831,1823,GitHub/rust-lang/futures-rs,3
2020-12-01,34831,3488,GitHub/rust-lang/futures-rs,1
2020-12-01,34831,204,GitHub/rust-lang/futures-rs,1
2020-12-01,34831,4240,GitHub/rust-lang/futures-rs,2
2020-12-01,35574,2869,GitHub/unicode-rs/unicode-normalization,1
2020-12-01,35574,4623,GitHub/unicode-rs/unicode-normalization,10
2020-12-01,35574,2970,GitHub/unicode-rs/unicode-normalization,1
2020-12-01,35574,3173,GitHub/unicode-rs/unicode-normalization,19
2020-12-01,35574,2485,GitHub/unicode-rs/unicode-normalization,1
2020-12-01,35574,2890,GitHub/unicode-rs/unicode-normalization,4
2020-12-01,35574,2880,GitHub/unicode-rs/unicode-normalization,1
2020-12-01,35574,4979,GitHub/unicode-rs/unicode-normalization,2
2020-12-01,35574,3969,GitHub/unicode-rs/unicode-normalization,6
2020-12-01,35737,3456,GitHub/cuviper/autocfg,2
2020-12-01,35737,3025,GitHub/cuviper/autocfg,12
2020-12-01,35737,3457,GitHub/cuviper/autocfg,1
2020-12-01,36424,2970,GitHub/steveklabnik/semver-parser,2
2020-12-01,36424,2950,GitHub/steveklabnik/semver-parser,6
2020-12-01,36424,2877,GitHub/steveklabnik/semver-parser,4
2020-12-01,36424,3471,GitHub/steveklabnik/semver-parser,2
2020-12-01,37083,2976,GitHub/BurntSushi/termcolor,1
2020-12-01,37083,3227,GitHub/BurntSushi/termcolor,1
2020-12-01,37083,3043,GitHub/BurntSushi/termcolor,13
2020-12-01,37083,3228,GitHub/BurntSushi/termcolor,2
2020-12-01,37083,2873,GitHub/BurntSushi/termcolor,2
2020-12-01,37083,2969,GitHub/BurntSushi/termcolor,1
2020-12-01,37101,1199,GitHub/Gilnaa/memoffset,3
2020-12-01,37101,3013,GitHub/Gilnaa/memoffset,17
2020-12-01,37101,3874,GitHub/Gilnaa/memoffset,1
2020-12-01,37101,3870,GitHub/Gilnaa/memoffset,9
2020-12-01,37101,3877,GitHub/Gilnaa/memoffset,1
2020-12-01,37101,2968,GitHub/Gilnaa/memoffset,7
2020-12-01,37101,3873,GitHub/Gilnaa/memoffset,1
2020-12-01,37612,2912,GitHub/dtolnay/quote,41
2020-12-01,37612,3437,GitHub/dtolnay/quote,1
2020-12-01,37612,3510,GitHub/dtolnay/quote,1
2020-12-01,37612,3511,GitHub/dtolnay/quote,2
2020-12-01,37612,3403,GitHub/dtolnay/quote,1
2020-12-01,37844,155,GitHub/softprops/atty,1
2020-12-01,37844,4270,GitHub/softprops/atty,3
2020-12-01,37844,2268,GitHub/softprops/atty,1
2020-12-01,38667,3160,GitHub/bluss/indexmap,1
2020-12-01,38667,2988,GitHub/bluss/indexmap,2
2020-12-01,38667,3159,GitHub/bluss/indexmap,1
2020-12-01,38667,3025,GitHub/bluss/indexmap,80
2020-12-01,38667,268,GitHub/bluss/indexmap,8
2020-12-01,38667,3153,GitHub/bluss/indexmap,3
2020-12-01,38667,3157,GitHub/bluss/indexmap,4
2020-12-01,38667,3158,GitHub/bluss/indexmap,4
2020-12-01,39779,4845,GitHub/time-rs/time,1
2020-12-01,39779,3221,GitHub/time-rs/time,1
2020-12-01,39779,3031,GitHub/time-rs/time,1
2020-12-01,39779,4919,GitHub/time-rs/time,2
2020-12-01,39779,4612,GitHub/time-rs/time,9
2020-12-01,39779,3025,GitHub/time-rs/time,2
2020-12-01,39779,4918,GitHub/time-rs/time,1
2020-12-01,39779,2498,GitHub/time-rs/time,1
2020-12-01,39779,4916,GitHub/time-rs/time,1
2020-12-01,39779,4920,GitHub/time-rs/time,1
2020-12-01,39779,4914,GitHub/time-rs/time,1
2020-12-01,39779,3219,GitHub/time-rs/time,1
2020-12-01,39779,4915,GitHub/time-rs/time,1
2020-12-01,39779,2505,GitHub/time-rs/time,1
2020-12-01,39779,4913,GitHub/time-rs/time,1
2020-12-01,39779,3989,GitHub/time-rs/time,26
2020-12-01,39779,4201,GitHub/time-rs/time,2
2020-12-01,39779,3951,GitHub/time-rs/time,243
2020-12-01,39779,4917,GitHub/time-rs/time,1
2020-12-01,39779,2494,GitHub/time-rs/time,2
2020-12-01,40796,3453,GitHub/cryptocorrosion/cryptocorrosion,10
2020-12-01,40796,3454,GitHub/cryptocorrosion/cryptocorrosion,1
2020-12-01,40796,3452,GitHub/cryptocorrosion/cryptocorrosion,1
2020-12-01,40796,3448,GitHub/cryptocorrosion/cryptocorrosion,27
2020-12-01,40937,3523,GitHub/dtolnay/semver,5
2020-12-01,40937,785,GitHub/dtolnay/semver,1
2020-12-01,40937,2877,GitHub/dtolnay/semver,10
2020-12-01,40937,2950,GitHub/dtolnay/semver,20
2020-12-01,40937,3524,GitHub/dtolnay/semver,1
2020-12-01,40937,3525,GitHub/dtolnay/semver,2
2020-12-01,40937,2936,GitHub/dtolnay/semver,1
2020-12-01,41752,2874,GitHub/servo/rust-url,1
2020-12-01,41752,741,GitHub/servo/rust-url,1
2020-12-01,41752,2447,GitHub/servo/rust-url,1
2020-12-01,41752,4878,GitHub/servo/rust-url,1
2020-12-01,41752,4864,GitHub/servo/rust-url,10
2020-12-01,41752,3706,GitHub/servo/rust-url,1
2020-12-01,41752,2444,GitHub/servo/rust-url,2
2020-12-01,41752,3413,GitHub/servo/rust-url,1
2020-12-01,41752,4875,GitHub/servo/rust-url,1
2020-12-01,41752,3404,GitHub/servo/rust-url,1
2020-12-01,41752,2914,GitHub/servo/rust-url,1
2020-12-01,41752,2449,GitHub/servo/rust-url,1
2020-12-01,41752,4877,GitHub/servo/rust-url,1
2020-12-01,41752,1252,GitHub/servo/rust-url,5
2020-12-01,41752,3471,GitHub/servo/rust-url,66
2020-12-01,41752,4073,GitHub/servo/rust-url,1
2020-12-01,41752,2428,GitHub/servo/rust-url,8
2020-12-01,41752,1476,GitHub/servo/rust-url,3
2020-12-01,41752,3630,GitHub/servo/rust-url,1
2020-12-01,41752,3835,GitHub/servo/rust-url,1
2020-12-01,41752,2440,GitHub/servo/rust-url,1
2020-12-01,41752,2445,GitHub/servo/rust-url,1
2020-12-01,41752,4879,GitHub/servo/rust-url,1
2020-12-01,41752,417,GitHub/servo/rust-url,1
2020-12-01,41752,4842,GitHub/servo/rust-url,1
2020-12-01,41752,2988,GitHub/servo/rust-url,2
2020-12-01,41752,4876,GitHub/servo/rust-url,2
2020-12-01,41957,3498,GitHub/dtolnay/proc-macro2,1
2020-12-01,41957,3069,GitHub/dtolnay/proc-macro2,1
2020-12-01,41957,3496,GitHub/dtolnay/proc-macro2,2
2020-12-01,41957,748,GitHub/dtolnay/proc-macro2,1
2020-12-01,41957,3497,GitHub/dtolnay/proc-macro2,2
2020-12-01,41957,2912,GitHub/dtolnay/proc-macro2,210
2020-12-01,41957,747,GitHub/dtolnay/proc-macro2,1
2020-12-01,42413,3520,GitHub/dtolnay/ryu,4
2020-12-01,42413,2912,GitHub/dtolnay/ryu,69
2020-12-01,42655,4610,GitHub/rust-lang/socket2,1
2020-12-01,42655,2867,GitHub/rust-lang/socket2,4
2020-12-01,42655,4604,GitHub/rust-lang/socket2,2
2020-12-01,42655,168,GitHub/rust-lang/socket2,3
2020-12-01,42655,3651,GitHub/rust-lang/socket2,2
2020-12-01,42655,3113,GitHub/rust-lang/socket2,79
2020-12-01,42655,3871,GitHub/rust-lang/socket2,10
2020-12-01,42655,2971,GitHub/rust-lang/socket2,3
2020-12-01,42655,2123,GitHub/rust-lang/socket2,1
2020-12-01,42655,3067,GitHub/rust-lang/socket2,1
2020-12-01,42655,4611,GitHub/rust-lang/socket2,1
2020-12-01,42655,353,GitHub/rust-lang/socket2,2
2020-12-01,42655,4201,GitHub/rust-lang/socket2,1
2020-12-01,42655,2118,GitHub/rust-lang/socket2,3
2020-12-01,42655,3718,GitHub/rust-lang/socket2,2
2020-12-01,42655,4612,GitHub/rust-lang/socket2,1
2020-12-01,42655,2121,GitHub/rust-lang/socket2,2
2020-12-01,42655,4608,GitHub/rust-lang/socket2,1
2020-12-01,42677,5008,GitHub/withoutboats/heck,1
2020-12-01,44362,3205,GitHub/rust-lang/hashbrown,1
2020-12-01,44362,2968,GitHub/rust-lang/hashbrown,36
2020-12-01,44362,3362,GitHub/rust-lang/hashbrown,17
2020-12-01,44362,1925,GitHub/rust-lang/hashbrown,15
2020-12-01,44362,3063,GitHub/rust-lang/hashbrown,1
2020-12-01,44362,1888,GitHub/rust-lang/hashbrown,1
2020-12-01,44362,204,GitHub/rust-lang/hashbrown,8
2020-12-01,44362,4088,GitHub/rust-lang/hashbrown,18
2020-12-01,44362,4456,GitHub/rust-lang/hashbrown,1
2020-12-01,44362,3025,GitHub/rust-lang/hashbrown,12
2020-12-01,44362,4427,GitHub/rust-lang/hashbrown,1
2020-12-01,44362,3506,GitHub/rust-lang/hashbrown,1
2020-12-01,44362,4426,GitHub/rust-lang/hashbrown,12
2020-12-01,44362,4429,GitHub/rust-lang/hashbrown,11
2020-12-01,44362,1889,GitHub/rust-lang/hashbrown,1
2020-12-01,44362,4428,GitHub/rust-lang/hashbrown,2
2020-12-01,44362,2988,GitHub/rust-lang/hashbrown,11
2020-12-01,44362,3147,GitHub/rust-lang/hashbrown,1
2020-12-01,44362,4430,GitHub/rust-lang/hashbrown,1
2020-12-01,44362,3104,GitHub/rust-lang/hashbrown,2
2020-12-01,45748,3605,GitHub/dtolnay/thiserror,4
2020-12-01,45748,2971,GitHub/dtolnay/thiserror,1
2020-12-01,45748,2912,GitHub/dtolnay/thiserror,92
2020-12-01,46027,2867,GitHub/alexcrichton/toml-rs,2
2020-12-01,46027,2879,GitHub/alexcrichton/toml-rs,1
2020-12-01,46027,2878,GitHub/alexcrichton/toml-rs,2
2020-12-01,46027,2883,GitHub/alexcrichton/toml-rs,1
2020-12-01,46027,2882,GitHub/alexcrichton/toml-rs,3
2020-12-01,46027,2881,GitHub/alexcrichton/toml-rs,2
2020-12-01,46027,2880,GitHub/alexcrichton/toml-rs,1
2020-12-01,46027,2875,GitHub/alexcrichton/toml-rs,2
2020-12-01,46178,2873,GitHub/rust-lang-nursery/lazy-static.rs,1
2020-12-01,46178,3044,GitHub/rust-lang-nursery/lazy-static.rs,4
2020-12-01,46178,3464,GitHub/rust-lang-nursery/lazy-static.rs,1
2020-12-01,46178,2976,GitHub/rust-lang-nursery/lazy-static.rs,6
2020-12-01,46178,155,GitHub/rust-lang-nursery/lazy-static.rs,1
2020-12-01,46178,741,GitHub/rust-lang-nursery/lazy-static.rs,1
2020-12-01,46178,286,GitHub/rust-lang-nursery/lazy-static.rs,5
2020-12-01,46178,4621,GitHub/rust-lang-nursery/lazy-static.rs,1
2020-12-01,48512,4709,GitHub/rust-random/getrandom,1
2020-12-01,48512,2988,GitHub/rust-random/getrandom,1
2020-12-01,48512,1402,GitHub/rust-random/getrandom,2
2020-12-01,48512,4694,GitHub/rust-random/getrandom,2
2020-12-01,48512,3189,GitHub/rust-random/getrandom,2
2020-12-01,48512,2227,GitHub/rust-random/getrandom,3
2020-12-01,48512,4708,GitHub/rust-random/getrandom,1
2020-12-01,48512,4692,GitHub/rust-random/getrandom,57
2020-12-01,49067,2900,GitHub/Amanieu/thread_local-rs,1
2020-12-01,49067,155,GitHub/Amanieu/thread_local-rs,1
2020-12-01,49067,2968,GitHub/Amanieu/thread_local-rs,3
2020-12-01,49067,3038,GitHub/Amanieu/thread_local-rs,2
2020-12-01,49075,4497,GitHub/rust-lang/pkg-config-rs,1
2020-12-01,49075,4500,GitHub/rust-lang/pkg-config-rs,1
2020-12-01,49075,2909,GitHub/rust-lang/pkg-config-rs,1
2020-12-01,49075,4162,GitHub/rust-lang/pkg-config-rs,3
2020-12-01,49075,3194,GitHub/rust-lang/pkg-config-rs,13
2020-12-01,52462,898,GitHub/Frommi/miniz_oxide,21
2020-12-01,52462,3630,GitHub/Frommi/miniz_oxide,1
2020-12-01,52462,3633,GitHub/Frommi/miniz_oxide,2
2020-12-01,52462,2890,GitHub/Frommi/miniz_oxide,1
2020-12-01,52462,421,GitHub/Frommi/miniz_oxide,1
2020-12-01,52462,3313,GitHub/Frommi/miniz_oxide,2
2020-12-01,52462,2869,GitHub/Frommi/miniz_oxide,1
2020-12-01,52462,904,GitHub/Frommi/miniz_oxide,1
2020-12-01,52462,3631,GitHub/Frommi/miniz_oxide,1
2020-12-01,52462,3629,GitHub/Frommi/miniz_oxide,1
2020-12-01,52462,2867,GitHub/Frommi/miniz_oxide,1
2020-12-01,52462,3632,GitHub/Frommi/miniz_oxide,1
2020-12-01,52465,2343,GitHub/fizyk20/generic-array,1
2020-12-01,52465,155,GitHub/fizyk20/generic-array,1
2020-12-01,52465,894,GitHub/fizyk20/generic-array,2
2020-12-01,52465,3622,GitHub/fizyk20/generic-array,4
2020-12-01,52465,3623,GitHub/fizyk20/generic-array,1
2020-12-01,52465,3624,GitHub/fizyk20/generic-array,3
2020-12-01,52465,3607,GitHub/fizyk20/generic-array,27
2020-12-01,52465,3105,GitHub/fizyk20/generic-array,1
2021-02-01,626,3919,GitHub/hyperium/http,1
2021-02-01,626,3878,GitHub/hyperium/http,1
2021-02-01,4484,3043,GitHub/BurntSushi/byteorder,8
2021-02-01,4484,3104,GitHub/BurntSushi/byteorder,1
2021-02-01,4484,2866,GitHub/BurntSushi/byteorder,1
2021-02-01,4484,373,GitHub/BurntSushi/byteorder,1
2021-02-01,4733,2912,GitHub/dtolnay/syn,34
2021-02-01,5249,204,GitHub/taiki-e/pin-project-lite,4
2021-02-01,5249,2969,GitHub/taiki-e/pin-project-lite,27
2021-02-01,5249,3180,GitHub/taiki-e/pin-project-lite,1
2021-02-01,6681,3471,GitHub/djc/rustc-version-rs,42
2021-02-01,7322,2988,GitHub/servo/rust-smallvec,2
2021-02-01,12266,218,GitHub/bitflags/bitflags,1
2021-02-01,12842,4974,GitHub/tokio-rs/slab,1
2021-02-01,12842,2969,GitHub/tokio-rs/slab,3
2021-02-01,12842,4973,GitHub/tokio-rs/slab,1
2021-02-01,12842,3557,GitHub/tokio-rs/slab,1
2021-02-01,13804,3011,GitHub/dtolnay/anyhow,2
2021-02-01,13804,2912,GitHub/dtolnay/anyhow,13
2021-02-01,16183,2867,GitHub/rust-lang/cc-rs,1
2021-02-01,16183,2866,GitHub/rust-lang/cc-rs,1
2021-02-01,16183,3718,GitHub/rust-lang/cc-rs,1
2021-02-01,16183,4182,GitHub/rust-lang/cc-rs,2
2021-02-01,16492,2539,GitHub/tokio-rs/bytes,1
2021-02-01,16492,4372,GitHub/tokio-rs/bytes,2
2021-02-01,18006,2969,GitHub/crossbeam-rs/crossbeam,28
2021-02-01,20410,2872,GitHub/mgeisler/textwrap,24
2021-02-01,20410,3975,GitHub/mgeisler/textwrap,1
2021-02-01,20699,3015,GitHub/Amanieu/parking_lot,1
2021-02-01,20699,2968,GitHub/Amanieu/parking_lot,2
2021-02-01,20699,3014,GitHub/Amanieu/parking_lot,1
2021-02-01,20949,3839,GitHub/Geal/nom,2
2021-02-01,20949,3838,GitHub/Geal/nom,1
2021-02-01,20949,3837,GitHub/Geal/nom,1
2021-02-01,20949,3836,GitHub/Geal/nom,1
2021-02-01,20949,3221,GitHub/Geal/nom,1
2021-02-01,20949,611,GitHub/Geal/nom,3
2021-02-01,20949,3534,GitHub/Geal/nom,3
2021-02-01,20949,3841,GitHub/Geal/nom,1
2021-02-01,21445,1373,GitHub/marshallpierce/rust-base64,1
2021-02-01,22724,3044,GitHub/rust-lang/log,15
2021-02-01,22724,8,GitHub/rust-lang/log,1
2021-02-01,22724,2945,GitHub/rust-lang/log,1
2021-02-01,22724,3113,GitHub/rust-lang/log,1
2021-02-01,23287,4068,GitHub/rust-itertools/itertools,6
2021-02-01,23287,4101,GitHub/rust-itertools/itertools,1
2021-02-01,23287,1484,GitHub/rust-itertools/itertools,15
2021-02-01,23287,4076,GitHub/rust-itertools/itertools,1
2021-02-01,23287,4088,GitHub/rust-itertools/itertools,4
2021-02-01,23287,4098,GitHub/rust-itertools/itertools,1
2021-02-01,23287,4099,GitHub/rust-itertools/itertools,1
2021-02-01,23287,2967,GitHub/rust-itertools/itertools,1
2021-02-01,24455,2912,GitHub/serde-rs/json,3
2021-02-01,24455,4750,GitHub/serde-rs/json,1
2021-02-01,24455,4751,GitHub/serde-rs/json,1
2021-02-01,25976,4555,GitHub/rust-lang/regex,1
2021-02-01,25976,3043,GitHub/rust-lang/regex,4
2021-02-01,25976,4554,GitHub/rust-lang/regex,1
2021-02-01,25976,2866,GitHub/rust-lang/regex,1
2021-02-01,28336,3189,GitHub/RustCrypto/traits,6
2021-02-01,28336,4008,GitHub/RustCrypto/traits,52
2021-02-01,28705,717,GitHub/dguo/strsim-rs,1
2021-02-01,32560,3809,GitHub/BurntSushi/memchr,1
2021-02-01,32560,2866,GitHub/BurntSushi/memchr,1
2021-02-01,33435,2912,GitHub/dtolnay/itoa,1
2021-02-01,33435,3491,GitHub/dtolnay/itoa,2
2021-02-01,34191,3189,GitHub/RustCrypto/utils,13
2021-02-01,34191,4008,GitHub/RustCrypto/utils,32
2021-02-01,34831,3859,GitHub/rust-lang/futures-rs,1
2021-02-01,34831,3194,GitHub/rust-lang/futures-rs,1
2021-02-01,34831,204,GitHub/rust-lang/futures-rs,1
2021-02-01,34831,2969,GitHub/rust-lang/futures-rs,15
2021-02-01,35574,4979,GitHub/unicode-rs/unicode-normalization,1
2021-02-01,35574,3969,GitHub/unicode-rs/unicode-normalization,4
2021-02-01,36424,2950,GitHub/steveklabnik/semver-parser,2
2021-02-01,37083,2866,GitHub/BurntSushi/termcolor,1
2021-02-01,37612,2912,GitHub/dtolnay/quote,2
2021-02-01,38667,3025,GitHub/bluss/indexmap,2
2021-02-01,39779,4944,GitHub/time-rs/time,1
2021-02-01,39779,3951,GitHub/time-rs/time,30
2021-02-01,41752,2428,GitHub/servo/rust-url,2
2021-02-01,41752,4874,GitHub/servo/rust-url,2
2021-02-01,41752,3194,GitHub/servo/rust-url,2
2021-02-01,41957,2912,GitHub/dtolnay/proc-macro2,1
2021-02-01,42413,2912,GitHub/dtolnay/ryu,1
2021-02-01,42655,3044,GitHub/rust-lang/socket2,1
2021-02-01,42655,3113,GitHub/rust-lang/socket2,19
2021-02-01,42655,4606,GitHub/rust-lang/socket2,4
2021-02-01,42655,4607,GitHub/rust-lang/socket2,1
2021-02-01,42655,3067,GitHub/rust-lang/socket2,3
2021-02-01,44362,4454,GitHub/rust-lang/hashbrown,1
2021-02-01,44362,204,GitHub/rust-lang/hashbrown,31
2021-02-01,44362,3180,GitHub/rust-lang/hashbrown,3
2021-02-01,44362,3025,GitHub/rust-lang/hashbrown,8
2021-02-01,44362,2968,GitHub/rust-lang/hashbrown,4
2021-02-01,44362,4450,GitHub/rust-lang/hashbrown,4
2021-02-01,45748,2912,GitHub/dtolnay/thiserror,2
2021-02-01,48512,3189,GitHub/rust-random/getrandom,7
2021-02-01,48512,4692,GitHub/rust-random/getrandom,21
2021-02-01,49067,2968,GitHub/Amanieu/thread_local-rs,9
2021-02-01,49067,3025,GitHub/Amanieu/thread_local-rs,1
2021-02-01,49067,3038,GitHub/Amanieu/thread_local-rs,16
2021-03-01,626,3878,GitHub/hyperium/http,1
2021-03-01,626,3919,GitHub/hyperium/http,1
2021-03-01,4484,373,GitHub/BurntSushi/byteorder,1
2021-03-01,4484,3043,GitHub/BurntSushi/byteorder,9
2021-03-01,4484,3104,GitHub/BurntSushi/byteorder,1
2021-03-01,4484,2866,GitHub/BurntSushi/byteorder,1
2021-03-01,4733,2912,GitHub/dtolnay/syn,42
2021-03-01,4733,3561,GitHub/dtolnay/syn,1
2021-03-01,5249,204,GitHub/taiki-e/pin-project-lite,4
2021-03-01,5249,2969,GitHub/taiki-e/pin-project-lite,35
2021-03-01,5249,3180,GitHub/taiki-e/pin-project-lite,1
2021-03-01,6681,3471,GitHub/djc/rustc-version-rs,42
2021-03-01,7322,2988,GitHub/servo/rust-smallvec,2
2021-03-01,12228,3921,GitHub/seanmonstar/httparse,1
2021-03-01,12228,3878,GitHub/seanmonstar/httparse,1
2021-03-01,12266,3048,GitHub/bitflags/bitflags,1
2021-03-01,12266,218,GitHub/bitflags/bitflags,1
2021-03-01,12842,2969,GitHub/tokio-rs/slab,8
2021-03-01,12842,4974,GitHub/tokio-rs/slab,1
2021-03-01,12842,4973,GitHub/tokio-rs/slab,1
2021-03-01,12842,3557,GitHub/tokio-rs/slab,1
2021-03-01,12842,3436,GitHub/tokio-rs/slab,1
2021-03-01,13804,3011,GitHub/dtolnay/anyhow,2
2021-03-01,13804,2912,GitHub/dtolnay/anyhow,14
2021-03-01,16183,4180,GitHub/rust-lang/cc-rs,1
2021-03-01,16183,2866,GitHub/rust-lang/cc-rs,1
2021-03-01,16183,3214,GitHub/rust-lang/cc-rs,1
2021-03-01,16183,2867,GitHub/rust-lang/cc-rs,2
2021-03-01,16183,3718,GitHub/rust-lang/cc-rs,1
2021-03-01,16183,4179,GitHub/rust-lang/cc-rs,1
2021-03-01,16183,3112,GitHub/rust-lang/cc-rs,1
2021-03-01,16183,4182,GitHub/rust-lang/cc-rs,2
2021-03-01,16259,3188,GitHub/rust-num/num-traits,2
2021-03-01,16259,3808,GitHub/rust-num/num-traits,1
2021-03-01,16492,2539,GitHub/tokio-rs/bytes,1
2021-03-01,16492,4946,GitHub/tokio-rs/bytes,1
2021-03-01,16492,4372,GitHub/tokio-rs/bytes,2
2021-03-01,16492,3147,GitHub/tokio-rs/bytes,1
2021-03-01,17721,3945,GitHub/matklad/once_cell,1
2021-03-01,17721,2970,GitHub/matklad/once_cell,5
2021-03-01,18006,2969,GitHub/crossbeam-rs/crossbeam,43
2021-03-01,18006,3377,GitHub/crossbeam-rs/crossbeam,3
2021-03-01,19468,4792,GitHub/servo/rust-fnv,1
2021-03-01,20410,3975,GitHub/mgeisler/textwrap,1
2021-03-01,20410,2872,GitHub/mgeisler/textwrap,52
2021-03-01,20699,3014,GitHub/Amanieu/parking_lot,1
2021-03-01,20699,2968,GitHub/Amanieu/parking_lot,4
2021-03-01,20699,3015,GitHub/Amanieu/parking_lot,1
2021-03-01,20699,168,GitHub/Amanieu/parking_lot,1
2021-03-01,20949,3837,GitHub/Geal/nom,1
2021-03-01,20949,3534,GitHub/Geal/nom,6
2021-03-01,20949,3221,GitHub/Geal/nom,1
2021-03-01,20949,3838,GitHub/Geal/nom,1
2021-03-01,20949,3839,GitHub/Geal/nom,2
2021-03-01,20949,611,GitHub/Geal/nom,3
2021-03-01,20949,3841,GitHub/Geal/nom,1
2021-03-01,20949,2899,GitHub/Geal/nom,1
2021-03-01,20949,3836,GitHub/Geal/nom,1
2021-03-01,21282,268,GitHub/bluss/arrayvec,1
2021-03-01,21445,1373,GitHub/marshallpierce/rust-base64,4
2021-03-01,21445,1281,GitHub/marshallpierce/rust-base64,9
2021-03-01,22724,8,GitHub/rust-lang/log,1
2021-03-01,22724,2945,GitHub/rust-lang/log,1
2021-03-01,22724,3044,GitHub/rust-lang/log,15
2021-03-01,22724,3113,GitHub/rust-lang/log,1
2021-03-01,23287,4096,GitHub/rust-itertools/itertools,7
2021-03-01,23287,1479,GitHub/rust-itertools/itertools,1
2021-03-01,23287,1484,GitHub/rust-itertools/itertools,15
2021-03-01,23287,4101,GitHub/rust-itertools/itertools,1
2021-03-01,23287,4099,GitHub/rust-itertools/itertools,1
2021-03-01,23287,4098,GitHub/rust-itertools/itertools,1
2021-03-01,23287,4068,GitHub/rust-itertools/itertools,6
2021-03-01,23287,2967,GitHub/rust-itertools/itertools,1
2021-03-01,23287,4076,GitHub/rust-itertools/itertools,1
2021-03-01,23287,4088,GitHub/rust-itertools/itertools,4
2021-03-01,24455,2912,GitHub/serde-rs/json,15
2021-03-01,24455,4751,GitHub/serde-rs/json,1
2021-03-01,24455,4750,GitHub/serde-rs/json,1
2021-03-01,24455,4749,GitHub/serde-rs/json,1
2021-03-01,24455,4747,GitHub/serde-rs/json,1
2021-03-01,24455,4707,GitHub/serde-rs/json,1
2021-03-01,25976,2866,GitHub/rust-lang/regex,1
2021-03-01,25976,4554,GitHub/rust-lang/regex,1
2021-03-01,25976,4555,GitHub/rust-lang/regex,1
2021-03-01,25976,3043,GitHub/rust-lang/regex,4
2021-03-01,28336,1373,GitHub/RustCrypto/traits,2
2021-03-01,28336,4015,GitHub/RustCrypto/traits,1
2021-03-01,28336,3189,GitHub/RustCrypto/traits,11
2021-03-01,28336,4014,GitHub/RustCrypto/traits,1
2021-03-01,28336,4008,GitHub/RustCrypto/traits,82
2021-03-01,28705,717,GitHub/dguo/strsim-rs,1
2021-03-01,32560,3809,GitHub/BurntSushi/memchr,1
2021-03-01,32560,2866,GitHub/BurntSushi/memchr,1
2021-03-01,33435,3491,GitHub/dtolnay/itoa,2
2021-03-01,33435,2912,GitHub/dtolnay/itoa,1
2021-03-01,34191,4008,GitHub/RustCrypto/utils,103
2021-03-01,34191,3189,GitHub/RustCrypto/utils,16
2021-03-01,34831,4358,GitHub/rust-lang/futures-rs,1
2021-03-01,34831,204,GitHub/rust-lang/futures-rs,1
2021-03-01,34831,2969,GitHub/rust-lang/futures-rs,29
2021-03-01,34831,1798,GitHub/rust-lang/futures-rs,1
2021-03-01,34831,1795,GitHub/rust-lang/futures-rs,1
2021-03-01,34831,4240,GitHub/rust-lang/futures-rs,1
2021-03-01,34831,1794,GitHub/rust-lang/futures-rs,1
2021-03-01,34831,4357,GitHub/rust-lang/futures-rs,1
2021-03-01,34831,3147,GitHub/rust-lang/futures-rs,1
2021-03-01,34831,3194,GitHub/rust-lang/futures-rs,1
2021-03-01,34831,3859,GitHub/rust-lang/futures-rs,1
2021-03-01,34831,4420,GitHub/rust-lang/futures-rs,1
2021-03-01,34831,1799,GitHub/rust-lang/futures-rs,1
2021-03-01,35574,3173,GitHub/unicode-rs/unicode-normalization,2
2021-03-01,35574,4979,GitHub/unicode-rs/unicode-normalization,1
2021-03-01,35574,3969,GitHub/unicode-rs/unicode-normalization,5
2021-03-01,36424,2950,GitHub/steveklabnik/semver-parser,2
2021-03-01,37083,2866,GitHub/BurntSushi/termcolor,1
2021-03-01,37612,2912,GitHub/dtolnay/quote,5
2021-03-01,38667,3025,GitHub/bluss/indexmap,4
2021-03-01,39779,3951,GitHub/time-rs/time,80
2021-03-01,39779,4944,GitHub/time-rs/time,1
2021-03-01,41752,3621,GitHub/servo/rust-url,1
2021-03-01,41752,4874,GitHub/servo/rust-url,2
2021-03-01,41752,3471,GitHub/servo/rust-url,10
2021-03-01,41752,2428,GitHub/servo/rust-url,10
2021-03-01,41752,3194,GitHub/servo/rust-url,2
2021-03-01,41752,4873,GitHub/servo/rust-url,1
2021-03-01,41752,4872,GitHub/servo/rust-url,1
2021-03-01,41752,4871,GitHub/servo/rust-url,1
2021-03-01,41752,3173,GitHub/servo/rust-url,3
2021-03-01,41957,2912,GitHub/dtolnay/proc-macro2,1
2021-03-01,42413,2912,GitHub/dtolnay/ryu,2
2021-03-01,42655,3067,GitHub/rust-lang/socket2,3
2021-03-01,42655,4607,GitHub/rust-lang/socket2,1
2021-03-01,42655,4606,GitHub/rust-lang/socket2,4
2021-03-01,42655,2942,GitHub/rust-lang/socket2,1
2021-03-01,42655,3044,GitHub/rust-lang/socket2,1
2021-03-01,42655,3113,GitHub/rust-lang/socket2,20
2021-03-01,44362,2968,GitHub/rust-lang/hashbrown,6
2021-03-01,44362,204,GitHub/rust-lang/hashbrown,31
2021-03-01,44362,3195,GitHub/rust-lang/hashbrown,2
2021-03-01,44362,3180,GitHub/rust-lang/hashbrown,3
2021-03-01,44362,4450,GitHub/rust-lang/hashbrown,7
2021-03-01,44362,4453,GitHub/rust-lang/hashbrown,2
2021-03-01,44362,4454,GitHub/rust-lang/hashbrown,1
2021-03-01,44362,3025,GitHub/rust-lang/hashbrown,8
2021-03-01,45748,2897,GitHub/dtolnay/thiserror,1
2021-03-01,45748,2912,GitHub/dtolnay/thiserror,5
2021-03-01,46027,2877,GitHub/alexcrichton/toml-rs,1
2021-03-01,46027,2875,GitHub/alexcrichton/toml-rs,1
2021-03-01,48512,4692,GitHub/rust-random/getrandom,21
2021-03-01,48512,3189,GitHub/rust-random/getrandom,9
2021-03-01,49067,3025,GitHub/Amanieu/thread_local-rs,1
2021-03-01,49067,2968,GitHub/Amanieu/thread_local-rs,11
2021-03-01,49067,204,GitHub/Amanieu/thread_local-rs,1
2021-03-01,49067,3038,GitHub/Amanieu/thread_local-rs,16
2021-03-01,49075,2866,GitHub/rust-lang/pkg-config-rs,1
2021-03-01,52462,898,GitHub/Frommi/miniz_oxide,2
2021-04-01,602,4993,GitHub/unicode-rs/unicode-segmentation,1
2021-04-01,602,4992,GitHub/unicode-rs/unicode-segmentation,4
2021-04-01,602,3173,GitHub/unicode-rs/unicode-segmentation,4
2021-04-01,626,3919,GitHub/hyperium/http,1
2021-04-01,626,3878,GitHub/hyperium/http,1
2021-04-01,3150,4009,GitHub/seanmonstar/num_cpus,1
2021-04-01,4484,2866,GitHub/BurntSushi/byteorder,1
2021-04-01,4484,373,GitHub/BurntSushi/byteorder,1
2021-04-01,4484,3185,GitHub/BurntSushi/byteorder,1
2021-04-01,4484,3104,GitHub/BurntSushi/byteorder,1
2021-04-01,4484,3043,GitHub/BurntSushi/byteorder,11
2021-04-01,4733,2912,GitHub/dtolnay/syn,108
2021-04-01,4733,3561,GitHub/dtolnay/syn,1
2021-04-01,5249,1799,GitHub/taiki-e/pin-project-lite,2
2021-04-01,5249,204,GitHub/taiki-e/pin-project-lite,4
2021-04-01,5249,3180,GitHub/taiki-e/pin-project-lite,1
2021-04-01,5249,2969,GitHub/taiki-e/pin-project-lite,57
2021-04-01,6681,3471,GitHub/djc/rustc-version-rs,42
2021-04-01,7322,2988,GitHub/servo/rust-smallvec,4
2021-04-01,12228,3921,GitHub/seanmonstar/httparse,1
2021-04-01,12228,1252,GitHub/seanmonstar/httparse,2
2021-04-01,12228,3878,GitHub/seanmonstar/httparse,1
2021-04-01,12266,218,GitHub/bitflags/bitflags,1
2021-04-01,12266,3048,GitHub/bitflags/bitflags,1
2021-04-01,12842,3436,GitHub/tokio-rs/slab,1
2021-04-01,12842,4974,GitHub/tokio-rs/slab,1
2021-04-01,12842,3557,GitHub/tokio-rs/slab,1
2021-04-01,12842,4973,GitHub/tokio-rs/slab,1
2021-04-01,12842,2969,GitHub/tokio-rs/slab,8
2021-04-01,13804,2912,GitHub/dtolnay/anyhow,31
2021-04-01,13804,3011,GitHub/dtolnay/anyhow,2
2021-04-01,16183,4177,GitHub/rust-lang/cc-rs,1
2021-04-01,16183,3718,GitHub/rust-lang/cc-rs,1
2021-04-01,16183,3112,GitHub/rust-lang/cc-rs,1
2021-04-01,16183,4182,GitHub/rust-lang/cc-rs,2
2021-04-01,16183,2866,GitHub/rust-lang/cc-rs,1
2021-04-01,16183,4180,GitHub/rust-lang/cc-rs,1
2021-04-01,16183,2867,GitHub/rust-lang/cc-rs,2
2021-04-01,16183,4179,GitHub/rust-lang/cc-rs,1
2021-04-01,16183,4178,GitHub/rust-lang/cc-rs,1
2021-04-01,16183,3214,GitHub/rust-lang/cc-rs,1
2021-04-01,16259,2874,GitHub/rust-num/num-traits,1
2021-04-01,16259,3188,GitHub/rust-num/num-traits,2
2021-04-01,16259,3808,GitHub/rust-num/num-traits,2
2021-04-01,16259,3037,GitHub/rust-num/num-traits,1
2021-04-01,16492,2539,GitHub/tokio-rs/bytes,1
2021-04-01,16492,3147,GitHub/tokio-rs/bytes,1
2021-04-01,16492,4946,GitHub/tokio-rs/bytes,1
2021-04-01,16492,4372,GitHub/tokio-rs/bytes,2
2021-04-01,17721,2970,GitHub/matklad/once_cell,9
2021-04-01,17721,3945,GitHub/matklad/once_cell,1
2021-04-01,17721,3598,GitHub/matklad/once_cell,3
2021-04-01,17721,3195,GitHub/matklad/once_cell,3
2021-04-01,18006,3376,GitHub/crossbeam-rs/crossbeam,2
2021-04-01,18006,2969,GitHub/crossbeam-rs/crossbeam,50
2021-04-01,18006,3377,GitHub/crossbeam-rs/crossbeam,3
2021-04-01,19468,4792,GitHub/servo/rust-fnv,1
2021-04-01,20410,2872,GitHub/mgeisler/textwrap,60
2021-04-01,20410,3975,GitHub/mgeisler/textwrap,1
2021-04-01,20699,2968,GitHub/Amanieu/parking_lot,4
2021-04-01,20699,3015,GitHub/Amanieu/parking_lot,1
2021-04-01,20699,3014,GitHub/Amanieu/parking_lot,1
2021-04-01,20699,168,GitHub/Amanieu/parking_lot,1
2021-04-01,20949,3836,GitHub/Geal/nom,1
2021-04-01,20949,3221,GitHub/Geal/nom,1
2021-04-01,20949,2899,GitHub/Geal/nom,1
2021-04-01,20949,3841,GitHub/Geal/nom,1
2021-04-01,20949,611,GitHub/Geal/nom,3
2021-04-01,20949,3839,GitHub/Geal/nom,2
2021-04-01,20949,3838,GitHub/Geal/nom,1
2021-04-01,20949,3837,GitHub/Geal/nom,1
2021-04-01,20949,3534,GitHub/Geal/nom,8
2021-04-01,21282,3025,GitHub/bluss/arrayvec,1
2021-04-01,21282,3051,GitHub/bluss/arrayvec,2
2021-04-01,21282,268,GitHub/bluss/arrayvec,45
2021-04-01,21282,3106,GitHub/bluss/arrayvec,1
2021-04-01,21282,3105,GitHub/bluss/arrayvec,2
2021-04-01,21445,1281,GitHub/marshallpierce/rust-base64,9
2021-04-01,21445,1373,GitHub/marshallpierce/rust-base64,4
2021-04-01,22724,2945,GitHub/rust-lang/log,1
2021-04-01,22724,3044,GitHub/rust-lang/log,15
2021-04-01,22724,3113,GitHub/rust-lang/log,2
2021-04-01,22724,8,GitHub/rust-lang/log,1
2021-04-01,22804,2866,GitHub/alexcrichton/cfg-if,1
2021-04-01,23287,2967,GitHub/rust-itertools/itertools,1
2021-04-01,23287,4068,GitHub/rust-itertools/itertools,6
2021-04-01,23287,4076,GitHub/rust-itertools/itertools,1
2021-04-01,23287,4088,GitHub/rust-itertools/itertools,4
2021-04-01,23287,4096,GitHub/rust-itertools/itertools,7
2021-04-01,23287,4098,GitHub/rust-itertools/itertools,1
2021-04-01,23287,4099,GitHub/rust-itertools/itertools,1
2021-04-01,23287,4101,GitHub/rust-itertools/itertools,1
2021-04-01,23287,1484,GitHub/rust-itertools/itertools,15
2021-04-01,23287,1479,GitHub/rust-itertools/itertools,2
2021-04-01,24455,4751,GitHub/serde-rs/json,1
2021-04-01,24455,2912,GitHub/serde-rs/json,16
2021-04-01,24455,4750,GitHub/serde-rs/json,1
2021-04-01,24455,4749,GitHub/serde-rs/json,1
2021-04-01,24455,4747,GitHub/serde-rs/json,2
2021-04-01,24455,4707,GitHub/serde-rs/json,1
2021-04-01,25976,4555,GitHub/rust-lang/regex,1
2021-04-01,25976,4554,GitHub/rust-lang/regex,1
2021-04-01,25976,3043,GitHub/rust-lang/regex,13
2021-04-01,25976,2866,GitHub/rust-lang/regex,1
2021-04-01,26074,3999,GitHub/paholg/typenum,3
2021-04-01,26074,3614,GitHub/paholg/typenum,32
2021-04-01,28336,4014,GitHub/RustCrypto/traits,1
2021-04-01,28336,1373,GitHub/RustCrypto/traits,2
2021-04-01,28336,3189,GitHub/RustCrypto/traits,12
2021-04-01,28336,4008,GitHub/RustCrypto/traits,89
2021-04-01,28336,4015,GitHub/RustCrypto/traits,1
2021-04-01,28705,717,GitHub/dguo/strsim-rs,1
2021-04-01,30968,2343,GitHub/SergioBenitez/version_check,7
2021-04-01,30968,3025,GitHub/SergioBenitez/version_check,1
2021-04-01,32560,3809,GitHub/BurntSushi/memchr,1
2021-04-01,32560,2866,GitHub/BurntSushi/memchr,1
2021-04-01,33435,2912,GitHub/dtolnay/itoa,1
2021-04-01,33435,3491,GitHub/dtolnay/itoa,2
2021-04-01,34191,4008,GitHub/RustCrypto/utils,130
2021-04-01,34191,3189,GitHub/RustCrypto/utils,16
2021-04-01,34831,2969,GitHub/rust-lang/futures-rs,32
2021-04-01,34831,3147,GitHub/rust-lang/futures-rs,5
2021-04-01,34831,4356,GitHub/rust-lang/futures-rs,1
2021-04-01,34831,4240,GitHub/rust-lang/futures-rs,1
2021-04-01,34831,4357,GitHub/rust-lang/futures-rs,1
2021-04-01,34831,3194,GitHub/rust-lang/futures-rs,1
2021-04-01,34831,204,GitHub/rust-lang/futures-rs,1
2021-04-01,34831,1794,GitHub/rust-lang/futures-rs,1
2021-04-01,34831,1795,GitHub/rust-lang/futures-rs,1
2021-04-01,34831,1798,GitHub/rust-lang/futures-rs,1
2021-04-01,34831,1799,GitHub/rust-lang/futures-rs,1
2021-04-01,34831,4420,GitHub/rust-lang/futures-rs,1
2021-04-01,34831,4358,GitHub/rust-lang/futures-rs,1
2021-04-01,34831,3859,GitHub/rust-lang/futures-rs,1
2021-04-01,34831,168,GitHub/rust-lang/futures-rs,1
2021-04-01,35574,4979,GitHub/unicode-rs/unicode-normalization,1
2021-04-01,35574,3173,GitHub/unicode-rs/unicode-normalization,2
2021-04-01,35574,3969,GitHub/unicode-rs/unicode-normalization,5
2021-04-01,36424,2950,GitHub/steveklabnik/semver-parser,2
2021-04-01,37083,2866,GitHub/BurntSushi/termcolor,1
2021-04-01,37101,3013,GitHub/Gilnaa/memoffset,7
2021-04-01,37101,3870,GitHub/Gilnaa/memoffset,5
2021-04-01,37101,3876,GitHub/Gilnaa/memoffset,1
2021-04-01,37612,2912,GitHub/dtolnay/quote,6
2021-04-01,38667,3025,GitHub/bluss/indexmap,13
2021-04-01,39779,4944,GitHub/time-rs/time,1
2021-04-01,39779,3951,GitHub/time-rs/time,110
2021-04-01,39779,3025,GitHub/time-rs/time,1
2021-04-01,39779,3494,GitHub/time-rs/time,1
2021-04-01,41752,4872,GitHub/servo/rust-url,1
2021-04-01,41752,4873,GitHub/servo/rust-url,1
2021-04-01,41752,3173,GitHub/servo/rust-url,3
2021-04-01,41752,3621,GitHub/servo/rust-url,1
2021-04-01,41752,3471,GitHub/servo/rust-url,10
2021-04-01,41752,4874,GitHub/servo/rust-url,2
2021-04-01,41752,2428,GitHub/servo/rust-url,13
2021-04-01,41752,4871,GitHub/servo/rust-url,1
2021-04-01,41752,4870,GitHub/servo/rust-url,4
2021-04-01,41752,3194,GitHub/servo/rust-url,2
2021-04-01,41957,3494,GitHub/dtolnay/proc-macro2,1
2021-04-01,41957,2912,GitHub/dtolnay/proc-macro2,11
2021-04-01,41957,3495,GitHub/dtolnay/proc-macro2,1
2021-04-01,42413,2912,GitHub/dtolnay/ryu,2
2021-04-01,42655,3113,GitHub/rust-lang/socket2,22
2021-04-01,42655,2942,GitHub/rust-lang/socket2,1
2021-04-01,42655,3044,GitHub/rust-lang/socket2,1
2021-04-01,42655,3067,GitHub/rust-lang/socket2,3
2021-04-01,42655,4605,GitHub/rust-lang/socket2,1
2021-04-01,42655,4606,GitHub/rust-lang/socket2,4
2021-04-01,42655,4607,GitHub/rust-lang/socket2,1
2021-04-01,42655,3183,GitHub/rust-lang/socket2,1
2021-04-01,44362,4452,GitHub/rust-lang/hashbrown,1
2021-04-01,44362,4453,GitHub/rust-lang/hashbrown,2
2021-04-01,44362,4454,GitHub/rust-lang/hashbrown,1
2021-04-01,44362,2968,GitHub/rust-lang/hashbrown,12
2021-04-01,44362,204,GitHub/rust-lang/hashbrown,31
2021-04-01,44362,3195,GitHub/rust-lang/hashbrown,2
2021-04-01,44362,1919,GitHub/rust-lang/hashbrown,1
2021-04-01,44362,3180,GitHub/rust-lang/hashbrown,3
2021-04-01,44362,3025,GitHub/rust-lang/hashbrown,9
2021-04-01,44362,4450,GitHub/rust-lang/hashbrown,8
2021-04-01,44362,4451,GitHub/rust-lang/hashbrown,1
2021-04-01,45748,2897,GitHub/dtolnay/thiserror,1
2021-04-01,45748,2912,GitHub/dtolnay/thiserror,5
2021-04-01,46027,2875,GitHub/alexcrichton/toml-rs,1
2021-04-01,46027,2877,GitHub/alexcrichton/toml-rs,1
2021-04-01,46178,3044,GitHub/rust-lang-nursery/lazy-static.rs,2
2021-04-01,48512,4692,GitHub/rust-random/getrandom,22
2021-04-01,48512,3189,GitHub/rust-random/getrandom,9
2021-04-01,49067,2968,GitHub/Amanieu/thread_local-rs,11
2021-04-01,49067,204,GitHub/Amanieu/thread_local-rs,1
2021-04-01,49067,3038,GitHub/Amanieu/thread_local-rs,16
2021-04-01,49067,3025,GitHub/Amanieu/thread_local-rs,1
2021-04-01,49075,2866,GitHub/rust-lang/pkg-config-rs,1
2021-04-01,52462,898,GitHub/Frommi/miniz_oxide,2
2021-04-01,52465,3105,GitHub/fizyk20/generic-array,6
2021-04-01,52465,3621,GitHub/fizyk20/generic-array,1
2021-04-01,52465,3606,GitHub/fizyk20/generic-array,9
2021-05-01,602,4993,GitHub/unicode-rs/unicode-segmentation,1
2021-05-01,602,4992,GitHub/unicode-rs/unicode-segmentation,4
2021-05-01,602,3835,GitHub/unicode-rs/unicode-segmentation,1
2021-05-01,602,3173,GitHub/unicode-rs/unicode-segmentation,5
2021-05-01,626,1252,GitHub/hyperium/http,1
2021-05-01,626,3878,GitHub/hyperium/http,2
2021-05-01,626,3919,GitHub/hyperium/http,1
2021-05-01,626,3918,GitHub/hyperium/http,1
2021-05-01,626,3598,GitHub/hyperium/http,1
2021-05-01,626,3916,GitHub/hyperium/http,1
2021-05-01,626,3835,GitHub/hyperium/http,1
2021-05-01,3150,4009,GitHub/seanmonstar/num_cpus,1
2021-05-01,4484,3104,GitHub/BurntSushi/byteorder,1
2021-05-01,4484,373,GitHub/BurntSushi/byteorder,1
2021-05-01,4484,3043,GitHub/BurntSushi/byteorder,11
2021-05-01,4484,3185,GitHub/BurntSushi/byteorder,1
2021-05-01,4484,2866,GitHub/BurntSushi/byteorder,1
2021-05-01,4733,3560,GitHub/dtolnay/syn,1
2021-05-01,4733,2912,GitHub/dtolnay/syn,159
2021-05-01,4733,3561,GitHub/dtolnay/syn,1
2021-05-01,4733,2969,GitHub/dtolnay/syn,3
2021-05-01,5249,2969,GitHub/taiki-e/pin-project-lite,64
2021-05-01,5249,1799,GitHub/taiki-e/pin-project-lite,2
2021-05-01,5249,204,GitHub/taiki-e/pin-project-lite,4
2021-05-01,5249,3180,GitHub/taiki-e/pin-project-lite,1
2021-05-01,6681,3471,GitHub/djc/rustc-version-rs,42
2021-05-01,7322,2988,GitHub/servo/rust-smallvec,4
2021-05-01,7415,3043,GitHub/BurntSushi/aho-corasick,9
2021-05-01,12228,3878,GitHub/seanmonstar/httparse,4
2021-05-01,12228,3921,GitHub/seanmonstar/httparse,1
2021-05-01,12228,1252,GitHub/seanmonstar/httparse,4
2021-05-01,12228,3835,GitHub/seanmonstar/httparse,1
2021-05-01,12266,218,GitHub/bitflags/bitflags,1
2021-05-01,12266,3048,GitHub/bitflags/bitflags,1
2021-05-01,12842,3436,GitHub/tokio-rs/slab,1
2021-05-01,12842,4974,GitHub/tokio-rs/slab,1
2021-05-01,12842,2969,GitHub/tokio-rs/slab,14
2021-05-01,12842,4973,GitHub/tokio-rs/slab,1
2021-05-01,12842,3557,GitHub/tokio-rs/slab,1
2021-05-01,13804,3011,GitHub/dtolnay/anyhow,2
2021-05-01,13804,2912,GitHub/dtolnay/anyhow,32
2021-05-01,16183,3718,GitHub/rust-lang/cc-rs,1
2021-05-01,16183,2867,GitHub/rust-lang/cc-rs,2
2021-05-01,16183,4179,GitHub/rust-lang/cc-rs,1
2021-05-01,16183,4178,GitHub/rust-lang/cc-rs,1
2021-05-01,16183,4177,GitHub/rust-lang/cc-rs,1
2021-05-01,16183,4182,GitHub/rust-lang/cc-rs,2
2021-05-01,16183,3112,GitHub/rust-lang/cc-rs,1
2021-05-01,16183,2866,GitHub/rust-lang/cc-rs,1
2021-05-01,16183,3214,GitHub/rust-lang/cc-rs,1
2021-05-01,16183,4180,GitHub/rust-lang/cc-rs,1
2021-05-01,16259,3808,GitHub/rust-num/num-traits,3
2021-05-01,16259,3037,GitHub/rust-num/num-traits,1
2021-05-01,16259,3188,GitHub/rust-num/num-traits,3
2021-05-01,16259,2874,GitHub/rust-num/num-traits,2
2021-05-01,16492,3170,GitHub/tokio-rs/bytes,1
2021-05-01,16492,4372,GitHub/tokio-rs/bytes,2
2021-05-01,16492,4946,GitHub/tokio-rs/bytes,1
2021-05-01,16492,2969,GitHub/tokio-rs/bytes,1
2021-05-01,16492,2539,GitHub/tokio-rs/bytes,1
2021-05-01,16492,3147,GitHub/tokio-rs/bytes,2
2021-05-01,16492,168,GitHub/tokio-rs/bytes,1
2021-05-01,17721,2970,GitHub/matklad/once_cell,9
2021-05-01,17721,3598,GitHub/matklad/once_cell,3
2021-05-01,17721,3945,GitHub/matklad/once_cell,1
2021-05-01,17721,3195,GitHub/matklad/once_cell,3
2021-05-01,18006,2969,GitHub/crossbeam-rs/crossbeam,57
2021-05-01,18006,3377,GitHub/crossbeam-rs/crossbeam,3
2021-05-01,18006,3376,GitHub/crossbeam-rs/crossbeam,2
2021-05-01,18006,2942,GitHub/crossbeam-rs/crossbeam,1
2021-05-01,19468,4792,GitHub/servo/rust-fnv,1
2021-05-01,20410,2872,GitHub/mgeisler/textwrap,69
2021-05-01,20410,3975,GitHub/mgeisler/textwrap,1
2021-05-01,20699,3013,GitHub/Amanieu/parking_lot,1
2021-05-01,20699,2968,GitHub/Amanieu/parking_lot,6
2021-05-01,20699,3014,GitHub/Amanieu/parking_lot,1
2021-05-01,20699,3015,GitHub/Amanieu/parking_lot,1
2021-05-01,20699,168,GitHub/Amanieu/parking_lot,1
2021-05-01,20949,3221,GitHub/Geal/nom,1
2021-05-01,20949,611,GitHub/Geal/nom,3
2021-05-01,20949,2899,GitHub/Geal/nom,1
2021-05-01,20949,3841,GitHub/Geal/nom,1
2021-05-01,20949,3839,GitHub/Geal/nom,2
2021-05-01,20949,3838,GitHub/Geal/nom,1
2021-05-01,20949,3837,GitHub/Geal/nom,1
2021-05-01,20949,3836,GitHub/Geal/nom,1
2021-05-01,20949,3534,GitHub/Geal/nom,10
2021-05-01,21282,3025,GitHub/bluss/arrayvec,1
2021-05-01,21282,3051,GitHub/bluss/arrayvec,2
2021-05-01,21282,268,GitHub/bluss/arrayvec,45
2021-05-01,21282,3106,GitHub/bluss/arrayvec,1
2021-05-01,21282,3105,GitHub/bluss/arrayvec,2
2021-05-01,21445,1281,GitHub/marshallpierce/rust-base64,9
2021-05-01,21445,1373,GitHub/marshallpierce/rust-base64,4
2021-05-01,22724,3113,GitHub/rust-lang/log,2
2021-05-01,22724,2945,GitHub/rust-lang/log,1
2021-05-01,22724,3044,GitHub/rust-lang/log,15
2021-05-01,22724,8,GitHub/rust-lang/log,1
2021-05-01,22804,2866,GitHub/alexcrichton/cfg-if,1
2021-05-01,23287,4095,GitHub/rust-itertools/itertools,7
2021-05-01,23287,4096,GitHub/rust-itertools/itertools,7
2021-05-01,23287,4098,GitHub/rust-itertools/itertools,1
2021-05-01,23287,4088,GitHub/rust-itertools/itertools,4
2021-05-01,23287,4068,GitHub/rust-itertools/itertools,6
2021-05-01,23287,4099,GitHub/rust-itertools/itertools,1
2021-05-01,23287,4101,GitHub/rust-itertools/itertools,1
2021-05-01,23287,1484,GitHub/rust-itertools/itertools,15
2021-05-01,23287,1479,GitHub/rust-itertools/itertools,2
2021-05-01,23287,1478,GitHub/rust-itertools/itertools,1
2021-05-01,23287,2967,GitHub/rust-itertools/itertools,1
2021-05-01,23287,1476,GitHub/rust-itertools/itertools,1
2021-05-01,23287,4076,GitHub/rust-itertools/itertools,1
2021-05-01,23287,4094,GitHub/rust-itertools/itertools,2
2021-05-01,24455,4751,GitHub/serde-rs/json,1
2021-05-01,24455,4750,GitHub/serde-rs/json,1
2021-05-01,24455,4747,GitHub/serde-rs/json,2
2021-05-01,24455,3835,GitHub/serde-rs/json,1
2021-05-01,24455,2912,GitHub/serde-rs/json,20
2021-05-01,24455,4707,GitHub/serde-rs/json,1
2021-05-01,24455,4749,GitHub/serde-rs/json,1
2021-05-01,24455,3049,GitHub/serde-rs/json,1
2021-05-01,25976,4555,GitHub/rust-lang/regex,1
2021-05-01,25976,3835,GitHub/rust-lang/regex,1
2021-05-01,25976,2866,GitHub/rust-lang/regex,1
2021-05-01,25976,3043,GitHub/rust-lang/regex,16
2021-05-01,25976,4554,GitHub/rust-lang/regex,1
2021-05-01,25976,4571,GitHub/rust-lang/regex,1
2021-05-01,26074,3614,GitHub/paholg/typenum,32
2021-05-01,26074,3188,GitHub/paholg/typenum,2
2021-05-01,26074,3999,GitHub/paholg/typenum,3
2021-05-01,28336,4015,GitHub/RustCrypto/traits,1
2021-05-01,28336,4014,GitHub/RustCrypto/traits,1
2021-05-01,28336,4008,GitHub/RustCrypto/traits,119
2021-05-01,28336,1373,GitHub/RustCrypto/traits,2
2021-05-01,28336,3189,GitHub/RustCrypto/traits,12
2021-05-01,28705,717,GitHub/dguo/strsim-rs,1
2021-05-01,28877,2609,GitHub/unicode-rs/unicode-xid,3
2021-05-01,28877,3173,GitHub/unicode-rs/unicode-xid,4
2021-05-01,30968,3025,GitHub/SergioBenitez/version_check,1
2021-05-01,30968,2343,GitHub/SergioBenitez/version_check,8
2021-05-01,32560,2866,GitHub/BurntSushi/memchr,1
2021-05-01,32560,3809,GitHub/BurntSushi/memchr,1
2021-05-01,32560,3043,GitHub/BurntSushi/memchr,6
2021-05-01,33435,2912,GitHub/dtolnay/itoa,1
2021-05-01,33435,3491,GitHub/dtolnay/itoa,2
2021-05-01,34191,4008,GitHub/RustCrypto/utils,149
2021-05-01,34191,3189,GitHub/RustCrypto/utils,17
2021-05-01,34831,3194,GitHub/rust-lang/futures-rs,1
2021-05-01,34831,3393,GitHub/rust-lang/futures-rs,2
2021-05-01,34831,3147,GitHub/rust-lang/futures-rs,10
2021-05-01,34831,3859,GitHub/rust-lang/futures-rs,1
2021-05-01,34831,2969,GitHub/rust-lang/futures-rs,49
2021-05-01,34831,4240,GitHub/rust-lang/futures-rs,1
2021-05-01,34831,4356,GitHub/rust-lang/futures-rs,2
2021-05-01,34831,4357,GitHub/rust-lang/futures-rs,1
2021-05-01,34831,4358,GitHub/rust-lang/futures-rs,1
2021-05-01,34831,4420,GitHub/rust-lang/futures-rs,1
2021-05-01,34831,1799,GitHub/rust-lang/futures-rs,1
2021-05-01,34831,1798,GitHub/rust-lang/futures-rs,1
2021-05-01,34831,1795,GitHub/rust-lang/futures-rs,1
2021-05-01,34831,1794,GitHub/rust-lang/futures-rs,1
2021-05-01,34831,1792,GitHub/rust-lang/futures-rs,2
2021-05-01,34831,204,GitHub/rust-lang/futures-rs,1
2021-05-01,34831,168,GitHub/rust-lang/futures-rs,2
2021-05-01,35574,4979,GitHub/unicode-rs/unicode-normalization,1
2021-05-01,35574,3969,GitHub/unicode-rs/unicode-normalization,5
2021-05-01,35574,3173,GitHub/unicode-rs/unicode-normalization,2
2021-05-01,35737,3025,GitHub/cuviper/autocfg,1
2021-05-01,36424,2950,GitHub/steveklabnik/semver-parser,2
2021-05-01,37083,2866,GitHub/BurntSushi/termcolor,1
2021-05-01,37101,3876,GitHub/Gilnaa/memoffset,1
2021-05-01,37101,3013,GitHub/Gilnaa/memoffset,7
2021-05-01,37101,3870,GitHub/Gilnaa/memoffset,5
2021-05-01,37612,2912,GitHub/dtolnay/quote,12
2021-05-01,38667,3025,GitHub/bluss/indexmap,14
2021-05-01,38667,2969,GitHub/bluss/indexmap,1
2021-05-01,39779,3025,GitHub/time-rs/time,1
2021-05-01,39779,4944,GitHub/time-rs/time,1
2021-05-01,39779,3494,GitHub/time-rs/time,1
2021-05-01,39779,3951,GitHub/time-rs/time,136
2021-05-01,40494,2988,GitHub/servo/unicode-bidi,3
2021-05-01,40494,4586,GitHub/servo/unicode-bidi,1
2021-05-01,41752,2428,GitHub/servo/rust-url,20
2021-05-01,41752,3413,GitHub/servo/rust-url,1
2021-05-01,41752,4870,GitHub/servo/rust-url,4
2021-05-01,41752,4871,GitHub/servo/rust-url,1
2021-05-01,41752,4872,GitHub/servo/rust-url,1
2021-05-01,41752,4873,GitHub/servo/rust-url,1
2021-05-01,41752,3194,GitHub/servo/rust-url,2
2021-05-01,41752,3481,GitHub/servo/rust-url,7
2021-05-01,41752,4874,GitHub/servo/rust-url,2
2021-05-01,41752,3471,GitHub/servo/rust-url,15
2021-05-01,41752,3835,GitHub/servo/rust-url,1
2021-05-01,41752,3621,GitHub/servo/rust-url,1
2021-05-01,41752,3173,GitHub/servo/rust-url,3
2021-05-01,41957,3495,GitHub/dtolnay/proc-macro2,1
2021-05-01,41957,2912,GitHub/dtolnay/proc-macro2,28
2021-05-01,41957,3494,GitHub/dtolnay/proc-macro2,1
2021-05-01,42413,2912,GitHub/dtolnay/ryu,2
2021-05-01,42655,1799,GitHub/rust-lang/socket2,1
2021-05-01,42655,3183,GitHub/rust-lang/socket2,1
2021-05-01,42655,2942,GitHub/rust-lang/socket2,1
2021-05-01,42655,3044,GitHub/rust-lang/socket2,1
2021-05-01,42655,3067,GitHub/rust-lang/socket2,3
2021-05-01,42655,3113,GitHub/rust-lang/socket2,22
2021-05-01,42655,4609,GitHub/rust-lang/socket2,1
2021-05-01,42655,168,GitHub/rust-lang/socket2,1
2021-05-01,42655,4607,GitHub/rust-lang/socket2,1
2021-05-01,42655,4606,GitHub/rust-lang/socket2,4
2021-05-01,42655,4605,GitHub/rust-lang/socket2,1
2021-05-01,42677,2613,GitHub/withoutboats/heck,1
2021-05-01,44362,4454,GitHub/rust-lang/hashbrown,1
2021-05-01,44362,3025,GitHub/rust-lang/hashbrown,9
2021-05-01,44362,2968,GitHub/rust-lang/hashbrown,12
2021-05-01,44362,3180,GitHub/rust-lang/hashbrown,3
2021-05-01,44362,1919,GitHub/rust-lang/hashbrown,2
2021-05-01,44362,4450,GitHub/rust-lang/hashbrown,8
2021-05-01,44362,4451,GitHub/rust-lang/hashbrown,1
2021-05-01,44362,4452,GitHub/rust-lang/hashbrown,1
2021-05-01,44362,4453,GitHub/rust-lang/hashbrown,2
2021-05-01,44362,204,GitHub/rust-lang/hashbrown,31
2021-05-01,44362,3195,GitHub/rust-lang/hashbrown,2
2021-05-01,45748,2897,GitHub/dtolnay/thiserror,1
2021-05-01,45748,2912,GitHub/dtolnay/thiserror,5
2021-05-01,46027,2875,GitHub/alexcrichton/toml-rs,3
2021-05-01,46027,2877,GitHub/alexcrichton/toml-rs,1
2021-05-01,46178,3044,GitHub/rust-lang-nursery/lazy-static.rs,2
2021-05-01,48512,4700,GitHub/rust-random/getrandom,1
2021-05-01,48512,4692,GitHub/rust-random/getrandom,22
2021-05-01,48512,3189,GitHub/rust-random/getrandom,9
2021-05-01,49067,3025,GitHub/Amanieu/thread_local-rs,1
2021-05-01,49067,204,GitHub/Amanieu/thread_local-rs,1
2021-05-01,49067,2968,GitHub/Amanieu/thread_local-rs,11
2021-05-01,49067,3038,GitHub/Amanieu/thread_local-rs,16
2021-05-01,49075,2866,GitHub/rust-lang/pkg-config-rs,1
2021-05-01,52462,898,GitHub/Frommi/miniz_oxide,2
2021-05-01,52462,3628,GitHub/Frommi/miniz_oxide,1
2021-05-01,52465,3105,GitHub/fizyk20/generic-array,6
2021-05-01,52465,3606,GitHub/fizyk20/generic-array,9
2021-05-01,52465,3621,GitHub/fizyk20/generic-array,1
2021-06-01,602,3173,GitHub/unicode-rs/unicode-segmentation,5
2021-06-01,602,4993,GitHub/unicode-rs/unicode-segmentation,1
2021-06-01,602,4992,GitHub/unicode-rs/unicode-segmentation,4
2021-06-01,602,3835,GitHub/unicode-rs/unicode-segmentation,1
2021-06-01,626,3916,GitHub/hyperium/http,1
2021-06-01,626,3835,GitHub/hyperium/http,1
2021-06-01,626,3598,GitHub/hyperium/http,1
2021-06-01,626,3878,GitHub/hyperium/http,2
2021-06-01,626,3919,GitHub/hyperium/http,1
2021-06-01,626,1252,GitHub/hyperium/http,1
2021-06-01,626,3918,GitHub/hyperium/http,1
2021-06-01,3150,4009,GitHub/seanmonstar/num_cpus,1
2021-06-01,4484,373,GitHub/BurntSushi/byteorder,1
2021-06-01,4484,2866,GitHub/BurntSushi/byteorder,1
2021-06-01,4484,3185,GitHub/BurntSushi/byteorder,1
2021-06-01,4484,3043,GitHub/BurntSushi/byteorder,11
2021-06-01,4484,3104,GitHub/BurntSushi/byteorder,1
2021-06-01,4733,2969,GitHub/dtolnay/syn,3
2021-06-01,4733,3560,GitHub/dtolnay/syn,1
2021-06-01,4733,2912,GitHub/dtolnay/syn,171
2021-06-01,4733,3561,GitHub/dtolnay/syn,1
2021-06-01,5249,3180,GitHub/taiki-e/pin-project-lite,1
2021-06-01,5249,2969,GitHub/taiki-e/pin-project-lite,71
2021-06-01,5249,204,GitHub/taiki-e/pin-project-lite,4
2021-06-01,5249,1799,GitHub/taiki-e/pin-project-lite,2
2021-06-01,6681,2912,GitHub/djc/rustc-version-rs,1
2021-06-01,6681,3471,GitHub/djc/rustc-version-rs,47
2021-06-01,7322,2377,GitHub/servo/rust-smallvec,1
2021-06-01,7322,2988,GitHub/servo/rust-smallvec,4
2021-06-01,7415,3043,GitHub/BurntSushi/aho-corasick,10
2021-06-01,7415,2866,GitHub/BurntSushi/aho-corasick,1
2021-06-01,7415,3177,GitHub/BurntSushi/aho-corasick,1
2021-06-01,12228,2945,GitHub/seanmonstar/httparse,1
2021-06-01,12228,1252,GitHub/seanmonstar/httparse,4
2021-06-01,12228,3921,GitHub/seanmonstar/httparse,1
2021-06-01,12228,3878,GitHub/seanmonstar/httparse,5
2021-06-01,12228,3835,GitHub/seanmonstar/httparse,1
2021-06-01,12266,3048,GitHub/bitflags/bitflags,1
2021-06-01,12266,3047,GitHub/bitflags/bitflags,1
2021-06-01,12266,218,GitHub/bitflags/bitflags,1
2021-06-01,12266,3060,GitHub/bitflags/bitflags,2
2021-06-01,12266,3049,GitHub/bitflags/bitflags,2
2021-06-01,12266,3044,GitHub/bitflags/bitflags,11
2021-06-01,12842,3557,GitHub/tokio-rs/slab,1
2021-06-01,12842,3436,GitHub/tokio-rs/slab,1
2021-06-01,12842,4974,GitHub/tokio-rs/slab,1
2021-06-01,12842,2969,GitHub/tokio-rs/slab,19
2021-06-01,12842,4973,GitHub/tokio-rs/slab,1
2021-06-01,13804,2912,GitHub/dtolnay/anyhow,33
2021-06-01,13804,3011,GitHub/dtolnay/anyhow,2
2021-06-01,16183,4180,GitHub/rust-lang/cc-rs,1
2021-06-01,16183,4179,GitHub/rust-lang/cc-rs,1
2021-06-01,16183,4177,GitHub/rust-lang/cc-rs,1
2021-06-01,16183,3214,GitHub/rust-lang/cc-rs,1
2021-06-01,16183,1581,GitHub/rust-lang/cc-rs,1
2021-06-01,16183,3718,GitHub/rust-lang/cc-rs,1
2021-06-01,16183,1580,GitHub/rust-lang/cc-rs,1
2021-06-01,16183,3112,GitHub/rust-lang/cc-rs,1
2021-06-01,16183,4182,GitHub/rust-lang/cc-rs,2
2021-06-01,16183,4178,GitHub/rust-lang/cc-rs,1
2021-06-01,16183,3156,GitHub/rust-lang/cc-rs,1
2021-06-01,16183,2867,GitHub/rust-lang/cc-rs,3
2021-06-01,16183,2866,GitHub/rust-lang/cc-rs,1
2021-06-01,16259,2874,GitHub/rust-num/num-traits,2
2021-06-01,16259,3037,GitHub/rust-num/num-traits,1
2021-06-01,16259,3808,GitHub/rust-num/num-traits,3
2021-06-01,16259,3188,GitHub/rust-num/num-traits,3
2021-06-01,16492,2969,GitHub/tokio-rs/bytes,2
2021-06-01,16492,3170,GitHub/tokio-rs/bytes,1
2021-06-01,16492,4372,GitHub/tokio-rs/bytes,2
2021-06-01,16492,4946,GitHub/tokio-rs/bytes,1
2021-06-01,16492,2539,GitHub/tokio-rs/bytes,1
2021-06-01,16492,3147,GitHub/tokio-rs/bytes,2
2021-06-01,16492,168,GitHub/tokio-rs/bytes,1
2021-06-01,17721,3598,GitHub/matklad/once_cell,3
2021-06-01,17721,3195,GitHub/matklad/once_cell,3
2021-06-01,17721,3945,GitHub/matklad/once_cell,1
2021-06-01,17721,2970,GitHub/matklad/once_cell,11
2021-06-01,18006,2942,GitHub/crossbeam-rs/crossbeam,1
2021-06-01,18006,3377,GitHub/crossbeam-rs/crossbeam,3
2021-06-01,18006,599,GitHub/crossbeam-rs/crossbeam,8
2021-06-01,18006,3376,GitHub/crossbeam-rs/crossbeam,2
2021-06-01,18006,2969,GitHub/crossbeam-rs/crossbeam,67
2021-06-01,18006,3374,GitHub/crossbeam-rs/crossbeam,1
2021-06-01,18006,3375,GitHub/crossbeam-rs/crossbeam,2
2021-06-01,19468,4792,GitHub/servo/rust-fnv,1
2021-06-01,20410,3975,GitHub/mgeisler/textwrap,1
2021-06-01,20410,2872,GitHub/mgeisler/textwrap,156
2021-06-01,20410,3974,GitHub/mgeisler/textwrap,1
2021-06-01,20699,2968,GitHub/Amanieu/parking_lot,8
2021-06-01,20699,168,GitHub/Amanieu/parking_lot,1
2021-06-01,20699,3015,GitHub/Amanieu/parking_lot,1
2021-06-01,20699,3014,GitHub/Amanieu/parking_lot,1
2021-06-01,20699,3013,GitHub/Amanieu/parking_lot,1
2021-06-01,20949,3534,GitHub/Geal/nom,11
2021-06-01,20949,611,GitHub/Geal/nom,3
2021-06-01,20949,3841,GitHub/Geal/nom,1
2021-06-01,20949,3838,GitHub/Geal/nom,1
2021-06-01,20949,3837,GitHub/Geal/nom,1
2021-06-01,20949,2899,GitHub/Geal/nom,1
2021-06-01,20949,3839,GitHub/Geal/nom,2
2021-06-01,20949,3221,GitHub/Geal/nom,1
2021-06-01,20949,3836,GitHub/Geal/nom,1
2021-06-01,21282,3104,GitHub/bluss/arrayvec,1
2021-06-01,21282,3106,GitHub/bluss/arrayvec,1
2021-06-01,21282,3103,GitHub/bluss/arrayvec,4
2021-06-01,21282,3025,GitHub/bluss/arrayvec,1
2021-06-01,21282,3051,GitHub/bluss/arrayvec,2
2021-06-01,21282,3105,GitHub/bluss/arrayvec,2
2021-06-01,21282,268,GitHub/bluss/arrayvec,47
2021-06-01,21445,1373,GitHub/marshallpierce/rust-base64,4
2021-06-01,21445,1281,GitHub/marshallpierce/rust-base64,9
2021-06-01,22724,4485,GitHub/rust-lang/log,1
2021-06-01,22724,3113,GitHub/rust-lang/log,2
2021-06-01,22724,2945,GitHub/rust-lang/log,2
2021-06-01,22724,8,GitHub/rust-lang/log,1
2021-06-01,22724,3044,GitHub/rust-lang/log,15
2021-06-01,22804,2866,GitHub/alexcrichton/cfg-if,1
2021-06-01,23287,4088,GitHub/rust-itertools/itertools,4
2021-06-01,23287,4076,GitHub/rust-itertools/itertools,1
2021-06-01,23287,4068,GitHub/rust-itertools/itertools,7
2021-06-01,23287,4095,GitHub/rust-itertools/itertools,7
2021-06-01,23287,4101,GitHub/rust-itertools/itertools,1
2021-06-01,23287,1484,GitHub/rust-itertools/itertools,15
2021-06-01,23287,1478,GitHub/rust-itertools/itertools,1
2021-06-01,23287,2866,GitHub/rust-itertools/itertools,1
2021-06-01,23287,1479,GitHub/rust-itertools/itertools,2
2021-06-01,23287,4094,GitHub/rust-itertools/itertools,2
2021-06-01,23287,4091,GitHub/rust-itertools/itertools,3
2021-06-01,23287,4093,GitHub/rust-itertools/itertools,6
2021-06-01,23287,4096,GitHub/rust-itertools/itertools,7
2021-06-01,23287,1476,GitHub/rust-itertools/itertools,1
2021-06-01,23287,4092,GitHub/rust-itertools/itertools,1
2021-06-01,23287,4098,GitHub/rust-itertools/itertools,1
2021-06-01,23287,2967,GitHub/rust-itertools/itertools,1
2021-06-01,23287,4099,GitHub/rust-itertools/itertools,1
2021-06-01,24455,3156,GitHub/serde-rs/json,1
2021-06-01,24455,2912,GitHub/serde-rs/json,24
2021-06-01,24455,3049,GitHub/serde-rs/json,1
2021-06-01,24455,2292,GitHub/serde-rs/json,1
2021-06-01,24455,4749,GitHub/serde-rs/json,1
2021-06-01,24455,3835,GitHub/serde-rs/json,1
2021-06-01,24455,4750,GitHub/serde-rs/json,1
2021-06-01,24455,4707,GitHub/serde-rs/json,1
2021-06-01,24455,4747,GitHub/serde-rs/json,2
2021-06-01,24455,4751,GitHub/serde-rs/json,1
2021-06-01,25976,3835,GitHub/rust-lang/regex,1
2021-06-01,25976,3156,GitHub/rust-lang/regex,2
2021-06-01,25976,3043,GitHub/rust-lang/regex,41
2021-06-01,25976,2866,GitHub/rust-lang/regex,1
2021-06-01,25976,4555,GitHub/rust-lang/regex,1
2021-06-01,25976,4571,GitHub/rust-lang/regex,1
2021-06-01,25976,4554,GitHub/rust-lang/regex,1
2021-06-01,25976,287,GitHub/rust-lang/regex,1
2021-06-01,26074,3999,GitHub/paholg/typenum,3
2021-06-01,26074,3188,GitHub/paholg/typenum,2
2021-06-01,26074,3614,GitHub/paholg/typenum,32
2021-06-01,28336,1373,GitHub/RustCrypto/traits,2
2021-06-01,28336,3189,GitHub/RustCrypto/traits,12
2021-06-01,28336,4008,GitHub/RustCrypto/traits,128
2021-06-01,28336,4015,GitHub/RustCrypto/traits,1
2021-06-01,28336,4014,GitHub/RustCrypto/traits,1
2021-06-01,28705,707,GitHub/dguo/strsim-rs,1
2021-06-01,28705,717,GitHub/dguo/strsim-rs,1
2021-06-01,28877,2609,GitHub/unicode-rs/unicode-xid,3
2021-06-01,28877,3173,GitHub/unicode-rs/unicode-xid,4
2021-06-01,30968,2343,GitHub/SergioBenitez/version_check,8
2021-06-01,30968,3025,GitHub/SergioBenitez/version_check,1
2021-06-01,32560,3043,GitHub/BurntSushi/memchr,13
2021-06-01,32560,3809,GitHub/BurntSushi/memchr,1
2021-06-01,32560,2866,GitHub/BurntSushi/memchr,1
2021-06-01,33435,3491,GitHub/dtolnay/itoa,2
2021-06-01,33435,2912,GitHub/dtolnay/itoa,1
2021-06-01,34191,4008,GitHub/RustCrypto/utils,201
2021-06-01,34191,4035,GitHub/RustCrypto/utils,1
2021-06-01,34191,3189,GitHub/RustCrypto/utils,17
2021-06-01,34831,168,GitHub/rust-lang/futures-rs,2
2021-06-01,34831,1799,GitHub/rust-lang/futures-rs,1
2021-06-01,34831,1798,GitHub/rust-lang/futures-rs,1
2021-06-01,34831,4353,GitHub/rust-lang/futures-rs,1
2021-06-01,34831,204,GitHub/rust-lang/futures-rs,1
2021-06-01,34831,4357,GitHub/rust-lang/futures-rs,1
2021-06-01,34831,1792,GitHub/rust-lang/futures-rs,2
2021-06-01,34831,3859,GitHub/rust-lang/futures-rs,1
2021-06-01,34831,3037,GitHub/rust-lang/futures-rs,29
2021-06-01,34831,4355,GitHub/rust-lang/futures-rs,2
2021-06-01,34831,3147,GitHub/rust-lang/futures-rs,10
2021-06-01,34831,3031,GitHub/rust-lang/futures-rs,2
2021-06-01,34831,3393,GitHub/rust-lang/futures-rs,2
2021-06-01,34831,1795,GitHub/rust-lang/futures-rs,1
2021-06-01,34831,4356,GitHub/rust-lang/futures-rs,2
2021-06-01,34831,4240,GitHub/rust-lang/futures-rs,1
2021-06-01,34831,4420,GitHub/rust-lang/futures-rs,1
2021-06-01,34831,2969,GitHub/rust-lang/futures-rs,83
2021-06-01,34831,3194,GitHub/rust-lang/futures-rs,1
2021-06-01,34831,1794,GitHub/rust-lang/futures-rs,1
2021-06-01,34831,4358,GitHub/rust-lang/futures-rs,1
2021-06-01,35574,4979,GitHub/unicode-rs/unicode-normalization,1
2021-06-01,35574,3969,GitHub/unicode-rs/unicode-normalization,8
2021-06-01,35574,3173,GitHub/unicode-rs/unicode-normalization,5
2021-06-01,35737,3025,GitHub/cuviper/autocfg,1
2021-06-01,36424,2950,GitHub/steveklabnik/semver-parser,3
2021-06-01,37083,2866,GitHub/BurntSushi/termcolor,1
2021-06-01,37101,3013,GitHub/Gilnaa/memoffset,8
2021-06-01,37101,3870,GitHub/Gilnaa/memoffset,7
2021-06-01,37101,3876,GitHub/Gilnaa/memoffset,1
2021-06-01,37612,2912,GitHub/dtolnay/quote,14
2021-06-01,37844,4894,GitHub/softprops/atty,1
2021-06-01,38667,2969,GitHub/bluss/indexmap,1
2021-06-01,38667,3154,GitHub/bluss/indexmap,1
2021-06-01,38667,339,GitHub/bluss/indexmap,1
2021-06-01,38667,3025,GitHub/bluss/indexmap,15
2021-06-01,38667,268,GitHub/bluss/indexmap,1
2021-06-01,39779,4944,GitHub/time-rs/time,1
2021-06-01,39779,3951,GitHub/time-rs/time,155
2021-06-01,39779,4912,GitHub/time-rs/time,1
2021-06-01,39779,3025,GitHub/time-rs/time,1
2021-06-01,39779,3494,GitHub/time-rs/time,1
2021-06-01,40494,2988,GitHub/servo/unicode-bidi,3
2021-06-01,40494,4586,GitHub/servo/unicode-bidi,1
2021-06-01,40796,3451,GitHub/cryptocorrosion/cryptocorrosion,1
2021-06-01,40796,3448,GitHub/cryptocorrosion/cryptocorrosion,2
2021-06-01,40796,3450,GitHub/cryptocorrosion/cryptocorrosion,1
2021-06-01,40937,2912,GitHub/dtolnay/semver,80
2021-06-01,40937,3522,GitHub/dtolnay/semver,2
2021-06-01,40937,2970,GitHub/dtolnay/semver,1
2021-06-01,41752,3471,GitHub/servo/rust-url,15
2021-06-01,41752,3481,GitHub/servo/rust-url,11
2021-06-01,41752,3621,GitHub/servo/rust-url,1
2021-06-01,41752,4873,GitHub/servo/rust-url,1
2021-06-01,41752,4871,GitHub/servo/rust-url,1
2021-06-01,41752,4870,GitHub/servo/rust-url,4
2021-06-01,41752,3173,GitHub/servo/rust-url,3
2021-06-01,41752,3156,GitHub/servo/rust-url,1
2021-06-01,41752,3835,GitHub/servo/rust-url,1
2021-06-01,41752,4872,GitHub/servo/rust-url,1
2021-06-01,41752,3413,GitHub/servo/rust-url,1
2021-06-01,41752,3194,GitHub/servo/rust-url,3
2021-06-01,41752,2428,GitHub/servo/rust-url,25
2021-06-01,41752,4874,GitHub/servo/rust-url,2
2021-06-01,41957,3494,GitHub/dtolnay/proc-macro2,1
2021-06-01,41957,2912,GitHub/dtolnay/proc-macro2,33
2021-06-01,41957,3495,GitHub/dtolnay/proc-macro2,1
2021-06-01,42413,2912,GitHub/dtolnay/ryu,2
2021-06-01,42655,3183,GitHub/rust-lang/socket2,1
2021-06-01,42655,4609,GitHub/rust-lang/socket2,1
2021-06-01,42655,168,GitHub/rust-lang/socket2,1
2021-06-01,42655,3044,GitHub/rust-lang/socket2,1
2021-06-01,42655,4604,GitHub/rust-lang/socket2,1
2021-06-01,42655,2942,GitHub/rust-lang/socket2,1
2021-06-01,42655,3030,GitHub/rust-lang/socket2,1
2021-06-01,42655,4607,GitHub/rust-lang/socket2,1
2021-06-01,42655,4605,GitHub/rust-lang/socket2,1
2021-06-01,42655,4606,GitHub/rust-lang/socket2,4
2021-06-01,42655,3113,GitHub/rust-lang/socket2,25
2021-06-01,42655,1799,GitHub/rust-lang/socket2,7
2021-06-01,42655,3067,GitHub/rust-lang/socket2,3
2021-06-01,42677,2613,GitHub/withoutboats/heck,1
2021-06-01,44362,204,GitHub/rust-lang/hashbrown,31
2021-06-01,44362,2992,GitHub/rust-lang/hashbrown,1
2021-06-01,44362,4453,GitHub/rust-lang/hashbrown,2
2021-06-01,44362,4451,GitHub/rust-lang/hashbrown,1
2021-06-01,44362,1919,GitHub/rust-lang/hashbrown,2
2021-06-01,44362,4450,GitHub/rust-lang/hashbrown,8
2021-06-01,44362,4454,GitHub/rust-lang/hashbrown,1
2021-06-01,44362,3025,GitHub/rust-lang/hashbrown,9
2021-06-01,44362,3195,GitHub/rust-lang/hashbrown,2
2021-06-01,44362,2968,GitHub/rust-lang/hashbrown,15
2021-06-01,44362,3180,GitHub/rust-lang/hashbrown,3
2021-06-01,44362,4452,GitHub/rust-lang/hashbrown,1
2021-06-01,44362,4447,GitHub/rust-lang/hashbrown,1
2021-06-01,45748,2912,GitHub/dtolnay/thiserror,11
2021-06-01,45748,2897,GitHub/dtolnay/thiserror,1
2021-06-01,46027,2877,GitHub/alexcrichton/toml-rs,1
2021-06-01,46027,2875,GitHub/alexcrichton/toml-rs,3
2021-06-01,46178,3044,GitHub/rust-lang-nursery/lazy-static.rs,3
2021-06-01,48512,3156,GitHub/rust-random/getrandom,1
2021-06-01,48512,3189,GitHub/rust-random/getrandom,10
2021-06-01,48512,4692,GitHub/rust-random/getrandom,24
2021-06-01,48512,4700,GitHub/rust-random/getrandom,2
2021-06-01,49067,3025,GitHub/Amanieu/thread_local-rs,1
2021-06-01,49067,3038,GitHub/Amanieu/thread_local-rs,16
2021-06-01,49067,2968,GitHub/Amanieu/thread_local-rs,11
2021-06-01,49067,204,GitHub/Amanieu/thread_local-rs,1
2021-06-01,49075,2866,GitHub/rust-lang/pkg-config-rs,1
2021-06-01,52462,3628,GitHub/Frommi/miniz_oxide,1
2021-06-01,52462,898,GitHub/Frommi/miniz_oxide,2
2021-06-01,52465,3606,GitHub/fizyk20/generic-array,9
2021-06-01,52465,3105,GitHub/fizyk20/generic-array,6
2021-06-01,52465,3621,GitHub/fizyk20/generic-array,1
2021-07-01,602,4993,GitHub/unicode-rs/unicode-segmentation,1
2021-07-01,602,3173,GitHub/unicode-rs/unicode-segmentation,8
2021-07-01,602,4992,GitHub/unicode-rs/unicode-segmentation,4
2021-07-01,602,3835,GitHub/unicode-rs/unicode-segmentation,1
2021-07-01,602,4991,GitHub/unicode-rs/unicode-segmentation,5
2021-07-01,602,155,GitHub/unicode-rs/unicode-segmentation,1
2021-07-01,626,3916,GitHub/hyperium/http,1
2021-07-01,626,3919,GitHub/hyperium/http,1
2021-07-01,626,1252,GitHub/hyperium/http,1
2021-07-01,626,3598,GitHub/hyperium/http,1
2021-07-01,626,3915,GitHub/hyperium/http,1
2021-07-01,626,3835,GitHub/hyperium/http,1
2021-07-01,626,3878,GitHub/hyperium/http,2
2021-07-01,626,3918,GitHub/hyperium/http,1
2021-07-01,3150,4009,GitHub/seanmonstar/num_cpus,1
2021-07-01,4484,2866,GitHub/BurntSushi/byteorder,1
2021-07-01,4484,3185,GitHub/BurntSushi/byteorder,1
2021-07-01,4484,3104,GitHub/BurntSushi/byteorder,1
2021-07-01,4484,373,GitHub/BurntSushi/byteorder,1
2021-07-01,4484,3043,GitHub/BurntSushi/byteorder,11
2021-07-01,4733,3561,GitHub/dtolnay/syn,1
2021-07-01,4733,2969,GitHub/dtolnay/syn,3
2021-07-01,4733,2912,GitHub/dtolnay/syn,177
2021-07-01,4733,3020,GitHub/dtolnay/syn,1
2021-07-01,4733,3560,GitHub/dtolnay/syn,1
2021-07-01,5249,1799,GitHub/taiki-e/pin-project-lite,2
2021-07-01,5249,204,GitHub/taiki-e/pin-project-lite,4
2021-07-01,5249,2969,GitHub/taiki-e/pin-project-lite,76
2021-07-01,5249,3180,GitHub/taiki-e/pin-project-lite,1
2021-07-01,6681,2912,GitHub/djc/rustc-version-rs,1
2021-07-01,6681,3471,GitHub/djc/rustc-version-rs,50
2021-07-01,7322,2377,GitHub/servo/rust-smallvec,1
2021-07-01,7322,2988,GitHub/servo/rust-smallvec,4
2021-07-01,7415,2866,GitHub/BurntSushi/aho-corasick,1
2021-07-01,7415,3177,GitHub/BurntSushi/aho-corasick,1
2021-07-01,7415,3043,GitHub/BurntSushi/aho-corasick,10
2021-07-01,12228,3835,GitHub/seanmonstar/httparse,1
2021-07-01,12228,2945,GitHub/seanmonstar/httparse,1
2021-07-01,12228,1252,GitHub/seanmonstar/httparse,4
2021-07-01,12228,3921,GitHub/seanmonstar/httparse,1
2021-07-01,12228,3878,GitHub/seanmonstar/httparse,5
2021-07-01,12266,3060,GitHub/bitflags/bitflags,2
2021-07-01,12266,3011,GitHub/bitflags/bitflags,1
2021-07-01,12266,3048,GitHub/bitflags/bitflags,5
2021-07-01,12266,218,GitHub/bitflags/bitflags,1
2021-07-01,12266,3049,GitHub/bitflags/bitflags,2
2021-07-01,12266,3044,GitHub/bitflags/bitflags,11
2021-07-01,12266,3047,GitHub/bitflags/bitflags,1
2021-07-01,12842,4602,GitHub/tokio-rs/slab,1
2021-07-01,12842,3436,GitHub/tokio-rs/slab,1
2021-07-01,12842,4973,GitHub/tokio-rs/slab,1
2021-07-01,12842,4974,GitHub/tokio-rs/slab,1
2021-07-01,12842,2969,GitHub/tokio-rs/slab,21
2021-07-01,12842,3557,GitHub/tokio-rs/slab,1
2021-07-01,13804,3482,GitHub/dtolnay/anyhow,1
2021-07-01,13804,3481,GitHub/dtolnay/anyhow,2
2021-07-01,13804,2912,GitHub/dtolnay/anyhow,35
2021-07-01,13804,3011,GitHub/dtolnay/anyhow,2
2021-07-01,16183,3214,GitHub/rust-lang/cc-rs,1
2021-07-01,16183,4182,GitHub/rust-lang/cc-rs,2
2021-07-01,16183,4177,GitHub/rust-lang/cc-rs,1
2021-07-01,16183,1579,GitHub/rust-lang/cc-rs,1
2021-07-01,16183,3718,GitHub/rust-lang/cc-rs,1
2021-07-01,16183,1651,GitHub/rust-lang/cc-rs,2
2021-07-01,16183,4178,GitHub/rust-lang/cc-rs,1
2021-07-01,16183,1580,GitHub/rust-lang/cc-rs,2
2021-07-01,16183,3112,GitHub/rust-lang/cc-rs,1
2021-07-01,16183,2867,GitHub/rust-lang/cc-rs,3
2021-07-01,16183,4179,GitHub/rust-lang/cc-rs,1
2021-07-01,16183,4180,GitHub/rust-lang/cc-rs,1
2021-07-01,16183,3156,GitHub/rust-lang/cc-rs,1
2021-07-01,16183,2866,GitHub/rust-lang/cc-rs,1
2021-07-01,16183,1581,GitHub/rust-lang/cc-rs,1
2021-07-01,16183,4135,GitHub/rust-lang/cc-rs,1
2021-07-01,16259,2874,GitHub/rust-num/num-traits,2
2021-07-01,16259,3037,GitHub/rust-num/num-traits,1
2021-07-01,16259,3188,GitHub/rust-num/num-traits,3
2021-07-01,16259,3808,GitHub/rust-num/num-traits,3
2021-07-01,16259,3025,GitHub/rust-num/num-traits,1
2021-07-01,16259,4679,GitHub/rust-num/num-traits,2
2021-07-01,16492,4372,GitHub/tokio-rs/bytes,2
2021-07-01,16492,3147,GitHub/tokio-rs/bytes,2
2021-07-01,16492,3170,GitHub/tokio-rs/bytes,1
2021-07-01,16492,4946,GitHub/tokio-rs/bytes,1
2021-07-01,16492,3904,GitHub/tokio-rs/bytes,1
2021-07-01,16492,2969,GitHub/tokio-rs/bytes,2
2021-07-01,16492,2539,GitHub/tokio-rs/bytes,1
2021-07-01,16492,168,GitHub/tokio-rs/bytes,1
2021-07-01,17721,3195,GitHub/matklad/once_cell,3
2021-07-01,17721,3944,GitHub/matklad/once_cell,1
2021-07-01,17721,3598,GitHub/matklad/once_cell,3
2021-07-01,17721,3945,GitHub/matklad/once_cell,1
2021-07-01,17721,2970,GitHub/matklad/once_cell,12
2021-07-01,18006,2969,GitHub/crossbeam-rs/crossbeam,72
2021-07-01,18006,2942,GitHub/crossbeam-rs/crossbeam,1
2021-07-01,18006,3373,GitHub/crossbeam-rs/crossbeam,1
2021-07-01,18006,599,GitHub/crossbeam-rs/crossbeam,8
2021-07-01,18006,3376,GitHub/crossbeam-rs/crossbeam,2
2021-07-01,18006,3372,GitHub/crossbeam-rs/crossbeam,2
2021-07-01,18006,3377,GitHub/crossbeam-rs/crossbeam,3
2021-07-01,18006,3375,GitHub/crossbeam-rs/crossbeam,2
2021-07-01,18006,3374,GitHub/crossbeam-rs/crossbeam,1
2021-07-01,19468,4792,GitHub/servo/rust-fnv,1
2021-07-01,20410,2872,GitHub/mgeisler/textwrap,214
2021-07-01,20410,3974,GitHub/mgeisler/textwrap,1
2021-07-01,20410,3973,GitHub/mgeisler/textwrap,1
2021-07-01,20410,3972,GitHub/mgeisler/textwrap,2
2021-07-01,20410,3975,GitHub/mgeisler/textwrap,1
2021-07-01,20699,2968,GitHub/Amanieu/parking_lot,8
2021-07-01,20699,3014,GitHub/Amanieu/parking_lot,1
2021-07-01,20699,3013,GitHub/Amanieu/parking_lot,1
2021-07-01,20699,3015,GitHub/Amanieu/parking_lot,1
2021-07-01,20699,168,GitHub/Amanieu/parking_lot,1
2021-07-01,20949,3841,GitHub/Geal/nom,1
2021-07-01,20949,3816,GitHub/Geal/nom,5
2021-07-01,20949,3828,GitHub/Geal/nom,1
2021-07-01,20949,2899,GitHub/Geal/nom,1
2021-07-01,20949,3838,GitHub/Geal/nom,1
2021-07-01,20949,3839,GitHub/Geal/nom,2
2021-07-01,20949,3834,GitHub/Geal/nom,1
2021-07-01,20949,3221,GitHub/Geal/nom,1
2021-07-01,20949,3832,GitHub/Geal/nom,1
2021-07-01,20949,611,GitHub/Geal/nom,3
2021-07-01,20949,3471,GitHub/Geal/nom,1
2021-07-01,20949,3835,GitHub/Geal/nom,1
2021-07-01,20949,2909,GitHub/Geal/nom,1
2021-07-01,20949,3833,GitHub/Geal/nom,1
2021-07-01,20949,3831,GitHub/Geal/nom,1
2021-07-01,20949,3666,GitHub/Geal/nom,1
2021-07-01,20949,3829,GitHub/Geal/nom,2
2021-07-01,20949,3837,GitHub/Geal/nom,1
2021-07-01,20949,3534,GitHub/Geal/nom,24
2021-07-01,20949,3830,GitHub/Geal/nom,1
2021-07-01,20949,3836,GitHub/Geal/nom,1
2021-07-01,20949,1150,GitHub/Geal/nom,1
2021-07-01,21282,3025,GitHub/bluss/arrayvec,1
2021-07-01,21282,268,GitHub/bluss/arrayvec,49
2021-07-01,21282,3104,GitHub/bluss/arrayvec,1
2021-07-01,21282,3106,GitHub/bluss/arrayvec,1
2021-07-01,21282,3105,GitHub/bluss/arrayvec,2
2021-07-01,21282,3103,GitHub/bluss/arrayvec,4
2021-07-01,21282,2874,GitHub/bluss/arrayvec,1
2021-07-01,21282,3051,GitHub/bluss/arrayvec,2
2021-07-01,21445,1373,GitHub/marshallpierce/rust-base64,4
2021-07-01,21445,1281,GitHub/marshallpierce/rust-base64,11
2021-07-01,21445,2866,GitHub/marshallpierce/rust-base64,1
2021-07-01,21445,3939,GitHub/marshallpierce/rust-base64,1
2021-07-01,22724,8,GitHub/rust-lang/log,1
2021-07-01,22724,3044,GitHub/rust-lang/log,15
2021-07-01,22724,3113,GitHub/rust-lang/log,2
2021-07-01,22724,2945,GitHub/rust-lang/log,2
2021-07-01,22724,4485,GitHub/rust-lang/log,1
2021-07-01,22804,2866,GitHub/alexcrichton/cfg-if,1
2021-07-01,23287,4098,GitHub/rust-itertools/itertools,1
2021-07-01,23287,2866,GitHub/rust-itertools/itertools,1
2021-07-01,23287,4093,GitHub/rust-itertools/itertools,6
2021-07-01,23287,4096,GitHub/rust-itertools/itertools,7
2021-07-01,23287,1478,GitHub/rust-itertools/itertools,1
2021-07-01,23287,1484,GitHub/rust-itertools/itertools,15
2021-07-01,23287,4092,GitHub/rust-itertools/itertools,1
2021-07-01,23287,2967,GitHub/rust-itertools/itertools,1
2021-07-01,23287,1479,GitHub/rust-itertools/itertools,2
2021-07-01,23287,4101,GitHub/rust-itertools/itertools,1
2021-07-01,23287,4099,GitHub/rust-itertools/itertools,1
2021-07-01,23287,4095,GitHub/rust-itertools/itertools,7
2021-07-01,23287,4068,GitHub/rust-itertools/itertools,7
2021-07-01,23287,4076,GitHub/rust-itertools/itertools,1
2021-07-01,23287,4088,GitHub/rust-itertools/itertools,4
2021-07-01,23287,4002,GitHub/rust-itertools/itertools,3
2021-07-01,23287,4094,GitHub/rust-itertools/itertools,2
2021-07-01,23287,1476,GitHub/rust-itertools/itertools,1
2021-07-01,23287,4091,GitHub/rust-itertools/itertools,3
2021-07-01,24455,4747,GitHub/serde-rs/json,2
2021-07-01,24455,2292,GitHub/serde-rs/json,1
2021-07-01,24455,3049,GitHub/serde-rs/json,1
2021-07-01,24455,2912,GitHub/serde-rs/json,26
2021-07-01,24455,4707,GitHub/serde-rs/json,1
2021-07-01,24455,4749,GitHub/serde-rs/json,1
2021-07-01,24455,3835,GitHub/serde-rs/json,1
2021-07-01,24455,4751,GitHub/serde-rs/json,1
2021-07-01,24455,4750,GitHub/serde-rs/json,1
2021-07-01,24455,3156,GitHub/serde-rs/json,1
2021-07-01,25976,4571,GitHub/rust-lang/regex,1
2021-07-01,25976,287,GitHub/rust-lang/regex,1
2021-07-01,25976,3156,GitHub/rust-lang/regex,2
2021-07-01,25976,2866,GitHub/rust-lang/regex,1
2021-07-01,25976,4555,GitHub/rust-lang/regex,1
2021-07-01,25976,3835,GitHub/rust-lang/regex,1
2021-07-01,25976,4554,GitHub/rust-lang/regex,1
2021-07-01,25976,3043,GitHub/rust-lang/regex,42
2021-07-01,26074,3188,GitHub/paholg/typenum,2
2021-07-01,26074,3614,GitHub/paholg/typenum,32
2021-07-01,26074,3999,GitHub/paholg/typenum,3
2021-07-01,28336,4014,GitHub/RustCrypto/traits,1
2021-07-01,28336,3189,GitHub/RustCrypto/traits,12
2021-07-01,28336,1373,GitHub/RustCrypto/traits,2
2021-07-01,28336,4015,GitHub/RustCrypto/traits,1
2021-07-01,28336,4008,GitHub/RustCrypto/traits,159
2021-07-01,28705,707,GitHub/dguo/strsim-rs,1
2021-07-01,28705,717,GitHub/dguo/strsim-rs,1
2021-07-01,28877,3173,GitHub/unicode-rs/unicode-xid,4
2021-07-01,28877,2609,GitHub/unicode-rs/unicode-xid,3
2021-07-01,30968,3025,GitHub/SergioBenitez/version_check,1
2021-07-01,30968,2343,GitHub/SergioBenitez/version_check,8
2021-07-01,32560,2866,GitHub/BurntSushi/memchr,1
2021-07-01,32560,3043,GitHub/BurntSushi/memchr,13
2021-07-01,32560,3809,GitHub/BurntSushi/memchr,1
2021-07-01,33435,3491,GitHub/dtolnay/itoa,2
2021-07-01,33435,2912,GitHub/dtolnay/itoa,1
2021-07-01,34191,4008,GitHub/RustCrypto/utils,251
2021-07-01,34191,3189,GitHub/RustCrypto/utils,17
2021-07-01,34191,4035,GitHub/RustCrypto/utils,1
2021-07-01,34831,3031,GitHub/rust-lang/futures-rs,2
2021-07-01,34831,204,GitHub/rust-lang/futures-rs,1
2021-07-01,34831,4240,GitHub/rust-lang/futures-rs,1
2021-07-01,34831,3194,GitHub/rust-lang/futures-rs,1
2021-07-01,34831,4357,GitHub/rust-lang/futures-rs,1
2021-07-01,34831,1792,GitHub/rust-lang/futures-rs,2
2021-07-01,34831,1795,GitHub/rust-lang/futures-rs,1
2021-07-01,34831,4351,GitHub/rust-lang/futures-rs,1
2021-07-01,34831,3037,GitHub/rust-lang/futures-rs,29
2021-07-01,34831,2969,GitHub/rust-lang/futures-rs,88
2021-07-01,34831,168,GitHub/rust-lang/futures-rs,2
2021-07-01,34831,3147,GitHub/rust-lang/futures-rs,10
2021-07-01,34831,1798,GitHub/rust-lang/futures-rs,1
2021-07-01,34831,3393,GitHub/rust-lang/futures-rs,2
2021-07-01,34831,3859,GitHub/rust-lang/futures-rs,1
2021-07-01,34831,4353,GitHub/rust-lang/futures-rs,1
2021-07-01,34831,4420,GitHub/rust-lang/futures-rs,1
2021-07-01,34831,1799,GitHub/rust-lang/futures-rs,1
2021-07-01,34831,4358,GitHub/rust-lang/futures-rs,1
2021-07-01,34831,1794,GitHub/rust-lang/futures-rs,1
2021-07-01,34831,4355,GitHub/rust-lang/futures-rs,2
2021-07-01,34831,4352,GitHub/rust-lang/futures-rs,1
2021-07-01,34831,4356,GitHub/rust-lang/futures-rs,2
2021-07-01,35574,4979,GitHub/unicode-rs/unicode-normalization,1
2021-07-01,35574,3173,GitHub/unicode-rs/unicode-normalization,7
2021-07-01,35574,3969,GitHub/unicode-rs/unicode-normalization,10
2021-07-01,35737,3025,GitHub/cuviper/autocfg,1
2021-07-01,36424,2950,GitHub/steveklabnik/semver-parser,3
2021-07-01,37083,2866,GitHub/BurntSushi/termcolor,1
2021-07-01,37083,3226,GitHub/BurntSushi/termcolor,1
2021-07-01,37101,3876,GitHub/Gilnaa/memoffset,1
2021-07-01,37101,3013,GitHub/Gilnaa/memoffset,8
2021-07-01,37101,3870,GitHub/Gilnaa/memoffset,7
2021-07-01,37612,2912,GitHub/dtolnay/quote,14
2021-07-01,37844,4894,GitHub/softprops/atty,1
2021-07-01,38667,3025,GitHub/bluss/indexmap,17
2021-07-01,38667,2969,GitHub/bluss/indexmap,1
2021-07-01,38667,339,GitHub/bluss/indexmap,1
2021-07-01,38667,268,GitHub/bluss/indexmap,1
2021-07-01,38667,3154,GitHub/bluss/indexmap,1
2021-07-01,39779,3025,GitHub/time-rs/time,1
2021-07-01,39779,3951,GitHub/time-rs/time,181
2021-07-01,39779,4944,GitHub/time-rs/time,1
2021-07-01,39779,3494,GitHub/time-rs/time,1
2021-07-01,39779,4912,GitHub/time-rs/time,1
2021-07-01,40494,4586,GitHub/servo/unicode-bidi,1
2021-07-01,40494,2988,GitHub/servo/unicode-bidi,3
2021-07-01,40796,3451,GitHub/cryptocorrosion/cryptocorrosion,1
2021-07-01,40796,3450,GitHub/cryptocorrosion/cryptocorrosion,1
2021-07-01,40796,3448,GitHub/cryptocorrosion/cryptocorrosion,2
2021-07-01,40937,3522,GitHub/dtolnay/semver,2
2021-07-01,40937,2912,GitHub/dtolnay/semver,91
2021-07-01,40937,2970,GitHub/dtolnay/semver,1
2021-07-01,41752,3194,GitHub/servo/rust-url,3
2021-07-01,41752,3471,GitHub/servo/rust-url,15
2021-07-01,41752,3413,GitHub/servo/rust-url,1
2021-07-01,41752,3621,GitHub/servo/rust-url,1
2021-07-01,41752,3173,GitHub/servo/rust-url,3
2021-07-01,41752,3835,GitHub/servo/rust-url,1
2021-07-01,41752,4870,GitHub/servo/rust-url,4
2021-07-01,41752,4873,GitHub/servo/rust-url,1
2021-07-01,41752,3481,GitHub/servo/rust-url,11
2021-07-01,41752,4874,GitHub/servo/rust-url,2
2021-07-01,41752,2428,GitHub/servo/rust-url,25
2021-07-01,41752,4871,GitHub/servo/rust-url,1
2021-07-01,41752,3156,GitHub/servo/rust-url,1
2021-07-01,41752,4872,GitHub/servo/rust-url,1
2021-07-01,41957,3494,GitHub/dtolnay/proc-macro2,1
2021-07-01,41957,2912,GitHub/dtolnay/proc-macro2,33
2021-07-01,41957,3495,GitHub/dtolnay/proc-macro2,1
2021-07-01,42413,2912,GitHub/dtolnay/ryu,2
2021-07-01,42655,4603,GitHub/rust-lang/socket2,1
2021-07-01,42655,3044,GitHub/rust-lang/socket2,1
2021-07-01,42655,168,GitHub/rust-lang/socket2,3
2021-07-01,42655,4607,GitHub/rust-lang/socket2,1
2021-07-01,42655,4609,GitHub/rust-lang/socket2,1
2021-07-01,42655,4604,GitHub/rust-lang/socket2,1
2021-07-01,42655,4605,GitHub/rust-lang/socket2,1
2021-07-01,42655,3113,GitHub/rust-lang/socket2,27
2021-07-01,42655,2942,GitHub/rust-lang/socket2,1
2021-07-01,42655,4606,GitHub/rust-lang/socket2,4
2021-07-01,42655,4589,GitHub/rust-lang/socket2,1
2021-07-01,42655,3210,GitHub/rust-lang/socket2,5
2021-07-01,42655,3030,GitHub/rust-lang/socket2,1
2021-07-01,42655,3067,GitHub/rust-lang/socket2,3
2021-07-01,42655,3183,GitHub/rust-lang/socket2,1
2021-07-01,42655,1799,GitHub/rust-lang/socket2,7
2021-07-01,42677,2613,GitHub/withoutboats/heck,1
2021-07-01,42677,1476,GitHub/withoutboats/heck,3
2021-07-01,44362,4453,GitHub/rust-lang/hashbrown,2
2021-07-01,44362,1919,GitHub/rust-lang/hashbrown,2
2021-07-01,44362,204,GitHub/rust-lang/hashbrown,31
2021-07-01,44362,2992,GitHub/rust-lang/hashbrown,1
2021-07-01,44362,2968,GitHub/rust-lang/hashbrown,17
2021-07-01,44362,4450,GitHub/rust-lang/hashbrown,8
2021-07-01,44362,4452,GitHub/rust-lang/hashbrown,1
2021-07-01,44362,4454,GitHub/rust-lang/hashbrown,1
2021-07-01,44362,2866,GitHub/rust-lang/hashbrown,2
2021-07-01,44362,4447,GitHub/rust-lang/hashbrown,1
2021-07-01,44362,3025,GitHub/rust-lang/hashbrown,9
2021-07-01,44362,4451,GitHub/rust-lang/hashbrown,1
2021-07-01,44362,3180,GitHub/rust-lang/hashbrown,3
2021-07-01,44362,3195,GitHub/rust-lang/hashbrown,2
2021-07-01,45748,2897,GitHub/dtolnay/thiserror,1
2021-07-01,45748,3604,GitHub/dtolnay/thiserror,4
2021-07-01,45748,2912,GitHub/dtolnay/thiserror,13
2021-07-01,46027,2875,GitHub/alexcrichton/toml-rs,3
2021-07-01,46027,2877,GitHub/alexcrichton/toml-rs,1
2021-07-01,46178,3044,GitHub/rust-lang-nursery/lazy-static.rs,3
2021-07-01,48512,3156,GitHub/rust-random/getrandom,1
2021-07-01,48512,3189,GitHub/rust-random/getrandom,10
2021-07-01,48512,4700,GitHub/rust-random/getrandom,2
2021-07-01,48512,4692,GitHub/rust-random/getrandom,24
2021-07-01,49067,204,GitHub/Amanieu/thread_local-rs,1
2021-07-01,49067,3025,GitHub/Amanieu/thread_local-rs,1
2021-07-01,49067,2968,GitHub/Amanieu/thread_local-rs,11
2021-07-01,49067,3038,GitHub/Amanieu/thread_local-rs,16
2021-07-01,49075,2866,GitHub/rust-lang/pkg-config-rs,1
2021-07-01,52462,898,GitHub/Frommi/miniz_oxide,2
2021-07-01,52462,3628,GitHub/Frommi/miniz_oxide,1
2021-07-01,52465,3105,GitHub/fizyk20/generic-array,6
2021-07-01,52465,3621,GitHub/fizyk20/generic-array,1
2021-07-01,52465,3606,GitHub/fizyk20/generic-array,9
2021-08-01,602,4992,GitHub/unicode-rs/unicode-segmentation,4
2021-08-01,602,3173,GitHub/unicode-rs/unicode-segmentation,10
2021-08-01,602,3835,GitHub/unicode-rs/unicode-segmentation,1
2021-08-01,602,155,GitHub/unicode-rs/unicode-segmentation,1
2021-08-01,602,4993,GitHub/unicode-rs/unicode-segmentation,1
2021-08-01,602,4991,GitHub/unicode-rs/unicode-segmentation,5
2021-08-01,626,3835,GitHub/hyperium/http,1
2021-08-01,626,3878,GitHub/hyperium/http,2
2021-08-01,626,3916,GitHub/hyperium/http,1
2021-08-01,626,3598,GitHub/hyperium/http,1
2021-08-01,626,3914,GitHub/hyperium/http,1
2021-08-01,626,3915,GitHub/hyperium/http,1
2021-08-01,626,3918,GitHub/hyperium/http,1
2021-08-01,626,1252,GitHub/hyperium/http,1
2021-08-01,626,3919,GitHub/hyperium/http,1
2021-08-01,3150,4009,GitHub/seanmonstar/num_cpus,1
2021-08-01,4484,3185,GitHub/BurntSushi/byteorder,1
2021-08-01,4484,373,GitHub/BurntSushi/byteorder,1
2021-08-01,4484,3104,GitHub/BurntSushi/byteorder,1
2021-08-01,4484,2866,GitHub/BurntSushi/byteorder,1
2021-08-01,4484,3043,GitHub/BurntSushi/byteorder,11
2021-08-01,4733,3560,GitHub/dtolnay/syn,1
2021-08-01,4733,2912,GitHub/dtolnay/syn,182
2021-08-01,4733,2969,GitHub/dtolnay/syn,3
2021-08-01,4733,3561,GitHub/dtolnay/syn,1
2021-08-01,4733,3020,GitHub/dtolnay/syn,1
2021-08-01,5249,204,GitHub/taiki-e/pin-project-lite,4
2021-08-01,5249,3180,GitHub/taiki-e/pin-project-lite,1
2021-08-01,5249,1799,GitHub/taiki-e/pin-project-lite,2
2021-08-01,5249,4899,GitHub/taiki-e/pin-project-lite,4
2021-08-01,5249,2969,GitHub/taiki-e/pin-project-lite,90
2021-08-01,6681,2912,GitHub/djc/rustc-version-rs,1
2021-08-01,6681,3471,GitHub/djc/rustc-version-rs,50
2021-08-01,7322,2377,GitHub/servo/rust-smallvec,1
2021-08-01,7322,2988,GitHub/servo/rust-smallvec,4
2021-08-01,7415,2866,GitHub/BurntSushi/aho-corasick,1
2021-08-01,7415,3176,GitHub/BurntSushi/aho-corasick,1
2021-08-01,7415,3177,GitHub/BurntSushi/aho-corasick,1
2021-08-01,7415,3043,GitHub/BurntSushi/aho-corasick,10
2021-08-01,12228,3878,GitHub/seanmonstar/httparse,8
2021-08-01,12228,2945,GitHub/seanmonstar/httparse,1
2021-08-01,12228,3921,GitHub/seanmonstar/httparse,1
2021-08-01,12228,3835,GitHub/seanmonstar/httparse,1
2021-08-01,12228,1252,GitHub/seanmonstar/httparse,4
2021-08-01,12266,3047,GitHub/bitflags/bitflags,1
2021-08-01,12266,3011,GitHub/bitflags/bitflags,1
2021-08-01,12266,3044,GitHub/bitflags/bitflags,14
2021-08-01,12266,218,GitHub/bitflags/bitflags,1
2021-08-01,12266,3060,GitHub/bitflags/bitflags,2
2021-08-01,12266,3049,GitHub/bitflags/bitflags,2
2021-08-01,12266,3048,GitHub/bitflags/bitflags,7
2021-08-01,12842,2969,GitHub/tokio-rs/slab,21
2021-08-01,12842,3436,GitHub/tokio-rs/slab,1
2021-08-01,12842,3557,GitHub/tokio-rs/slab,1
2021-08-01,12842,4602,GitHub/tokio-rs/slab,1
2021-08-01,12842,4974,GitHub/tokio-rs/slab,1
2021-08-01,12842,4973,GitHub/tokio-rs/slab,1
2021-08-01,13804,3011,GitHub/dtolnay/anyhow,2
2021-08-01,13804,2912,GitHub/dtolnay/anyhow,41
2021-08-01,13804,3482,GitHub/dtolnay/anyhow,1
2021-08-01,13804,3481,GitHub/dtolnay/anyhow,3
2021-08-01,16183,2867,GitHub/rust-lang/cc-rs,4
2021-08-01,16183,4177,GitHub/rust-lang/cc-rs,1
2021-08-01,16183,3214,GitHub/rust-lang/cc-rs,1
2021-08-01,16183,4135,GitHub/rust-lang/cc-rs,1
2021-08-01,16183,4182,GitHub/rust-lang/cc-rs,2
2021-08-01,16183,1651,GitHub/rust-lang/cc-rs,2
2021-08-01,16183,4179,GitHub/rust-lang/cc-rs,1
2021-08-01,16183,1580,GitHub/rust-lang/cc-rs,2
2021-08-01,16183,4176,GitHub/rust-lang/cc-rs,1
2021-08-01,16183,3112,GitHub/rust-lang/cc-rs,1
2021-08-01,16183,4178,GitHub/rust-lang/cc-rs,1
2021-08-01,16183,3718,GitHub/rust-lang/cc-rs,1
2021-08-01,16183,4180,GitHub/rust-lang/cc-rs,1
2021-08-01,16183,1579,GitHub/rust-lang/cc-rs,1
2021-08-01,16183,3156,GitHub/rust-lang/cc-rs,1
2021-08-01,16183,1581,GitHub/rust-lang/cc-rs,1
2021-08-01,16183,2866,GitHub/rust-lang/cc-rs,1
2021-08-01,16259,3037,GitHub/rust-num/num-traits,1
2021-08-01,16259,2874,GitHub/rust-num/num-traits,2
2021-08-01,16259,3188,GitHub/rust-num/num-traits,3
2021-08-01,16259,3025,GitHub/rust-num/num-traits,1
2021-08-01,16259,3808,GitHub/rust-num/num-traits,3
2021-08-01,16259,4679,GitHub/rust-num/num-traits,2
2021-08-01,16492,2539,GitHub/tokio-rs/bytes,1
2021-08-01,16492,4372,GitHub/tokio-rs/bytes,2
2021-08-01,16492,4946,GitHub/tokio-rs/bytes,1
2021-08-01,16492,3147,GitHub/tokio-rs/bytes,2
2021-08-01,16492,2969,GitHub/tokio-rs/bytes,2
2021-08-01,16492,2537,GitHub/tokio-rs/bytes,1
2021-08-01,16492,168,GitHub/tokio-rs/bytes,1
2021-08-01,16492,3904,GitHub/tokio-rs/bytes,1
2021-08-01,16492,3170,GitHub/tokio-rs/bytes,1
2021-08-01,17721,3944,GitHub/matklad/once_cell,1
2021-08-01,17721,3598,GitHub/matklad/once_cell,3
2021-08-01,17721,3945,GitHub/matklad/once_cell,1
2021-08-01,17721,3195,GitHub/matklad/once_cell,3
2021-08-01,17721,2970,GitHub/matklad/once_cell,13
2021-08-01,18006,3371,GitHub/crossbeam-rs/crossbeam,6
2021-08-01,18006,3374,GitHub/crossbeam-rs/crossbeam,1
2021-08-01,18006,3370,GitHub/crossbeam-rs/crossbeam,3
2021-08-01,18006,599,GitHub/crossbeam-rs/crossbeam,8
2021-08-01,18006,3377,GitHub/crossbeam-rs/crossbeam,3
2021-08-01,18006,3373,GitHub/crossbeam-rs/crossbeam,1
2021-08-01,18006,3375,GitHub/crossbeam-rs/crossbeam,2
2021-08-01,18006,3376,GitHub/crossbeam-rs/crossbeam,2
2021-08-01,18006,2969,GitHub/crossbeam-rs/crossbeam,76
2021-08-01,18006,3372,GitHub/crossbeam-rs/crossbeam,2
2021-08-01,18006,2942,GitHub/crossbeam-rs/crossbeam,1
2021-08-01,19468,4792,GitHub/servo/rust-fnv,1
2021-08-01,20410,3975,GitHub/mgeisler/textwrap,1
2021-08-01,20410,3973,GitHub/mgeisler/textwrap,1
2021-08-01,20410,2872,GitHub/mgeisler/textwrap,231
2021-08-01,20410,2873,GitHub/mgeisler/textwrap,1
2021-08-01,20410,3971,GitHub/mgeisler/textwrap,1
2021-08-01,20410,3974,GitHub/mgeisler/textwrap,1
2021-08-01,20410,3972,GitHub/mgeisler/textwrap,2
2021-08-01,20699,2968,GitHub/Amanieu/parking_lot,8
2021-08-01,20699,3012,GitHub/Amanieu/parking_lot,7
2021-08-01,20699,168,GitHub/Amanieu/parking_lot,1
2021-08-01,20699,3013,GitHub/Amanieu/parking_lot,1
2021-08-01,20699,3014,GitHub/Amanieu/parking_lot,1
2021-08-01,20699,3015,GitHub/Amanieu/parking_lot,1
2021-08-01,20949,3839,GitHub/Geal/nom,2
2021-08-01,20949,3828,GitHub/Geal/nom,1
2021-08-01,20949,1150,GitHub/Geal/nom,1
2021-08-01,20949,3816,GitHub/Geal/nom,6
2021-08-01,20949,3838,GitHub/Geal/nom,1
2021-08-01,20949,3221,GitHub/Geal/nom,1
2021-08-01,20949,3832,GitHub/Geal/nom,1
2021-08-01,20949,2899,GitHub/Geal/nom,1
2021-08-01,20949,611,GitHub/Geal/nom,3
2021-08-01,20949,3834,GitHub/Geal/nom,1
2021-08-01,20949,3471,GitHub/Geal/nom,1
2021-08-01,20949,3835,GitHub/Geal/nom,1
2021-08-01,20949,2909,GitHub/Geal/nom,1
2021-08-01,20949,3833,GitHub/Geal/nom,1
2021-08-01,20949,3666,GitHub/Geal/nom,1
2021-08-01,20949,3829,GitHub/Geal/nom,2
2021-08-01,20949,3837,GitHub/Geal/nom,1
2021-08-01,20949,3534,GitHub/Geal/nom,27
2021-08-01,20949,3830,GitHub/Geal/nom,1
2021-08-01,20949,3836,GitHub/Geal/nom,1
2021-08-01,20949,3841,GitHub/Geal/nom,1
2021-08-01,20949,3831,GitHub/Geal/nom,1
2021-08-01,21282,3106,GitHub/bluss/arrayvec,1
2021-08-01,21282,3051,GitHub/bluss/arrayvec,2
2021-08-01,21282,268,GitHub/bluss/arrayvec,49
2021-08-01,21282,3103,GitHub/bluss/arrayvec,4
2021-08-01,21282,3104,GitHub/bluss/arrayvec,1
2021-08-01,21282,3105,GitHub/bluss/arrayvec,2
2021-08-01,21282,2874,GitHub/bluss/arrayvec,1
2021-08-01,21282,3025,GitHub/bluss/arrayvec,1
2021-08-01,21445,1373,GitHub/marshallpierce/rust-base64,4
2021-08-01,21445,1281,GitHub/marshallpierce/rust-base64,11
2021-08-01,21445,2866,GitHub/marshallpierce/rust-base64,1
2021-08-01,21445,3939,GitHub/marshallpierce/rust-base64,1
2021-08-01,22724,4485,GitHub/rust-lang/log,1
2021-08-01,22724,3113,GitHub/rust-lang/log,2
2021-08-01,22724,3044,GitHub/rust-lang/log,15
2021-08-01,22724,2945,GitHub/rust-lang/log,2
2021-08-01,22724,8,GitHub/rust-lang/log,1
2021-08-01,22804,2866,GitHub/alexcrichton/cfg-if,1
2021-08-01,23287,4098,GitHub/rust-itertools/itertools,1
2021-08-01,23287,2866,GitHub/rust-itertools/itertools,2
2021-08-01,23287,4093,GitHub/rust-itertools/itertools,6
2021-08-01,23287,4090,GitHub/rust-itertools/itertools,1
2021-08-01,23287,1478,GitHub/rust-itertools/itertools,1
2021-08-01,23287,1484,GitHub/rust-itertools/itertools,15
2021-08-01,23287,4092,GitHub/rust-itertools/itertools,1
2021-08-01,23287,2967,GitHub/rust-itertools/itertools,1
2021-08-01,23287,1479,GitHub/rust-itertools/itertools,2
2021-08-01,23287,4101,GitHub/rust-itertools/itertools,1
2021-08-01,23287,4099,GitHub/rust-itertools/itertools,1
2021-08-01,23287,4095,GitHub/rust-itertools/itertools,7
2021-08-01,23287,4068,GitHub/rust-itertools/itertools,11
2021-08-01,23287,4076,GitHub/rust-itertools/itertools,1
2021-08-01,23287,4088,GitHub/rust-itertools/itertools,4
2021-08-01,23287,4089,GitHub/rust-itertools/itertools,3
2021-08-01,23287,4094,GitHub/rust-itertools/itertools,2
2021-08-01,23287,4002,GitHub/rust-itertools/itertools,3
2021-08-01,23287,1476,GitHub/rust-itertools/itertools,1
2021-08-01,23287,4096,GitHub/rust-itertools/itertools,7
2021-08-01,23287,4091,GitHub/rust-itertools/itertools,3
2021-08-01,24455,1476,GitHub/serde-rs/json,3
2021-08-01,24455,4747,GitHub/serde-rs/json,2
2021-08-01,24455,4707,GitHub/serde-rs/json,1
2021-08-01,24455,2292,GitHub/serde-rs/json,1
2021-08-01,24455,3049,GitHub/serde-rs/json,1
2021-08-01,24455,4751,GitHub/serde-rs/json,1
2021-08-01,24455,4749,GitHub/serde-rs/json,1
2021-08-01,24455,3156,GitHub/serde-rs/json,1
2021-08-01,24455,4746,GitHub/serde-rs/json,1
2021-08-01,24455,3835,GitHub/serde-rs/json,1
2021-08-01,24455,4750,GitHub/serde-rs/json,1
2021-08-01,24455,2912,GitHub/serde-rs/json,32
2021-08-01,25976,3043,GitHub/rust-lang/regex,44
2021-08-01,25976,3156,GitHub/rust-lang/regex,2
2021-08-01,25976,4571,GitHub/rust-lang/regex,1
2021-08-01,25976,2866,GitHub/rust-lang/regex,2
2021-08-01,25976,3835,GitHub/rust-lang/regex,1
2021-08-01,25976,287,GitHub/rust-lang/regex,1
2021-08-01,25976,4554,GitHub/rust-lang/regex,1
2021-08-01,25976,4555,GitHub/rust-lang/regex,1
2021-08-01,26074,3188,GitHub/paholg/typenum,2
2021-08-01,26074,3614,GitHub/paholg/typenum,32
2021-08-01,26074,3999,GitHub/paholg/typenum,3
2021-08-01,28336,4008,GitHub/RustCrypto/traits,163
2021-08-01,28336,4014,GitHub/RustCrypto/traits,1
2021-08-01,28336,1373,GitHub/RustCrypto/traits,2
2021-08-01,28336,4015,GitHub/RustCrypto/traits,1
2021-08-01,28336,3189,GitHub/RustCrypto/traits,14
2021-08-01,28705,717,GitHub/dguo/strsim-rs,1
2021-08-01,28705,707,GitHub/dguo/strsim-rs,1
2021-08-01,28877,3173,GitHub/unicode-rs/unicode-xid,4
2021-08-01,28877,2609,GitHub/unicode-rs/unicode-xid,3
2021-08-01,30968,3025,GitHub/SergioBenitez/version_check,1
2021-08-01,30968,2343,GitHub/SergioBenitez/version_check,8
2021-08-01,32560,2969,GitHub/BurntSushi/memchr,2
2021-08-01,32560,3043,GitHub/BurntSushi/memchr,13
2021-08-01,32560,3809,GitHub/BurntSushi/memchr,1
2021-08-01,32560,2866,GitHub/BurntSushi/memchr,1
2021-08-01,33435,3491,GitHub/dtolnay/itoa,2
2021-08-01,33435,2912,GitHub/dtolnay/itoa,1
2021-08-01,34191,4035,GitHub/RustCrypto/utils,1
2021-08-01,34191,3189,GitHub/RustCrypto/utils,20
2021-08-01,34191,4033,GitHub/RustCrypto/utils,1
2021-08-01,34191,4014,GitHub/RustCrypto/utils,1
2021-08-01,34191,4008,GitHub/RustCrypto/utils,286
2021-08-01,34831,4350,GitHub/rust-lang/futures-rs,2
2021-08-01,34831,1792,GitHub/rust-lang/futures-rs,2
2021-08-01,34831,4355,GitHub/rust-lang/futures-rs,2
2021-08-01,34831,1794,GitHub/rust-lang/futures-rs,1
2021-08-01,34831,1798,GitHub/rust-lang/futures-rs,1
2021-08-01,34831,3147,GitHub/rust-lang/futures-rs,10
2021-08-01,34831,4353,GitHub/rust-lang/futures-rs,2
2021-08-01,34831,4351,GitHub/rust-lang/futures-rs,2
2021-08-01,34831,1799,GitHub/rust-lang/futures-rs,1
2021-08-01,34831,4356,GitHub/rust-lang/futures-rs,2
2021-08-01,34831,4357,GitHub/rust-lang/futures-rs,1
2021-08-01,34831,4240,GitHub/rust-lang/futures-rs,1
2021-08-01,34831,3106,GitHub/rust-lang/futures-rs,1
2021-08-01,34831,3194,GitHub/rust-lang/futures-rs,1
2021-08-01,34831,2969,GitHub/rust-lang/futures-rs,104
2021-08-01,34831,3037,GitHub/rust-lang/futures-rs,30
2021-08-01,34831,3393,GitHub/rust-lang/futures-rs,2
2021-08-01,34831,4420,GitHub/rust-lang/futures-rs,1
2021-08-01,34831,168,GitHub/rust-lang/futures-rs,2
2021-08-01,34831,3859,GitHub/rust-lang/futures-rs,1
2021-08-01,34831,4358,GitHub/rust-lang/futures-rs,1
2021-08-01,34831,204,GitHub/rust-lang/futures-rs,1
2021-08-01,34831,4352,GitHub/rust-lang/futures-rs,2
2021-08-01,34831,1785,GitHub/rust-lang/futures-rs,1
2021-08-01,34831,3031,GitHub/rust-lang/futures-rs,2
2021-08-01,34831,1795,GitHub/rust-lang/futures-rs,1
2021-08-01,35574,3173,GitHub/unicode-rs/unicode-normalization,7
2021-08-01,35574,4979,GitHub/unicode-rs/unicode-normalization,1
2021-08-01,35574,3969,GitHub/unicode-rs/unicode-normalization,10
2021-08-01,35737,3025,GitHub/cuviper/autocfg,1
2021-08-01,36424,2950,GitHub/steveklabnik/semver-parser,3
2021-08-01,37083,2866,GitHub/BurntSushi/termcolor,1
2021-08-01,37083,3226,GitHub/BurntSushi/termcolor,1
2021-08-01,37101,3870,GitHub/Gilnaa/memoffset,8
2021-08-01,37101,3876,GitHub/Gilnaa/memoffset,1
2021-08-01,37101,3013,GitHub/Gilnaa/memoffset,9
2021-08-01,37612,2912,GitHub/dtolnay/quote,15
2021-08-01,37844,4894,GitHub/softprops/atty,1
2021-08-01,38667,3156,GitHub/bluss/indexmap,1
2021-08-01,38667,3154,GitHub/bluss/indexmap,1
2021-08-01,38667,268,GitHub/bluss/indexmap,1
2021-08-01,38667,2969,GitHub/bluss/indexmap,2
2021-08-01,38667,3025,GitHub/bluss/indexmap,28
2021-08-01,38667,339,GitHub/bluss/indexmap,1
2021-08-01,39779,4944,GitHub/time-rs/time,1
2021-08-01,39779,4912,GitHub/time-rs/time,1
2021-08-01,39779,3025,GitHub/time-rs/time,1
2021-08-01,39779,3494,GitHub/time-rs/time,1
2021-08-01,39779,4911,GitHub/time-rs/time,1
2021-08-01,39779,3951,GitHub/time-rs/time,206
2021-08-01,40494,4586,GitHub/servo/unicode-bidi,1
2021-08-01,40494,2988,GitHub/servo/unicode-bidi,3
2021-08-01,40796,3451,GitHub/cryptocorrosion/cryptocorrosion,1
2021-08-01,40796,3450,GitHub/cryptocorrosion/cryptocorrosion,1
2021-08-01,40796,3448,GitHub/cryptocorrosion/cryptocorrosion,2
2021-08-01,40937,2969,GitHub/dtolnay/semver,1
2021-08-01,40937,2912,GitHub/dtolnay/semver,98
2021-08-01,40937,3522,GitHub/dtolnay/semver,2
2021-08-01,40937,2970,GitHub/dtolnay/semver,1
2021-08-01,41752,3481,GitHub/servo/rust-url,11
2021-08-01,41752,4874,GitHub/servo/rust-url,2
2021-08-01,41752,3835,GitHub/servo/rust-url,1
2021-08-01,41752,3173,GitHub/servo/rust-url,3
2021-08-01,41752,3621,GitHub/servo/rust-url,1
2021-08-01,41752,3471,GitHub/servo/rust-url,15
2021-08-01,41752,3156,GitHub/servo/rust-url,1
2021-08-01,41752,4871,GitHub/servo/rust-url,1
2021-08-01,41752,4872,GitHub/servo/rust-url,1
2021-08-01,41752,3413,GitHub/servo/rust-url,1
2021-08-01,41752,2428,GitHub/servo/rust-url,25
2021-08-01,41752,4873,GitHub/servo/rust-url,1
2021-08-01,41752,4870,GitHub/servo/rust-url,4
2021-08-01,41752,3194,GitHub/servo/rust-url,3
2021-08-01,41957,2912,GitHub/dtolnay/proc-macro2,36
2021-08-01,41957,3495,GitHub/dtolnay/proc-macro2,1
2021-08-01,41957,3494,GitHub/dtolnay/proc-macro2,1
2021-08-01,42413,2912,GitHub/dtolnay/ryu,3
2021-08-01,42655,4603,GitHub/rust-lang/socket2,1
2021-08-01,42655,1799,GitHub/rust-lang/socket2,7
2021-08-01,42655,3113,GitHub/rust-lang/socket2,30
2021-08-01,42655,4607,GitHub/rust-lang/socket2,1
2021-08-01,42655,3030,GitHub/rust-lang/socket2,1
2021-08-01,42655,4602,GitHub/rust-lang/socket2,5
2021-08-01,42655,4604,GitHub/rust-lang/socket2,1
2021-08-01,42655,4589,GitHub/rust-lang/socket2,1
2021-08-01,42655,4609,GitHub/rust-lang/socket2,1
2021-08-01,42655,3210,GitHub/rust-lang/socket2,5
2021-08-01,42655,4601,GitHub/rust-lang/socket2,3
2021-08-01,42655,4605,GitHub/rust-lang/socket2,1
2021-08-01,42655,168,GitHub/rust-lang/socket2,3
2021-08-01,42655,3183,GitHub/rust-lang/socket2,1
2021-08-01,42655,4606,GitHub/rust-lang/socket2,4
2021-08-01,42655,3067,GitHub/rust-lang/socket2,3
2021-08-01,42655,2942,GitHub/rust-lang/socket2,1
2021-08-01,42655,3044,GitHub/rust-lang/socket2,1
2021-08-01,42677,2613,GitHub/withoutboats/heck,1
2021-08-01,42677,1476,GitHub/withoutboats/heck,3
2021-08-01,44362,4450,GitHub/rust-lang/hashbrown,9
2021-08-01,44362,3156,GitHub/rust-lang/hashbrown,2
2021-08-01,44362,4452,GitHub/rust-lang/hashbrown,1
2021-08-01,44362,3195,GitHub/rust-lang/hashbrown,2
2021-08-01,44362,2968,GitHub/rust-lang/hashbrown,20
2021-08-01,44362,2990,GitHub/rust-lang/hashbrown,9
2021-08-01,44362,3180,GitHub/rust-lang/hashbrown,3
2021-08-01,44362,4451,GitHub/rust-lang/hashbrown,1
2021-08-01,44362,204,GitHub/rust-lang/hashbrown,31
2021-08-01,44362,3025,GitHub/rust-lang/hashbrown,9
2021-08-01,44362,1919,GitHub/rust-lang/hashbrown,2
2021-08-01,44362,2992,GitHub/rust-lang/hashbrown,1
2021-08-01,44362,2866,GitHub/rust-lang/hashbrown,2
2021-08-01,44362,4447,GitHub/rust-lang/hashbrown,1
2021-08-01,44362,4453,GitHub/rust-lang/hashbrown,2
2021-08-01,44362,4454,GitHub/rust-lang/hashbrown,1
2021-08-01,45748,2897,GitHub/dtolnay/thiserror,1
2021-08-01,45748,2912,GitHub/dtolnay/thiserror,17
2021-08-01,45748,3604,GitHub/dtolnay/thiserror,4
2021-08-01,46027,2875,GitHub/alexcrichton/toml-rs,3
2021-08-01,46027,2877,GitHub/alexcrichton/toml-rs,1
2021-08-01,46178,3044,GitHub/rust-lang-nursery/lazy-static.rs,3
2021-08-01,48512,4692,GitHub/rust-random/getrandom,25
2021-08-01,48512,4700,GitHub/rust-random/getrandom,2
2021-08-01,48512,3156,GitHub/rust-random/getrandom,1
2021-08-01,48512,3189,GitHub/rust-random/getrandom,10
2021-08-01,49067,2968,GitHub/Amanieu/thread_local-rs,11
2021-08-01,49067,3038,GitHub/Amanieu/thread_local-rs,16
2021-08-01,49067,204,GitHub/Amanieu/thread_local-rs,1
2021-08-01,49067,3025,GitHub/Amanieu/thread_local-rs,1
2021-08-01,49075,2866,GitHub/rust-lang/pkg-config-rs,1
2021-08-01,52462,898,GitHub/Frommi/miniz_oxide,2
2021-08-01,52462,3628,GitHub/Frommi/miniz_oxide,1
2021-08-01,52465,3621,GitHub/fizyk20/generic-array,1
2021-08-01,52465,3606,GitHub/fizyk20/generic-array,9
2021-08-01,52465,3105,GitHub/fizyk20/generic-array,6
2021-09-01,602,3835,GitHub/unicode-rs/unicode-segmentation,1
2021-09-01,602,4993,GitHub/unicode-rs/unicode-segmentation,1
2021-09-01,602,4991,GitHub/unicode-rs/unicode-segmentation,5
2021-09-01,602,4992,GitHub/unicode-rs/unicode-segmentation,4
2021-09-01,602,155,GitHub/unicode-rs/unicode-segmentation,1
2021-09-01,602,3173,GitHub/unicode-rs/unicode-segmentation,10
2021-09-01,626,3835,GitHub/hyperium/http,1
2021-09-01,626,3916,GitHub/hyperium/http,1
2021-09-01,626,3914,GitHub/hyperium/http,1
2021-09-01,626,3919,GitHub/hyperium/http,1
2021-09-01,626,1252,GitHub/hyperium/http,1
2021-09-01,626,3878,GitHub/hyperium/http,2
2021-09-01,626,1246,GitHub/hyperium/http,2
2021-09-01,626,3598,GitHub/hyperium/http,1
2021-09-01,626,3918,GitHub/hyperium/http,1
2021-09-01,626,3915,GitHub/hyperium/http,1
2021-09-01,3150,4009,GitHub/seanmonstar/num_cpus,1
2021-09-01,3150,2866,GitHub/seanmonstar/num_cpus,1
2021-09-01,4484,373,GitHub/BurntSushi/byteorder,1
2021-09-01,4484,3043,GitHub/BurntSushi/byteorder,11
2021-09-01,4484,3104,GitHub/BurntSushi/byteorder,1
2021-09-01,4484,2866,GitHub/BurntSushi/byteorder,1
2021-09-01,4484,3185,GitHub/BurntSushi/byteorder,1
2021-09-01,4733,2969,GitHub/dtolnay/syn,3
2021-09-01,4733,3561,GitHub/dtolnay/syn,1
2021-09-01,4733,2912,GitHub/dtolnay/syn,190
2021-09-01,4733,3020,GitHub/dtolnay/syn,1
2021-09-01,4733,3560,GitHub/dtolnay/syn,1
2021-09-01,5249,1799,GitHub/taiki-e/pin-project-lite,2
2021-09-01,5249,2969,GitHub/taiki-e/pin-project-lite,94
2021-09-01,5249,3180,GitHub/taiki-e/pin-project-lite,1
2021-09-01,5249,204,GitHub/taiki-e/pin-project-lite,4
2021-09-01,5249,4899,GitHub/taiki-e/pin-project-lite,35
2021-09-01,6681,3471,GitHub/djc/rustc-version-rs,50
2021-09-01,6681,2912,GitHub/djc/rustc-version-rs,1
2021-09-01,7322,2377,GitHub/servo/rust-smallvec,1
2021-09-01,7322,4818,GitHub/servo/rust-smallvec,1
2021-09-01,7322,2988,GitHub/servo/rust-smallvec,4
2021-09-01,7415,3043,GitHub/BurntSushi/aho-corasick,10
2021-09-01,7415,3176,GitHub/BurntSushi/aho-corasick,1
2021-09-01,7415,3177,GitHub/BurntSushi/aho-corasick,1
2021-09-01,7415,2866,GitHub/BurntSushi/aho-corasick,1
2021-09-01,12228,3387,GitHub/seanmonstar/httparse,1
2021-09-01,12228,3878,GitHub/seanmonstar/httparse,13
2021-09-01,12228,1252,GitHub/seanmonstar/httparse,4
2021-09-01,12228,3921,GitHub/seanmonstar/httparse,1
2021-09-01,12228,3835,GitHub/seanmonstar/httparse,1
2021-09-01,12228,2945,GitHub/seanmonstar/httparse,1
2021-09-01,12266,218,GitHub/bitflags/bitflags,1
2021-09-01,12266,3044,GitHub/bitflags/bitflags,43
2021-09-01,12266,3060,GitHub/bitflags/bitflags,3
2021-09-01,12266,3049,GitHub/bitflags/bitflags,2
2021-09-01,12266,3047,GitHub/bitflags/bitflags,1
2021-09-01,12266,2969,GitHub/bitflags/bitflags,1
2021-09-01,12266,3011,GitHub/bitflags/bitflags,1
2021-09-01,12266,3048,GitHub/bitflags/bitflags,9
2021-09-01,12266,3046,GitHub/bitflags/bitflags,1
2021-09-01,12842,3557,GitHub/tokio-rs/slab,1
2021-09-01,12842,4602,GitHub/tokio-rs/slab,1
2021-09-01,12842,4974,GitHub/tokio-rs/slab,1
2021-09-01,12842,1476,GitHub/tokio-rs/slab,1
2021-09-01,12842,2969,GitHub/tokio-rs/slab,24
2021-09-01,12842,2571,GitHub/tokio-rs/slab,2
2021-09-01,12842,3436,GitHub/tokio-rs/slab,1
2021-09-01,12842,4973,GitHub/tokio-rs/slab,1
2021-09-01,13804,2912,GitHub/dtolnay/anyhow,45
2021-09-01,13804,3480,GitHub/dtolnay/anyhow,1
2021-09-01,13804,3481,GitHub/dtolnay/anyhow,3
2021-09-01,13804,3011,GitHub/dtolnay/anyhow,2
2021-09-01,13804,3482,GitHub/dtolnay/anyhow,1
2021-09-01,13804,3362,GitHub/dtolnay/anyhow,1
2021-09-01,16183,4175,GitHub/rust-lang/cc-rs,1
2021-09-01,16183,4179,GitHub/rust-lang/cc-rs,1
2021-09-01,16183,3156,GitHub/rust-lang/cc-rs,1
2021-09-01,16183,4177,GitHub/rust-lang/cc-rs,1
2021-09-01,16183,3214,GitHub/rust-lang/cc-rs,1
2021-09-01,16183,3969,GitHub/rust-lang/cc-rs,1
2021-09-01,16183,4135,GitHub/rust-lang/cc-rs,1
2021-09-01,16183,1651,GitHub/rust-lang/cc-rs,2
2021-09-01,16183,1580,GitHub/rust-lang/cc-rs,2
2021-09-01,16183,3112,GitHub/rust-lang/cc-rs,1
2021-09-01,16183,4182,GitHub/rust-lang/cc-rs,2
2021-09-01,16183,1579,GitHub/rust-lang/cc-rs,1
2021-09-01,16183,2866,GitHub/rust-lang/cc-rs,1
2021-09-01,16183,1577,GitHub/rust-lang/cc-rs,1
2021-09-01,16183,4180,GitHub/rust-lang/cc-rs,1
2021-09-01,16183,2867,GitHub/rust-lang/cc-rs,5
2021-09-01,16183,3718,GitHub/rust-lang/cc-rs,1
2021-09-01,16183,1581,GitHub/rust-lang/cc-rs,1
2021-09-01,16183,4176,GitHub/rust-lang/cc-rs,1
2021-09-01,16183,4178,GitHub/rust-lang/cc-rs,1
2021-09-01,16259,3188,GitHub/rust-num/num-traits,3
2021-09-01,16259,3025,GitHub/rust-num/num-traits,1
2021-09-01,16259,4679,GitHub/rust-num/num-traits,2
2021-09-01,16259,3037,GitHub/rust-num/num-traits,1
2021-09-01,16259,2874,GitHub/rust-num/num-traits,2
2021-09-01,16259,3808,GitHub/rust-num/num-traits,3
2021-09-01,16492,2537,GitHub/tokio-rs/bytes,1
2021-09-01,16492,4945,GitHub/tokio-rs/bytes,1
2021-09-01,16492,3147,GitHub/tokio-rs/bytes,4
2021-09-01,16492,2969,GitHub/tokio-rs/bytes,3
2021-09-01,16492,3806,GitHub/tokio-rs/bytes,1
2021-09-01,16492,3904,GitHub/tokio-rs/bytes,1
2021-09-01,16492,168,GitHub/tokio-rs/bytes,1
2021-09-01,16492,3170,GitHub/tokio-rs/bytes,1
2021-09-01,16492,2539,GitHub/tokio-rs/bytes,1
2021-09-01,16492,4946,GitHub/tokio-rs/bytes,1
2021-09-01,16492,4372,GitHub/tokio-rs/bytes,5
2021-09-01,17721,3598,GitHub/matklad/once_cell,3
2021-09-01,17721,3944,GitHub/matklad/once_cell,1
2021-09-01,17721,3195,GitHub/matklad/once_cell,3
2021-09-01,17721,2970,GitHub/matklad/once_cell,13
2021-09-01,17721,3945,GitHub/matklad/once_cell,1
2021-09-01,18006,3375,GitHub/crossbeam-rs/crossbeam,2
2021-09-01,18006,2942,GitHub/crossbeam-rs/crossbeam,1
2021-09-01,18006,2969,GitHub/crossbeam-rs/crossbeam,79
2021-09-01,18006,3373,GitHub/crossbeam-rs/crossbeam,1
2021-09-01,18006,3370,GitHub/crossbeam-rs/crossbeam,3
2021-09-01,18006,3377,GitHub/crossbeam-rs/crossbeam,3
2021-09-01,18006,3372,GitHub/crossbeam-rs/crossbeam,2
2021-09-01,18006,3371,GitHub/crossbeam-rs/crossbeam,6
2021-09-01,18006,3074,GitHub/crossbeam-rs/crossbeam,6
2021-09-01,18006,599,GitHub/crossbeam-rs/crossbeam,8
2021-09-01,18006,3374,GitHub/crossbeam-rs/crossbeam,1
2021-09-01,18006,3376,GitHub/crossbeam-rs/crossbeam,2
2021-09-01,19184,3166,GitHub/bluss/scopeguard,3
2021-09-01,19184,2968,GitHub/bluss/scopeguard,1
2021-09-01,19468,4792,GitHub/servo/rust-fnv,1
2021-09-01,20410,2872,GitHub/mgeisler/textwrap,232
2021-09-01,20410,3972,GitHub/mgeisler/textwrap,2
2021-09-01,20410,3973,GitHub/mgeisler/textwrap,1
2021-09-01,20410,2873,GitHub/mgeisler/textwrap,1
2021-09-01,20410,3975,GitHub/mgeisler/textwrap,1
2021-09-01,20410,3974,GitHub/mgeisler/textwrap,1
2021-09-01,20410,3971,GitHub/mgeisler/textwrap,1
2021-09-01,20699,3013,GitHub/Amanieu/parking_lot,1
2021-09-01,20699,3014,GitHub/Amanieu/parking_lot,1
2021-09-01,20699,168,GitHub/Amanieu/parking_lot,1
2021-09-01,20699,2968,GitHub/Amanieu/parking_lot,15
2021-09-01,20699,3012,GitHub/Amanieu/parking_lot,7
2021-09-01,20699,3011,GitHub/Amanieu/parking_lot,2
2021-09-01,20699,3015,GitHub/Amanieu/parking_lot,1
2021-09-01,20949,3829,GitHub/Geal/nom,2
2021-09-01,20949,1150,GitHub/Geal/nom,1
2021-09-01,20949,2899,GitHub/Geal/nom,18
2021-09-01,20949,3471,GitHub/Geal/nom,1
2021-09-01,20949,3827,GitHub/Geal/nom,1
2021-09-01,20949,2909,GitHub/Geal/nom,1
2021-09-01,20949,3828,GitHub/Geal/nom,1
2021-09-01,20949,3833,GitHub/Geal/nom,1
2021-09-01,20949,1142,GitHub/Geal/nom,3
2021-09-01,20949,3834,GitHub/Geal/nom,1
2021-09-01,20949,3221,GitHub/Geal/nom,1
2021-09-01,20949,3832,GitHub/Geal/nom,1
2021-09-01,20949,611,GitHub/Geal/nom,3
2021-09-01,20949,3839,GitHub/Geal/nom,2
2021-09-01,20949,3666,GitHub/Geal/nom,1
2021-09-01,20949,3838,GitHub/Geal/nom,1
2021-09-01,20949,3835,GitHub/Geal/nom,1
2021-09-01,20949,3837,GitHub/Geal/nom,1
2021-09-01,20949,3841,GitHub/Geal/nom,1
2021-09-01,20949,3831,GitHub/Geal/nom,1
2021-09-01,20949,3534,GitHub/Geal/nom,80
2021-09-01,20949,3818,GitHub/Geal/nom,1
2021-09-01,20949,3830,GitHub/Geal/nom,1
2021-09-01,20949,3836,GitHub/Geal/nom,1
2021-09-01,20949,3205,GitHub/Geal/nom,1
2021-09-01,20949,3816,GitHub/Geal/nom,8
2021-09-01,21282,3051,GitHub/bluss/arrayvec,2
2021-09-01,21282,3106,GitHub/bluss/arrayvec,1
2021-09-01,21282,3103,GitHub/bluss/arrayvec,4
2021-09-01,21282,3104,GitHub/bluss/arrayvec,1
2021-09-01,21282,2874,GitHub/bluss/arrayvec,1
2021-09-01,21282,3101,GitHub/bluss/arrayvec,2
2021-09-01,21282,268,GitHub/bluss/arrayvec,51
2021-09-01,21282,3025,GitHub/bluss/arrayvec,1
2021-09-01,21282,3105,GitHub/bluss/arrayvec,2
2021-09-01,21282,3100,GitHub/bluss/arrayvec,2
2021-09-01,21445,1281,GitHub/marshallpierce/rust-base64,24
2021-09-01,21445,2866,GitHub/marshallpierce/rust-base64,1
2021-09-01,21445,3939,GitHub/marshallpierce/rust-base64,1
2021-09-01,21445,1373,GitHub/marshallpierce/rust-base64,4
2021-09-01,22724,4484,GitHub/rust-lang/log,1
2021-09-01,22724,2945,GitHub/rust-lang/log,2
2021-09-01,22724,4485,GitHub/rust-lang/log,1
2021-09-01,22724,3044,GitHub/rust-lang/log,15
2021-09-01,22724,8,GitHub/rust-lang/log,1
2021-09-01,22724,3113,GitHub/rust-lang/log,3
2021-09-01,22804,2866,GitHub/alexcrichton/cfg-if,1
2021-09-01,23287,4101,GitHub/rust-itertools/itertools,1
2021-09-01,23287,4076,GitHub/rust-itertools/itertools,1
2021-09-01,23287,1484,GitHub/rust-itertools/itertools,15
2021-09-01,23287,1478,GitHub/rust-itertools/itertools,1
2021-09-01,23287,4095,GitHub/rust-itertools/itertools,7
2021-09-01,23287,4090,GitHub/rust-itertools/itertools,1
2021-09-01,23287,2896,GitHub/rust-itertools/itertools,1
2021-09-01,23287,4099,GitHub/rust-itertools/itertools,1
2021-09-01,23287,4002,GitHub/rust-itertools/itertools,3
2021-09-01,23287,1479,GitHub/rust-itertools/itertools,2
2021-09-01,23287,4091,GitHub/rust-itertools/itertools,3
2021-09-01,23287,4093,GitHub/rust-itertools/itertools,6
2021-09-01,23287,4096,GitHub/rust-itertools/itertools,7
2021-09-01,23287,1476,GitHub/rust-itertools/itertools,1
2021-09-01,23287,4092,GitHub/rust-itertools/itertools,1
2021-09-01,23287,4088,GitHub/rust-itertools/itertools,8
2021-09-01,23287,4098,GitHub/rust-itertools/itertools,1
2021-09-01,23287,4068,GitHub/rust-itertools/itertools,15
2021-09-01,23287,4087,GitHub/rust-itertools/itertools,4
2021-09-01,23287,2967,GitHub/rust-itertools/itertools,1
2021-09-01,23287,2866,GitHub/rust-itertools/itertools,3
2021-09-01,23287,4094,GitHub/rust-itertools/itertools,2
2021-09-01,23287,4089,GitHub/rust-itertools/itertools,3
2021-09-01,24455,3835,GitHub/serde-rs/json,1
2021-09-01,24455,3049,GitHub/serde-rs/json,1
2021-09-01,24455,3156,GitHub/serde-rs/json,1
2021-09-01,24455,4749,GitHub/serde-rs/json,1
2021-09-01,24455,4707,GitHub/serde-rs/json,1
2021-09-01,24455,2292,GitHub/serde-rs/json,1
2021-09-01,24455,4750,GitHub/serde-rs/json,1
2021-09-01,24455,4746,GitHub/serde-rs/json,1
2021-09-01,24455,1476,GitHub/serde-rs/json,3
2021-09-01,24455,4747,GitHub/serde-rs/json,2
2021-09-01,24455,4751,GitHub/serde-rs/json,1
2021-09-01,24455,2912,GitHub/serde-rs/json,44
2021-09-01,25976,287,GitHub/rust-lang/regex,1
2021-09-01,25976,3043,GitHub/rust-lang/regex,44
2021-09-01,25976,3835,GitHub/rust-lang/regex,1
2021-09-01,25976,3156,GitHub/rust-lang/regex,2
2021-09-01,25976,2866,GitHub/rust-lang/regex,2
2021-09-01,25976,4555,GitHub/rust-lang/regex,1
2021-09-01,25976,4571,GitHub/rust-lang/regex,1
2021-09-01,25976,4554,GitHub/rust-lang/regex,1
2021-09-01,26074,3188,GitHub/paholg/typenum,2
2021-09-01,26074,3614,GitHub/paholg/typenum,32
2021-09-01,26074,3999,GitHub/paholg/typenum,3
2021-09-01,28336,4012,GitHub/RustCrypto/traits,1
2021-09-01,28336,3189,GitHub/RustCrypto/traits,14
2021-09-01,28336,4008,GitHub/RustCrypto/traits,179
2021-09-01,28336,4014,GitHub/RustCrypto/traits,1
2021-09-01,28336,1373,GitHub/RustCrypto/traits,2
2021-09-01,28336,4015,GitHub/RustCrypto/traits,1
2021-09-01,28705,717,GitHub/dguo/strsim-rs,1
2021-09-01,28705,707,GitHub/dguo/strsim-rs,1
2021-09-01,28877,3173,GitHub/unicode-rs/unicode-xid,4
2021-09-01,28877,2609,GitHub/unicode-rs/unicode-xid,3
2021-09-01,30968,2343,GitHub/SergioBenitez/version_check,8
2021-09-01,30968,3025,GitHub/SergioBenitez/version_check,1
2021-09-01,32560,2969,GitHub/BurntSushi/memchr,2
2021-09-01,32560,3043,GitHub/BurntSushi/memchr,14
2021-09-01,32560,2867,GitHub/BurntSushi/memchr,1
2021-09-01,32560,2866,GitHub/BurntSushi/memchr,1
2021-09-01,32560,3809,GitHub/BurntSushi/memchr,1
2021-09-01,33435,3491,GitHub/dtolnay/itoa,2
2021-09-01,33435,2912,GitHub/dtolnay/itoa,3
2021-09-01,34191,4008,GitHub/RustCrypto/utils,302
2021-09-01,34191,4014,GitHub/RustCrypto/utils,1
2021-09-01,34191,1399,GitHub/RustCrypto/utils,1
2021-09-01,34191,4035,GitHub/RustCrypto/utils,1
2021-09-01,34191,3189,GitHub/RustCrypto/utils,23
2021-09-01,34191,4033,GitHub/RustCrypto/utils,1
2021-09-01,34191,2909,GitHub/RustCrypto/utils,1
2021-09-01,34831,2969,GitHub/rust-lang/futures-rs,117
2021-09-01,34831,4349,GitHub/rust-lang/futures-rs,2
2021-09-01,34831,1798,GitHub/rust-lang/futures-rs,1
2021-09-01,34831,4353,GitHub/rust-lang/futures-rs,2
2021-09-01,34831,204,GitHub/rust-lang/futures-rs,1
2021-09-01,34831,3824,GitHub/rust-lang/futures-rs,3
2021-09-01,34831,3859,GitHub/rust-lang/futures-rs,1
2021-09-01,34831,4357,GitHub/rust-lang/futures-rs,1
2021-09-01,34831,1792,GitHub/rust-lang/futures-rs,2
2021-09-01,34831,3037,GitHub/rust-lang/futures-rs,31
2021-09-01,34831,1785,GitHub/rust-lang/futures-rs,2
2021-09-01,34831,4355,GitHub/rust-lang/futures-rs,2
2021-09-01,34831,3147,GitHub/rust-lang/futures-rs,10
2021-09-01,34831,1799,GitHub/rust-lang/futures-rs,1
2021-09-01,34831,3106,GitHub/rust-lang/futures-rs,2
2021-09-01,34831,4351,GitHub/rust-lang/futures-rs,2
2021-09-01,34831,3031,GitHub/rust-lang/futures-rs,2
2021-09-01,34831,1794,GitHub/rust-lang/futures-rs,1
2021-09-01,34831,168,GitHub/rust-lang/futures-rs,2
2021-09-01,34831,3393,GitHub/rust-lang/futures-rs,2
2021-09-01,34831,4356,GitHub/rust-lang/futures-rs,2
2021-09-01,34831,4420,GitHub/rust-lang/futures-rs,1
2021-09-01,34831,3194,GitHub/rust-lang/futures-rs,1
2021-09-01,34831,4240,GitHub/rust-lang/futures-rs,1
2021-09-01,34831,1795,GitHub/rust-lang/futures-rs,1
2021-09-01,34831,4352,GitHub/rust-lang/futures-rs,2
2021-09-01,34831,4350,GitHub/rust-lang/futures-rs,2
2021-09-01,34831,4358,GitHub/rust-lang/futures-rs,1
2021-09-01,35574,3173,GitHub/unicode-rs/unicode-normalization,7
2021-09-01,35574,4979,GitHub/unicode-rs/unicode-normalization,1
2021-09-01,35574,3969,GitHub/unicode-rs/unicode-normalization,10
2021-09-01,35737,3025,GitHub/cuviper/autocfg,1
2021-09-01,36114,3413,GitHub/SimonSapin/rust-std-candidates,1
2021-09-01,36114,4885,GitHub/SimonSapin/rust-std-candidates,2
2021-09-01,36424,2950,GitHub/steveklabnik/semver-parser,3
2021-09-01,37083,2866,GitHub/BurntSushi/termcolor,1
2021-09-01,37083,3226,GitHub/BurntSushi/termcolor,1
2021-09-01,37101,3870,GitHub/Gilnaa/memoffset,8
2021-09-01,37101,3876,GitHub/Gilnaa/memoffset,1
2021-09-01,37101,3013,GitHub/Gilnaa/memoffset,9
2021-09-01,37612,2912,GitHub/dtolnay/quote,15
2021-09-01,37844,4270,GitHub/softprops/atty,1
2021-09-01,37844,4894,GitHub/softprops/atty,1
2021-09-01,38667,3154,GitHub/bluss/indexmap,1
2021-09-01,38667,3156,GitHub/bluss/indexmap,1
2021-09-01,38667,339,GitHub/bluss/indexmap,1
2021-09-01,38667,3025,GitHub/bluss/indexmap,29
2021-09-01,38667,268,GitHub/bluss/indexmap,1
2021-09-01,38667,2969,GitHub/bluss/indexmap,2
2021-09-01,39779,4911,GitHub/time-rs/time,1
2021-09-01,39779,4912,GitHub/time-rs/time,1
2021-09-01,39779,3951,GitHub/time-rs/time,222
2021-09-01,39779,4944,GitHub/time-rs/time,1
2021-09-01,39779,3025,GitHub/time-rs/time,1
2021-09-01,39779,3494,GitHub/time-rs/time,1
2021-09-01,40494,2988,GitHub/servo/unicode-bidi,5
2021-09-01,40494,4885,GitHub/servo/unicode-bidi,3
2021-09-01,40494,3173,GitHub/servo/unicode-bidi,4
2021-09-01,40494,4586,GitHub/servo/unicode-bidi,1
2021-09-01,40796,3448,GitHub/cryptocorrosion/cryptocorrosion,2
2021-09-01,40796,3451,GitHub/cryptocorrosion/cryptocorrosion,1
2021-09-01,40796,3450,GitHub/cryptocorrosion/cryptocorrosion,1
2021-09-01,40937,2969,GitHub/dtolnay/semver,1
2021-09-01,40937,2912,GitHub/dtolnay/semver,98
2021-09-01,40937,2970,GitHub/dtolnay/semver,1
2021-09-01,40937,3522,GitHub/dtolnay/semver,2
2021-09-01,41752,3156,GitHub/servo/rust-url,1
2021-09-01,41752,3173,GitHub/servo/rust-url,3
2021-09-01,41752,3835,GitHub/servo/rust-url,1
2021-09-01,41752,4872,GitHub/servo/rust-url,1
2021-09-01,41752,3413,GitHub/servo/rust-url,1
2021-09-01,41752,4871,GitHub/servo/rust-url,1
2021-09-01,41752,4873,GitHub/servo/rust-url,1
2021-09-01,41752,3621,GitHub/servo/rust-url,1
2021-09-01,41752,3471,GitHub/servo/rust-url,15
2021-09-01,41752,4874,GitHub/servo/rust-url,2
2021-09-01,41752,3481,GitHub/servo/rust-url,11
2021-09-01,41752,3194,GitHub/servo/rust-url,3
2021-09-01,41752,2428,GitHub/servo/rust-url,25
2021-09-01,41752,4870,GitHub/servo/rust-url,4
2021-09-01,41957,3495,GitHub/dtolnay/proc-macro2,1
2021-09-01,41957,3494,GitHub/dtolnay/proc-macro2,1
2021-09-01,41957,2912,GitHub/dtolnay/proc-macro2,40
2021-09-01,42413,2912,GitHub/dtolnay/ryu,3
2021-09-01,42655,4602,GitHub/rust-lang/socket2,5
2021-09-01,42655,3030,GitHub/rust-lang/socket2,1
2021-09-01,42655,4606,GitHub/rust-lang/socket2,4
2021-09-01,42655,3183,GitHub/rust-lang/socket2,1
2021-09-01,42655,4605,GitHub/rust-lang/socket2,1
2021-09-01,42655,4607,GitHub/rust-lang/socket2,1
2021-09-01,42655,3113,GitHub/rust-lang/socket2,30
2021-09-01,42655,4603,GitHub/rust-lang/socket2,1
2021-09-01,42655,1799,GitHub/rust-lang/socket2,7
2021-09-01,42655,2942,GitHub/rust-lang/socket2,1
2021-09-01,42655,4601,GitHub/rust-lang/socket2,3
2021-09-01,42655,4600,GitHub/rust-lang/socket2,2
2021-09-01,42655,3067,GitHub/rust-lang/socket2,3
2021-09-01,42655,4609,GitHub/rust-lang/socket2,1
2021-09-01,42655,168,GitHub/rust-lang/socket2,3
2021-09-01,42655,3210,GitHub/rust-lang/socket2,5
2021-09-01,42655,4599,GitHub/rust-lang/socket2,1
2021-09-01,42655,4589,GitHub/rust-lang/socket2,1
2021-09-01,42655,4604,GitHub/rust-lang/socket2,1
2021-09-01,42655,3044,GitHub/rust-lang/socket2,1
2021-09-01,42677,2613,GitHub/withoutboats/heck,1
2021-09-01,42677,1476,GitHub/withoutboats/heck,3
2021-09-01,42677,3556,GitHub/withoutboats/heck,1
2021-09-01,44362,2990,GitHub/rust-lang/hashbrown,9
2021-09-01,44362,4451,GitHub/rust-lang/hashbrown,1
2021-09-01,44362,4090,GitHub/rust-lang/hashbrown,15
2021-09-01,44362,4452,GitHub/rust-lang/hashbrown,1
2021-09-01,44362,2866,GitHub/rust-lang/hashbrown,2
2021-09-01,44362,3195,GitHub/rust-lang/hashbrown,2
2021-09-01,44362,3180,GitHub/rust-lang/hashbrown,3
2021-09-01,44362,2968,GitHub/rust-lang/hashbrown,20
2021-09-01,44362,4454,GitHub/rust-lang/hashbrown,1
2021-09-01,44362,4450,GitHub/rust-lang/hashbrown,9
2021-09-01,44362,4447,GitHub/rust-lang/hashbrown,3
2021-09-01,44362,3025,GitHub/rust-lang/hashbrown,9
2021-09-01,44362,3156,GitHub/rust-lang/hashbrown,2
2021-09-01,44362,2992,GitHub/rust-lang/hashbrown,1
2021-09-01,44362,4453,GitHub/rust-lang/hashbrown,2
2021-09-01,44362,1919,GitHub/rust-lang/hashbrown,2
2021-09-01,44362,204,GitHub/rust-lang/hashbrown,31
2021-09-01,45748,2897,GitHub/dtolnay/thiserror,1
2021-09-01,45748,3604,GitHub/dtolnay/thiserror,4
2021-09-01,45748,2912,GitHub/dtolnay/thiserror,31
2021-09-01,46027,2875,GitHub/alexcrichton/toml-rs,3
2021-09-01,46027,2967,GitHub/alexcrichton/toml-rs,1
2021-09-01,46027,119,GitHub/alexcrichton/toml-rs,1
2021-09-01,46027,2877,GitHub/alexcrichton/toml-rs,1
2021-09-01,46178,3044,GitHub/rust-lang-nursery/lazy-static.rs,3
2021-09-01,48512,4700,GitHub/rust-random/getrandom,2
2021-09-01,48512,4692,GitHub/rust-random/getrandom,25
2021-09-01,48512,3189,GitHub/rust-random/getrandom,10
2021-09-01,48512,3156,GitHub/rust-random/getrandom,1
2021-09-01,49067,3038,GitHub/Amanieu/thread_local-rs,16
2021-09-01,49067,2968,GitHub/Amanieu/thread_local-rs,11
2021-09-01,49067,204,GitHub/Amanieu/thread_local-rs,1
2021-09-01,49067,3025,GitHub/Amanieu/thread_local-rs,1
2021-09-01,49075,2866,GitHub/rust-lang/pkg-config-rs,1
2021-09-01,52462,898,GitHub/Frommi/miniz_oxide,2
2021-09-01,52462,3628,GitHub/Frommi/miniz_oxide,1
2021-09-01,52465,3105,GitHub/fizyk20/generic-array,6
2021-09-01,52465,3621,GitHub/fizyk20/generic-array,1
2021-09-01,52465,3606,GitHub/fizyk20/generic-array,9
2021-10-01,602,3835,GitHub/unicode-rs/unicode-segmentation,1
2021-10-01,602,155,GitHub/unicode-rs/unicode-segmentation,1
2021-10-01,602,4991,GitHub/unicode-rs/unicode-segmentation,5
2021-10-01,602,3173,GitHub/unicode-rs/unicode-segmentation,10
2021-10-01,602,4992,GitHub/unicode-rs/unicode-segmentation,4
2021-10-01,602,4993,GitHub/unicode-rs/unicode-segmentation,1
2021-10-01,626,3878,GitHub/hyperium/http,3
2021-10-01,626,3914,GitHub/hyperium/http,1
2021-10-01,626,3919,GitHub/hyperium/http,1
2021-10-01,626,1252,GitHub/hyperium/http,1
2021-10-01,626,3918,GitHub/hyperium/http,1
2021-10-01,626,3915,GitHub/hyperium/http,1
2021-10-01,626,3598,GitHub/hyperium/http,1
2021-10-01,626,3916,GitHub/hyperium/http,1
2021-10-01,626,1246,GitHub/hyperium/http,2
2021-10-01,626,3835,GitHub/hyperium/http,1
2021-10-01,3150,4009,GitHub/seanmonstar/num_cpus,1
2021-10-01,3150,2866,GitHub/seanmonstar/num_cpus,1
2021-10-01,3509,5000,GitHub/unicode-rs/unicode-width,1
2021-10-01,3509,3173,GitHub/unicode-rs/unicode-width,1
2021-10-01,4484,3043,GitHub/BurntSushi/byteorder,11
2021-10-01,4484,3104,GitHub/BurntSushi/byteorder,1
2021-10-01,4484,373,GitHub/BurntSushi/byteorder,1
2021-10-01,4484,3185,GitHub/BurntSushi/byteorder,1
2021-10-01,4484,2866,GitHub/BurntSushi/byteorder,1
2021-10-01,4733,2912,GitHub/dtolnay/syn,243
2021-10-01,4733,3020,GitHub/dtolnay/syn,1
2021-10-01,4733,3561,GitHub/dtolnay/syn,1
2021-10-01,4733,2969,GitHub/dtolnay/syn,3
2021-10-01,4733,3560,GitHub/dtolnay/syn,1
2021-10-01,5249,4899,GitHub/taiki-e/pin-project-lite,35
2021-10-01,5249,204,GitHub/taiki-e/pin-project-lite,4
2021-10-01,5249,1799,GitHub/taiki-e/pin-project-lite,2
2021-10-01,5249,2969,GitHub/taiki-e/pin-project-lite,95
2021-10-01,5249,3180,GitHub/taiki-e/pin-project-lite,1
2021-10-01,6681,3471,GitHub/djc/rustc-version-rs,50
2021-10-01,6681,2912,GitHub/djc/rustc-version-rs,1
2021-10-01,7322,2377,GitHub/servo/rust-smallvec,1
2021-10-01,7322,4817,GitHub/servo/rust-smallvec,1
2021-10-01,7322,4818,GitHub/servo/rust-smallvec,1
2021-10-01,7322,2988,GitHub/servo/rust-smallvec,5
2021-10-01,7415,3043,GitHub/BurntSushi/aho-corasick,10
2021-10-01,7415,3177,GitHub/BurntSushi/aho-corasick,1
2021-10-01,7415,3176,GitHub/BurntSushi/aho-corasick,1
2021-10-01,7415,2866,GitHub/BurntSushi/aho-corasick,1
2021-10-01,12228,2945,GitHub/seanmonstar/httparse,1
2021-10-01,12228,3387,GitHub/seanmonstar/httparse,1
2021-10-01,12228,3878,GitHub/seanmonstar/httparse,13
2021-10-01,12228,3921,GitHub/seanmonstar/httparse,1
2021-10-01,12228,4718,GitHub/seanmonstar/httparse,1
2021-10-01,12228,1252,GitHub/seanmonstar/httparse,4
2021-10-01,12228,3835,GitHub/seanmonstar/httparse,1
2021-10-01,12266,2969,GitHub/bitflags/bitflags,1
2021-10-01,12266,218,GitHub/bitflags/bitflags,1
2021-10-01,12266,3044,GitHub/bitflags/bitflags,43
2021-10-01,12266,3046,GitHub/bitflags/bitflags,1
2021-10-01,12266,3047,GitHub/bitflags/bitflags,1
2021-10-01,12266,3011,GitHub/bitflags/bitflags,1
2021-10-01,12266,3048,GitHub/bitflags/bitflags,9
2021-10-01,12266,3060,GitHub/bitflags/bitflags,3
2021-10-01,12266,3049,GitHub/bitflags/bitflags,2
2021-10-01,12842,3436,GitHub/tokio-rs/slab,1
2021-10-01,12842,4974,GitHub/tokio-rs/slab,1
2021-10-01,12842,2969,GitHub/tokio-rs/slab,24
2021-10-01,12842,4973,GitHub/tokio-rs/slab,1
2021-10-01,12842,4602,GitHub/tokio-rs/slab,1
2021-10-01,12842,2571,GitHub/tokio-rs/slab,2
2021-10-01,12842,1476,GitHub/tokio-rs/slab,1
2021-10-01,12842,3557,GitHub/tokio-rs/slab,1
2021-10-01,13804,2240,GitHub/dtolnay/anyhow,1
2021-10-01,13804,3481,GitHub/dtolnay/anyhow,3
2021-10-01,13804,3147,GitHub/dtolnay/anyhow,1
2021-10-01,13804,3482,GitHub/dtolnay/anyhow,1
2021-10-01,13804,2912,GitHub/dtolnay/anyhow,53
2021-10-01,13804,3362,GitHub/dtolnay/anyhow,1
2021-10-01,13804,3480,GitHub/dtolnay/anyhow,1
2021-10-01,13804,3011,GitHub/dtolnay/anyhow,2
2021-10-01,14306,3025,GitHub/rust-num/num-integer,2
2021-10-01,16183,4176,GitHub/rust-lang/cc-rs,1
2021-10-01,16183,4179,GitHub/rust-lang/cc-rs,1
2021-10-01,16183,4177,GitHub/rust-lang/cc-rs,1
2021-10-01,16183,3214,GitHub/rust-lang/cc-rs,1
2021-10-01,16183,4174,GitHub/rust-lang/cc-rs,1
2021-10-01,16183,3156,GitHub/rust-lang/cc-rs,1
2021-10-01,16183,3969,GitHub/rust-lang/cc-rs,1
2021-10-01,16183,4135,GitHub/rust-lang/cc-rs,1
2021-10-01,16183,1651,GitHub/rust-lang/cc-rs,2
2021-10-01,16183,1580,GitHub/rust-lang/cc-rs,2
2021-10-01,16183,3112,GitHub/rust-lang/cc-rs,1
2021-10-01,16183,2866,GitHub/rust-lang/cc-rs,1
2021-10-01,16183,4175,GitHub/rust-lang/cc-rs,1
2021-10-01,16183,4180,GitHub/rust-lang/cc-rs,1
2021-10-01,16183,1581,GitHub/rust-lang/cc-rs,1
2021-10-01,16183,4178,GitHub/rust-lang/cc-rs,1
2021-10-01,16183,1577,GitHub/rust-lang/cc-rs,1
2021-10-01,16183,3718,GitHub/rust-lang/cc-rs,1
2021-10-01,16183,2867,GitHub/rust-lang/cc-rs,5
2021-10-01,16183,1579,GitHub/rust-lang/cc-rs,1
2021-10-01,16183,1575,GitHub/rust-lang/cc-rs,1
2021-10-01,16183,4182,GitHub/rust-lang/cc-rs,2
2021-10-01,16259,3037,GitHub/rust-num/num-traits,1
2021-10-01,16259,2874,GitHub/rust-num/num-traits,2
2021-10-01,16259,3188,GitHub/rust-num/num-traits,3
2021-10-01,16259,4679,GitHub/rust-num/num-traits,2
2021-10-01,16259,3808,GitHub/rust-num/num-traits,3
2021-10-01,16259,3025,GitHub/rust-num/num-traits,1
2021-10-01,16492,3170,GitHub/tokio-rs/bytes,1
2021-10-01,16492,3806,GitHub/tokio-rs/bytes,1
2021-10-01,16492,2537,GitHub/tokio-rs/bytes,1
2021-10-01,16492,2539,GitHub/tokio-rs/bytes,1
2021-10-01,16492,4372,GitHub/tokio-rs/bytes,5
2021-10-01,16492,3147,GitHub/tokio-rs/bytes,4
2021-10-01,16492,168,GitHub/tokio-rs/bytes,1
2021-10-01,16492,4946,GitHub/tokio-rs/bytes,1
2021-10-01,16492,3904,GitHub/tokio-rs/bytes,1
2021-10-01,16492,4945,GitHub/tokio-rs/bytes,1
2021-10-01,16492,2969,GitHub/tokio-rs/bytes,3
2021-10-01,17630,2866,GitHub/bluss/either,1
2021-10-01,17630,3025,GitHub/bluss/either,1
2021-10-01,17630,3120,GitHub/bluss/either,3
2021-10-01,17721,3965,GitHub/matklad/once_cell,1
2021-10-01,17721,3944,GitHub/matklad/once_cell,1
2021-10-01,17721,2970,GitHub/matklad/once_cell,13
2021-10-01,17721,3195,GitHub/matklad/once_cell,3
2021-10-01,17721,3598,GitHub/matklad/once_cell,3
2021-10-01,17721,3945,GitHub/matklad/once_cell,1
2021-10-01,18006,3372,GitHub/crossbeam-rs/crossbeam,2
2021-10-01,18006,3074,GitHub/crossbeam-rs/crossbeam,9
2021-10-01,18006,3371,GitHub/crossbeam-rs/crossbeam,6
2021-10-01,18006,3374,GitHub/crossbeam-rs/crossbeam,1
2021-10-01,18006,3376,GitHub/crossbeam-rs/crossbeam,2
2021-10-01,18006,2969,GitHub/crossbeam-rs/crossbeam,79
2021-10-01,18006,3370,GitHub/crossbeam-rs/crossbeam,3
2021-10-01,18006,3377,GitHub/crossbeam-rs/crossbeam,3
2021-10-01,18006,3373,GitHub/crossbeam-rs/crossbeam,1
2021-10-01,18006,599,GitHub/crossbeam-rs/crossbeam,8
2021-10-01,18006,2942,GitHub/crossbeam-rs/crossbeam,1
2021-10-01,18006,3375,GitHub/crossbeam-rs/crossbeam,2
2021-10-01,19184,3166,GitHub/bluss/scopeguard,3
2021-10-01,19184,2968,GitHub/bluss/scopeguard,2
2021-10-01,19184,2866,GitHub/bluss/scopeguard,1
2021-10-01,19468,4792,GitHub/servo/rust-fnv,1
2021-10-01,20410,3973,GitHub/mgeisler/textwrap,1
2021-10-01,20410,3975,GitHub/mgeisler/textwrap,1
2021-10-01,20410,2872,GitHub/mgeisler/textwrap,233
2021-10-01,20410,2873,GitHub/mgeisler/textwrap,1
2021-10-01,20410,3971,GitHub/mgeisler/textwrap,1
2021-10-01,20410,3972,GitHub/mgeisler/textwrap,2
2021-10-01,20410,3974,GitHub/mgeisler/textwrap,1
2021-10-01,20699,3011,GitHub/Amanieu/parking_lot,2
2021-10-01,20699,3014,GitHub/Amanieu/parking_lot,1
2021-10-01,20699,3015,GitHub/Amanieu/parking_lot,1
2021-10-01,20699,2968,GitHub/Amanieu/parking_lot,15
2021-10-01,20699,3013,GitHub/Amanieu/parking_lot,1
2021-10-01,20699,168,GitHub/Amanieu/parking_lot,1
2021-10-01,20699,3012,GitHub/Amanieu/parking_lot,7
2021-10-01,20949,3834,GitHub/Geal/nom,1
2021-10-01,20949,3831,GitHub/Geal/nom,1
2021-10-01,20949,3830,GitHub/Geal/nom,1
2021-10-01,20949,3818,GitHub/Geal/nom,1
2021-10-01,20949,3229,GitHub/Geal/nom,1
2021-10-01,20949,2909,GitHub/Geal/nom,1
2021-10-01,20949,3823,GitHub/Geal/nom,1
2021-10-01,20949,3837,GitHub/Geal/nom,1
2021-10-01,20949,611,GitHub/Geal/nom,3
2021-10-01,20949,3832,GitHub/Geal/nom,1
2021-10-01,20949,3822,GitHub/Geal/nom,1
2021-10-01,20949,3828,GitHub/Geal/nom,1
2021-10-01,20949,3221,GitHub/Geal/nom,1
2021-10-01,20949,1150,GitHub/Geal/nom,1
2021-10-01,20949,1140,GitHub/Geal/nom,1
2021-10-01,20949,1142,GitHub/Geal/nom,3
2021-10-01,20949,3666,GitHub/Geal/nom,1
2021-10-01,20949,3816,GitHub/Geal/nom,8
2021-10-01,20949,3672,GitHub/Geal/nom,1
2021-10-01,20949,3471,GitHub/Geal/nom,1
2021-10-01,20949,3829,GitHub/Geal/nom,2
2021-10-01,20949,3838,GitHub/Geal/nom,1
2021-10-01,20949,2899,GitHub/Geal/nom,22
2021-10-01,20949,3833,GitHub/Geal/nom,1
2021-10-01,20949,3839,GitHub/Geal/nom,2
2021-10-01,20949,3835,GitHub/Geal/nom,1
2021-10-01,20949,3205,GitHub/Geal/nom,1
2021-10-01,20949,3534,GitHub/Geal/nom,80
2021-10-01,20949,3824,GitHub/Geal/nom,1
2021-10-01,20949,3821,GitHub/Geal/nom,1
2021-10-01,20949,3826,GitHub/Geal/nom,1
2021-10-01,20949,3836,GitHub/Geal/nom,1
2021-10-01,20949,3825,GitHub/Geal/nom,2
2021-10-01,20949,3841,GitHub/Geal/nom,1
2021-10-01,20949,3827,GitHub/Geal/nom,1
2021-10-01,21282,3103,GitHub/bluss/arrayvec,4
2021-10-01,21282,3051,GitHub/bluss/arrayvec,2
2021-10-01,21282,3100,GitHub/bluss/arrayvec,2
2021-10-01,21282,3101,GitHub/bluss/arrayvec,2
2021-10-01,21282,268,GitHub/bluss/arrayvec,51
2021-10-01,21282,3025,GitHub/bluss/arrayvec,1
2021-10-01,21282,2874,GitHub/bluss/arrayvec,1
2021-10-01,21282,3104,GitHub/bluss/arrayvec,1
2021-10-01,21282,3105,GitHub/bluss/arrayvec,2
2021-10-01,21282,3106,GitHub/bluss/arrayvec,1
2021-10-01,21445,3939,GitHub/marshallpierce/rust-base64,1
2021-10-01,21445,1373,GitHub/marshallpierce/rust-base64,4
2021-10-01,21445,1281,GitHub/marshallpierce/rust-base64,24
2021-10-01,21445,2866,GitHub/marshallpierce/rust-base64,1
2021-10-01,22724,4484,GitHub/rust-lang/log,1
2021-10-01,22724,3044,GitHub/rust-lang/log,15
2021-10-01,22724,8,GitHub/rust-lang/log,1
2021-10-01,22724,3113,GitHub/rust-lang/log,3
2021-10-01,22724,4485,GitHub/rust-lang/log,1
2021-10-01,22724,2945,GitHub/rust-lang/log,2
2021-10-01,22804,2866,GitHub/alexcrichton/cfg-if,1
2021-10-01,23287,1478,GitHub/rust-itertools/itertools,1
2021-10-01,23287,4089,GitHub/rust-itertools/itertools,3
2021-10-01,23287,1479,GitHub/rust-itertools/itertools,2
2021-10-01,23287,4002,GitHub/rust-itertools/itertools,3
2021-10-01,23287,4086,GitHub/rust-itertools/itertools,2
2021-10-01,23287,4098,GitHub/rust-itertools/itertools,1
2021-10-01,23287,4092,GitHub/rust-itertools/itertools,1
2021-10-01,23287,4091,GitHub/rust-itertools/itertools,3
2021-10-01,23287,1476,GitHub/rust-itertools/itertools,1
2021-10-01,23287,4095,GitHub/rust-itertools/itertools,7
2021-10-01,23287,4068,GitHub/rust-itertools/itertools,15
2021-10-01,23287,4099,GitHub/rust-itertools/itertools,1
2021-10-01,23287,2967,GitHub/rust-itertools/itertools,1
2021-10-01,23287,1484,GitHub/rust-itertools/itertools,15
2021-10-01,23287,4090,GitHub/rust-itertools/itertools,1
2021-10-01,23287,2896,GitHub/rust-itertools/itertools,1
2021-10-01,23287,4088,GitHub/rust-itertools/itertools,8
2021-10-01,23287,4093,GitHub/rust-itertools/itertools,6
2021-10-01,23287,4096,GitHub/rust-itertools/itertools,7
2021-10-01,23287,2866,GitHub/rust-itertools/itertools,3
2021-10-01,23287,4094,GitHub/rust-itertools/itertools,2
2021-10-01,23287,4087,GitHub/rust-itertools/itertools,4
2021-10-01,23287,4076,GitHub/rust-itertools/itertools,1
2021-10-01,23287,4101,GitHub/rust-itertools/itertools,1
2021-10-01,24455,1476,GitHub/serde-rs/json,3
2021-10-01,24455,4751,GitHub/serde-rs/json,1
2021-10-01,24455,3049,GitHub/serde-rs/json,1
2021-10-01,24455,3156,GitHub/serde-rs/json,1
2021-10-01,24455,4747,GitHub/serde-rs/json,2
2021-10-01,24455,4746,GitHub/serde-rs/json,1
2021-10-01,24455,4750,GitHub/serde-rs/json,1
2021-10-01,24455,2912,GitHub/serde-rs/json,53
2021-10-01,24455,3835,GitHub/serde-rs/json,1
2021-10-01,24455,4707,GitHub/serde-rs/json,1
2021-10-01,24455,2292,GitHub/serde-rs/json,1
2021-10-01,24455,4749,GitHub/serde-rs/json,1
2021-10-01,25976,3156,GitHub/rust-lang/regex,2
2021-10-01,25976,4555,GitHub/rust-lang/regex,1
2021-10-01,25976,3043,GitHub/rust-lang/regex,44
2021-10-01,25976,3835,GitHub/rust-lang/regex,1
2021-10-01,25976,4571,GitHub/rust-lang/regex,1
2021-10-01,25976,287,GitHub/rust-lang/regex,1
2021-10-01,25976,4554,GitHub/rust-lang/regex,1
2021-10-01,25976,2866,GitHub/rust-lang/regex,2
2021-10-01,26074,3999,GitHub/paholg/typenum,3
2021-10-01,26074,3188,GitHub/paholg/typenum,2
2021-10-01,26074,3614,GitHub/paholg/typenum,34
2021-10-01,28336,4008,GitHub/RustCrypto/traits,213
2021-10-01,28336,4007,GitHub/RustCrypto/traits,1
2021-10-01,28336,4012,GitHub/RustCrypto/traits,1
2021-10-01,28336,4015,GitHub/RustCrypto/traits,1
2021-10-01,28336,3189,GitHub/RustCrypto/traits,14
2021-10-01,28336,1373,GitHub/RustCrypto/traits,2
2021-10-01,28336,4014,GitHub/RustCrypto/traits,1
2021-10-01,28336,4013,GitHub/RustCrypto/traits,1
2021-10-01,28705,707,GitHub/dguo/strsim-rs,1
2021-10-01,28705,717,GitHub/dguo/strsim-rs,1
2021-10-01,28877,2609,GitHub/unicode-rs/unicode-xid,3
2021-10-01,28877,3173,GitHub/unicode-rs/unicode-xid,4
2021-10-01,30968,3025,GitHub/SergioBenitez/version_check,1
2021-10-01,30968,2343,GitHub/SergioBenitez/version_check,8
2021-10-01,32560,3809,GitHub/BurntSushi/memchr,1
2021-10-01,32560,2866,GitHub/BurntSushi/memchr,1
2021-10-01,32560,2867,GitHub/BurntSushi/memchr,1
2021-10-01,32560,3043,GitHub/BurntSushi/memchr,14
2021-10-01,32560,2969,GitHub/BurntSushi/memchr,2
2021-10-01,33435,3491,GitHub/dtolnay/itoa,2
2021-10-01,33435,2912,GitHub/dtolnay/itoa,8
2021-10-01,34191,2909,GitHub/RustCrypto/utils,1
2021-10-01,34191,1399,GitHub/RustCrypto/utils,1
2021-10-01,34191,4008,GitHub/RustCrypto/utils,319
2021-10-01,34191,4014,GitHub/RustCrypto/utils,1
2021-10-01,34191,4011,GitHub/RustCrypto/utils,3
2021-10-01,34191,3189,GitHub/RustCrypto/utils,23
2021-10-01,34191,4033,GitHub/RustCrypto/utils,1
2021-10-01,34191,4035,GitHub/RustCrypto/utils,1
2021-10-01,34191,4034,GitHub/RustCrypto/utils,1
2021-10-01,34191,1398,GitHub/RustCrypto/utils,1
2021-10-01,34831,4356,GitHub/rust-lang/futures-rs,2
2021-10-01,34831,3031,GitHub/rust-lang/futures-rs,2
2021-10-01,34831,4358,GitHub/rust-lang/futures-rs,1
2021-10-01,34831,4353,GitHub/rust-lang/futures-rs,2
2021-10-01,34831,3393,GitHub/rust-lang/futures-rs,2
2021-10-01,34831,3194,GitHub/rust-lang/futures-rs,1
2021-10-01,34831,1798,GitHub/rust-lang/futures-rs,1
2021-10-01,34831,1792,GitHub/rust-lang/futures-rs,2
2021-10-01,34831,3147,GitHub/rust-lang/futures-rs,10
2021-10-01,34831,4420,GitHub/rust-lang/futures-rs,1
2021-10-01,34831,168,GitHub/rust-lang/futures-rs,2
2021-10-01,34831,3037,GitHub/rust-lang/futures-rs,33
2021-10-01,34831,4351,GitHub/rust-lang/futures-rs,2
2021-10-01,34831,3106,GitHub/rust-lang/futures-rs,2
2021-10-01,34831,3859,GitHub/rust-lang/futures-rs,1
2021-10-01,34831,1794,GitHub/rust-lang/futures-rs,1
2021-10-01,34831,2969,GitHub/rust-lang/futures-rs,117
2021-10-01,34831,4349,GitHub/rust-lang/futures-rs,2
2021-10-01,34831,4240,GitHub/rust-lang/futures-rs,1
2021-10-01,34831,4357,GitHub/rust-lang/futures-rs,1
2021-10-01,34831,4347,GitHub/rust-lang/futures-rs,1
2021-10-01,34831,1795,GitHub/rust-lang/futures-rs,1
2021-10-01,34831,4352,GitHub/rust-lang/futures-rs,2
2021-10-01,34831,4350,GitHub/rust-lang/futures-rs,2
2021-10-01,34831,1785,GitHub/rust-lang/futures-rs,2
2021-10-01,34831,1799,GitHub/rust-lang/futures-rs,1
2021-10-01,34831,3824,GitHub/rust-lang/futures-rs,3
2021-10-01,34831,4355,GitHub/rust-lang/futures-rs,2
2021-10-01,34831,1876,GitHub/rust-lang/futures-rs,1
2021-10-01,34831,204,GitHub/rust-lang/futures-rs,1
2021-10-01,35574,3969,GitHub/unicode-rs/unicode-normalization,10
2021-10-01,35574,4979,GitHub/unicode-rs/unicode-normalization,1
2021-10-01,35574,3173,GitHub/unicode-rs/unicode-normalization,7
2021-10-01,35737,3025,GitHub/cuviper/autocfg,1
2021-10-01,36114,4885,GitHub/SimonSapin/rust-std-candidates,2
2021-10-01,36114,3413,GitHub/SimonSapin/rust-std-candidates,1
2021-10-01,36424,2950,GitHub/steveklabnik/semver-parser,3
2021-10-01,37083,3226,GitHub/BurntSushi/termcolor,1
2021-10-01,37083,2866,GitHub/BurntSushi/termcolor,1
2021-10-01,37101,2866,GitHub/Gilnaa/memoffset,1
2021-10-01,37101,3870,GitHub/Gilnaa/memoffset,9
2021-10-01,37101,3013,GitHub/Gilnaa/memoffset,9
2021-10-01,37101,3876,GitHub/Gilnaa/memoffset,1
2021-10-01,37612,2912,GitHub/dtolnay/quote,19
2021-10-01,37844,4270,GitHub/softprops/atty,1
2021-10-01,37844,4894,GitHub/softprops/atty,1
2021-10-01,38667,3154,GitHub/bluss/indexmap,1
2021-10-01,38667,3025,GitHub/bluss/indexmap,29
2021-10-01,38667,268,GitHub/bluss/indexmap,1
2021-10-01,38667,2969,GitHub/bluss/indexmap,2
2021-10-01,38667,339,GitHub/bluss/indexmap,1
2021-10-01,38667,3153,GitHub/bluss/indexmap,3
2021-10-01,38667,3156,GitHub/bluss/indexmap,1
2021-10-01,39779,4912,GitHub/time-rs/time,1
2021-10-01,39779,3494,GitHub/time-rs/time,1
2021-10-01,39779,3025,GitHub/time-rs/time,1
2021-10-01,39779,4911,GitHub/time-rs/time,1
2021-10-01,39779,3951,GitHub/time-rs/time,239
2021-10-01,39779,4944,GitHub/time-rs/time,1
2021-10-01,40494,4885,GitHub/servo/unicode-bidi,3
2021-10-01,40494,4586,GitHub/servo/unicode-bidi,1
2021-10-01,40494,3173,GitHub/servo/unicode-bidi,4
2021-10-01,40494,2988,GitHub/servo/unicode-bidi,5
2021-10-01,40796,3448,GitHub/cryptocorrosion/cryptocorrosion,2
2021-10-01,40796,3450,GitHub/cryptocorrosion/cryptocorrosion,1
2021-10-01,40796,3451,GitHub/cryptocorrosion/cryptocorrosion,1
2021-10-01,40937,3522,GitHub/dtolnay/semver,2
2021-10-01,40937,2969,GitHub/dtolnay/semver,1
2021-10-01,40937,2912,GitHub/dtolnay/semver,100
2021-10-01,40937,2970,GitHub/dtolnay/semver,1
2021-10-01,41752,4870,GitHub/servo/rust-url,4
2021-10-01,41752,4874,GitHub/servo/rust-url,2
2021-10-01,41752,3173,GitHub/servo/rust-url,3
2021-10-01,41752,3156,GitHub/servo/rust-url,1
2021-10-01,41752,2428,GitHub/servo/rust-url,25
2021-10-01,41752,3471,GitHub/servo/rust-url,15
2021-10-01,41752,3835,GitHub/servo/rust-url,1
2021-10-01,41752,3413,GitHub/servo/rust-url,1
2021-10-01,41752,3481,GitHub/servo/rust-url,11
2021-10-01,41752,4873,GitHub/servo/rust-url,1
2021-10-01,41752,3194,GitHub/servo/rust-url,3
2021-10-01,41752,4871,GitHub/servo/rust-url,1
2021-10-01,41752,3621,GitHub/servo/rust-url,1
2021-10-01,41752,4872,GitHub/servo/rust-url,1
2021-10-01,41957,2912,GitHub/dtolnay/proc-macro2,57
2021-10-01,41957,3494,GitHub/dtolnay/proc-macro2,1
2021-10-01,41957,3495,GitHub/dtolnay/proc-macro2,1
2021-10-01,42413,2912,GitHub/dtolnay/ryu,5
2021-10-01,42655,3067,GitHub/rust-lang/socket2,3
2021-10-01,42655,4607,GitHub/rust-lang/socket2,1
2021-10-01,42655,168,GitHub/rust-lang/socket2,3
2021-10-01,42655,4605,GitHub/rust-lang/socket2,1
2021-10-01,42655,4606,GitHub/rust-lang/socket2,4
2021-10-01,42655,4609,GitHub/rust-lang/socket2,1
2021-10-01,42655,3030,GitHub/rust-lang/socket2,1
2021-10-01,42655,3044,GitHub/rust-lang/socket2,1
2021-10-01,42655,4602,GitHub/rust-lang/socket2,5
2021-10-01,42655,4599,GitHub/rust-lang/socket2,1
2021-10-01,42655,1799,GitHub/rust-lang/socket2,7
2021-10-01,42655,3183,GitHub/rust-lang/socket2,1
2021-10-01,42655,4600,GitHub/rust-lang/socket2,2
2021-10-01,42655,4601,GitHub/rust-lang/socket2,3
2021-10-01,42655,3210,GitHub/rust-lang/socket2,5
2021-10-01,42655,3113,GitHub/rust-lang/socket2,33
2021-10-01,42655,2942,GitHub/rust-lang/socket2,1
2021-10-01,42655,4603,GitHub/rust-lang/socket2,1
2021-10-01,42655,4589,GitHub/rust-lang/socket2,1
2021-10-01,42655,4604,GitHub/rust-lang/socket2,1
2021-10-01,42677,2613,GitHub/withoutboats/heck,1
2021-10-01,42677,3556,GitHub/withoutboats/heck,1
2021-10-01,42677,1476,GitHub/withoutboats/heck,3
2021-10-01,44362,4448,GitHub/rust-lang/hashbrown,1
2021-10-01,44362,4452,GitHub/rust-lang/hashbrown,1
2021-10-01,44362,4090,GitHub/rust-lang/hashbrown,15
2021-10-01,44362,2866,GitHub/rust-lang/hashbrown,2
2021-10-01,44362,3147,GitHub/rust-lang/hashbrown,2
2021-10-01,44362,4454,GitHub/rust-lang/hashbrown,1
2021-10-01,44362,4450,GitHub/rust-lang/hashbrown,9
2021-10-01,44362,204,GitHub/rust-lang/hashbrown,31
2021-10-01,44362,4453,GitHub/rust-lang/hashbrown,2
2021-10-01,44362,2992,GitHub/rust-lang/hashbrown,1
2021-10-01,44362,1919,GitHub/rust-lang/hashbrown,2
2021-10-01,44362,2990,GitHub/rust-lang/hashbrown,9
2021-10-01,44362,3063,GitHub/rust-lang/hashbrown,1
2021-10-01,44362,3195,GitHub/rust-lang/hashbrown,2
2021-10-01,44362,3156,GitHub/rust-lang/hashbrown,2
2021-10-01,44362,4451,GitHub/rust-lang/hashbrown,1
2021-10-01,44362,2968,GitHub/rust-lang/hashbrown,20
2021-10-01,44362,4447,GitHub/rust-lang/hashbrown,3
2021-10-01,44362,3025,GitHub/rust-lang/hashbrown,9
2021-10-01,44362,3011,GitHub/rust-lang/hashbrown,1
2021-10-01,44362,3180,GitHub/rust-lang/hashbrown,3
2021-10-01,45748,2897,GitHub/dtolnay/thiserror,1
2021-10-01,45748,2912,GitHub/dtolnay/thiserror,48
2021-10-01,45748,3604,GitHub/dtolnay/thiserror,4
2021-10-01,46027,2877,GitHub/alexcrichton/toml-rs,1
2021-10-01,46027,119,GitHub/alexcrichton/toml-rs,1
2021-10-01,46027,2875,GitHub/alexcrichton/toml-rs,3
2021-10-01,46027,2967,GitHub/alexcrichton/toml-rs,1
2021-10-01,46178,3044,GitHub/rust-lang-nursery/lazy-static.rs,3
2021-10-01,48512,4692,GitHub/rust-random/getrandom,25
2021-10-01,48512,3189,GitHub/rust-random/getrandom,10
2021-10-01,48512,3156,GitHub/rust-random/getrandom,1
2021-10-01,48512,4700,GitHub/rust-random/getrandom,2
2021-10-01,49067,3025,GitHub/Amanieu/thread_local-rs,1
2021-10-01,49067,3038,GitHub/Amanieu/thread_local-rs,16
2021-10-01,49067,204,GitHub/Amanieu/thread_local-rs,1
2021-10-01,49067,2968,GitHub/Amanieu/thread_local-rs,11
2021-10-01,49075,2945,GitHub/rust-lang/pkg-config-rs,1
2021-10-01,49075,2866,GitHub/rust-lang/pkg-config-rs,1
2021-10-01,49075,3194,GitHub/rust-lang/pkg-config-rs,3
2021-10-01,52462,3628,GitHub/Frommi/miniz_oxide,1
2021-10-01,52462,898,GitHub/Frommi/miniz_oxide,2
2021-10-01,52465,3105,GitHub/fizyk20/generic-array,6
2021-10-01,52465,3621,GitHub/fizyk20/generic-array,1
2021-10-01,52465,3606,GitHub/fizyk20/generic-array,9
2021-11-01,602,3173,GitHub/unicode-rs/unicode-segmentation,10
2021-11-01,602,4991,GitHub/unicode-rs/unicode-segmentation,5
2021-11-01,602,155,GitHub/unicode-rs/unicode-segmentation,1
2021-11-01,602,4993,GitHub/unicode-rs/unicode-segmentation,1
2021-11-01,602,4992,GitHub/unicode-rs/unicode-segmentation,4
2021-11-01,602,3835,GitHub/unicode-rs/unicode-segmentation,1
2021-11-01,626,3916,GitHub/hyperium/http,1
2021-11-01,626,3918,GitHub/hyperium/http,1
2021-11-01,626,3915,GitHub/hyperium/http,1
2021-11-01,626,1246,GitHub/hyperium/http,2
2021-11-01,626,1252,GitHub/hyperium/http,1
2021-11-01,626,3598,GitHub/hyperium/http,1
2021-11-01,626,3835,GitHub/hyperium/http,1
2021-11-01,626,3878,GitHub/hyperium/http,3
2021-11-01,626,3919,GitHub/hyperium/http,1
2021-11-01,626,3914,GitHub/hyperium/http,1
2021-11-01,3150,4009,GitHub/seanmonstar/num_cpus,1
2021-11-01,3150,2866,GitHub/seanmonstar/num_cpus,1
2021-11-01,3509,5000,GitHub/unicode-rs/unicode-width,1
2021-11-01,3509,3173,GitHub/unicode-rs/unicode-width,1
2021-11-01,4484,3185,GitHub/BurntSushi/byteorder,1
2021-11-01,4484,3043,GitHub/BurntSushi/byteorder,11
2021-11-01,4484,3104,GitHub/BurntSushi/byteorder,1
2021-11-01,4484,373,GitHub/BurntSushi/byteorder,1
2021-11-01,4484,2866,GitHub/BurntSushi/byteorder,1
2021-11-01,4733,3020,GitHub/dtolnay/syn,1
2021-11-01,4733,2969,GitHub/dtolnay/syn,3
2021-11-01,4733,2912,GitHub/dtolnay/syn,289
2021-11-01,4733,3561,GitHub/dtolnay/syn,1
2021-11-01,4733,3560,GitHub/dtolnay/syn,1
2021-11-01,5249,3180,GitHub/taiki-e/pin-project-lite,1
2021-11-01,5249,2969,GitHub/taiki-e/pin-project-lite,103
2021-11-01,5249,4899,GitHub/taiki-e/pin-project-lite,35
2021-11-01,5249,1799,GitHub/taiki-e/pin-project-lite,2
2021-11-01,5249,204,GitHub/taiki-e/pin-project-lite,4
2021-11-01,6681,3471,GitHub/djc/rustc-version-rs,50
2021-11-01,6681,2912,GitHub/djc/rustc-version-rs,1
2021-11-01,7322,4817,GitHub/servo/rust-smallvec,1
2021-11-01,7322,3165,GitHub/servo/rust-smallvec,1
2021-11-01,7322,2377,GitHub/servo/rust-smallvec,1
2021-11-01,7322,4818,GitHub/servo/rust-smallvec,1
2021-11-01,7322,2988,GitHub/servo/rust-smallvec,5
2021-11-01,7415,3176,GitHub/BurntSushi/aho-corasick,1
2021-11-01,7415,3043,GitHub/BurntSushi/aho-corasick,10
2021-11-01,7415,3177,GitHub/BurntSushi/aho-corasick,1
2021-11-01,7415,2866,GitHub/BurntSushi/aho-corasick,1
2021-11-01,12228,3387,GitHub/seanmonstar/httparse,1
2021-11-01,12228,3921,GitHub/seanmonstar/httparse,1
2021-11-01,12228,4718,GitHub/seanmonstar/httparse,1
2021-11-01,12228,3878,GitHub/seanmonstar/httparse,13
2021-11-01,12228,2945,GitHub/seanmonstar/httparse,1
2021-11-01,12228,1252,GitHub/seanmonstar/httparse,4
2021-11-01,12228,3835,GitHub/seanmonstar/httparse,1
2021-11-01,12266,3060,GitHub/bitflags/bitflags,3
2021-11-01,12266,3049,GitHub/bitflags/bitflags,2
2021-11-01,12266,3044,GitHub/bitflags/bitflags,52
2021-11-01,12266,3047,GitHub/bitflags/bitflags,1
2021-11-01,12266,218,GitHub/bitflags/bitflags,1
2021-11-01,12266,3048,GitHub/bitflags/bitflags,9
2021-11-01,12266,3046,GitHub/bitflags/bitflags,1
2021-11-01,12266,3011,GitHub/bitflags/bitflags,1
2021-11-01,12266,2969,GitHub/bitflags/bitflags,1
2021-11-01,12842,2571,GitHub/tokio-rs/slab,2
2021-11-01,12842,3557,GitHub/tokio-rs/slab,1
2021-11-01,12842,4602,GitHub/tokio-rs/slab,1
2021-11-01,12842,2969,GitHub/tokio-rs/slab,24
2021-11-01,12842,4973,GitHub/tokio-rs/slab,1
2021-11-01,12842,4974,GitHub/tokio-rs/slab,1
2021-11-01,12842,4971,GitHub/tokio-rs/slab,1
2021-11-01,12842,3436,GitHub/tokio-rs/slab,1
2021-11-01,12842,4372,GitHub/tokio-rs/slab,1
2021-11-01,12842,1476,GitHub/tokio-rs/slab,1
2021-11-01,13804,3011,GitHub/dtolnay/anyhow,2
2021-11-01,13804,2912,GitHub/dtolnay/anyhow,66
2021-11-01,13804,3147,GitHub/dtolnay/anyhow,1
2021-11-01,13804,3480,GitHub/dtolnay/anyhow,1
2021-11-01,13804,3481,GitHub/dtolnay/anyhow,3
2021-11-01,13804,3362,GitHub/dtolnay/anyhow,1
2021-11-01,13804,3482,GitHub/dtolnay/anyhow,1
2021-11-01,13804,2240,GitHub/dtolnay/anyhow,1
2021-11-01,14306,3025,GitHub/rust-num/num-integer,2
2021-11-01,16183,4173,GitHub/rust-lang/cc-rs,1
2021-11-01,16183,4182,GitHub/rust-lang/cc-rs,2
2021-11-01,16183,1575,GitHub/rust-lang/cc-rs,1
2021-11-01,16183,3214,GitHub/rust-lang/cc-rs,1
2021-11-01,16183,3969,GitHub/rust-lang/cc-rs,1
2021-11-01,16183,4135,GitHub/rust-lang/cc-rs,1
2021-11-01,16183,1651,GitHub/rust-lang/cc-rs,2
2021-11-01,16183,1580,GitHub/rust-lang/cc-rs,2
2021-11-01,16183,3112,GitHub/rust-lang/cc-rs,1
2021-11-01,16183,1581,GitHub/rust-lang/cc-rs,1
2021-11-01,16183,2866,GitHub/rust-lang/cc-rs,1
2021-11-01,16183,4175,GitHub/rust-lang/cc-rs,1
2021-11-01,16183,4180,GitHub/rust-lang/cc-rs,1
2021-11-01,16183,3575,GitHub/rust-lang/cc-rs,2
2021-11-01,16183,4178,GitHub/rust-lang/cc-rs,1
2021-11-01,16183,4179,GitHub/rust-lang/cc-rs,1
2021-11-01,16183,3718,GitHub/rust-lang/cc-rs,1
2021-11-01,16183,3156,GitHub/rust-lang/cc-rs,1
2021-11-01,16183,2867,GitHub/rust-lang/cc-rs,6
2021-11-01,16183,1579,GitHub/rust-lang/cc-rs,1
2021-11-01,16183,1577,GitHub/rust-lang/cc-rs,1
2021-11-01,16183,4177,GitHub/rust-lang/cc-rs,1
2021-11-01,16183,4174,GitHub/rust-lang/cc-rs,1
2021-11-01,16183,4176,GitHub/rust-lang/cc-rs,1
2021-11-01,16259,3025,GitHub/rust-num/num-traits,1
2021-11-01,16259,2874,GitHub/rust-num/num-traits,2
2021-11-01,16259,4679,GitHub/rust-num/num-traits,2
2021-11-01,16259,3808,GitHub/rust-num/num-traits,3
2021-11-01,16259,3037,GitHub/rust-num/num-traits,1
2021-11-01,16259,3188,GitHub/rust-num/num-traits,3
2021-11-01,16492,3170,GitHub/tokio-rs/bytes,1
2021-11-01,16492,2969,GitHub/tokio-rs/bytes,3
2021-11-01,16492,3806,GitHub/tokio-rs/bytes,1
2021-11-01,16492,2539,GitHub/tokio-rs/bytes,1
2021-11-01,16492,168,GitHub/tokio-rs/bytes,1
2021-11-01,16492,3904,GitHub/tokio-rs/bytes,1
2021-11-01,16492,4945,GitHub/tokio-rs/bytes,1
2021-11-01,16492,4946,GitHub/tokio-rs/bytes,1
2021-11-01,16492,3147,GitHub/tokio-rs/bytes,4
2021-11-01,16492,4372,GitHub/tokio-rs/bytes,5
2021-11-01,16492,2537,GitHub/tokio-rs/bytes,1
2021-11-01,17630,2866,GitHub/bluss/either,1
2021-11-01,17630,3025,GitHub/bluss/either,1
2021-11-01,17630,3120,GitHub/bluss/either,3
2021-11-01,17721,3598,GitHub/matklad/once_cell,3
2021-11-01,17721,3195,GitHub/matklad/once_cell,3
2021-11-01,17721,3944,GitHub/matklad/once_cell,1
2021-11-01,17721,3945,GitHub/matklad/once_cell,1
2021-11-01,17721,3965,GitHub/matklad/once_cell,1
2021-11-01,17721,2970,GitHub/matklad/once_cell,13
2021-11-01,18006,3376,GitHub/crossbeam-rs/crossbeam,2
2021-11-01,18006,3371,GitHub/crossbeam-rs/crossbeam,6
2021-11-01,18006,3373,GitHub/crossbeam-rs/crossbeam,1
2021-11-01,18006,3074,GitHub/crossbeam-rs/crossbeam,9
2021-11-01,18006,2969,GitHub/crossbeam-rs/crossbeam,81
2021-11-01,18006,3377,GitHub/crossbeam-rs/crossbeam,3
2021-11-01,18006,599,GitHub/crossbeam-rs/crossbeam,8
2021-11-01,18006,3372,GitHub/crossbeam-rs/crossbeam,2
2021-11-01,18006,3370,GitHub/crossbeam-rs/crossbeam,3
2021-11-01,18006,3374,GitHub/crossbeam-rs/crossbeam,1
2021-11-01,18006,2942,GitHub/crossbeam-rs/crossbeam,1
2021-11-01,18006,3375,GitHub/crossbeam-rs/crossbeam,2
2021-11-01,19184,2866,GitHub/bluss/scopeguard,1
2021-11-01,19184,2968,GitHub/bluss/scopeguard,2
2021-11-01,19184,3166,GitHub/bluss/scopeguard,3
2021-11-01,19468,4792,GitHub/servo/rust-fnv,1
2021-11-01,20410,3972,GitHub/mgeisler/textwrap,2
2021-11-01,20410,3975,GitHub/mgeisler/textwrap,1
2021-11-01,20410,2873,GitHub/mgeisler/textwrap,1
2021-11-01,20410,2872,GitHub/mgeisler/textwrap,236
2021-11-01,20410,3973,GitHub/mgeisler/textwrap,1
2021-11-01,20410,3974,GitHub/mgeisler/textwrap,1
2021-11-01,20410,3971,GitHub/mgeisler/textwrap,1
2021-11-01,20699,3014,GitHub/Amanieu/parking_lot,1
2021-11-01,20699,3015,GitHub/Amanieu/parking_lot,1
2021-11-01,20699,168,GitHub/Amanieu/parking_lot,1
2021-11-01,20699,3011,GitHub/Amanieu/parking_lot,2
2021-11-01,20699,2968,GitHub/Amanieu/parking_lot,17
2021-11-01,20699,3013,GitHub/Amanieu/parking_lot,1
2021-11-01,20699,3012,GitHub/Amanieu/parking_lot,7
2021-11-01,20949,3834,GitHub/Geal/nom,1
2021-11-01,20949,3830,GitHub/Geal/nom,1
2021-11-01,20949,3821,GitHub/Geal/nom,1
2021-11-01,20949,3835,GitHub/Geal/nom,1
2021-11-01,20949,2899,GitHub/Geal/nom,23
2021-11-01,20949,1142,GitHub/Geal/nom,3
2021-11-01,20949,3221,GitHub/Geal/nom,1
2021-11-01,20949,3837,GitHub/Geal/nom,1
2021-11-01,20949,3825,GitHub/Geal/nom,2
2021-11-01,20949,3820,GitHub/Geal/nom,1
2021-11-01,20949,3818,GitHub/Geal/nom,3
2021-11-01,20949,3229,GitHub/Geal/nom,1
2021-11-01,20949,3666,GitHub/Geal/nom,1
2021-11-01,20949,1140,GitHub/Geal/nom,1
2021-11-01,20949,1129,GitHub/Geal/nom,2
2021-11-01,20949,3817,GitHub/Geal/nom,1
2021-11-01,20949,3838,GitHub/Geal/nom,1
2021-11-01,20949,3839,GitHub/Geal/nom,2
2021-11-01,20949,2909,GitHub/Geal/nom,1
2021-11-01,20949,3829,GitHub/Geal/nom,2
2021-11-01,20949,3827,GitHub/Geal/nom,1
2021-11-01,20949,3836,GitHub/Geal/nom,1
2021-11-01,20949,3534,GitHub/Geal/nom,82
2021-11-01,20949,3046,GitHub/Geal/nom,1
2021-11-01,20949,3816,GitHub/Geal/nom,14
2021-11-01,20949,1150,GitHub/Geal/nom,1
2021-11-01,20949,3828,GitHub/Geal/nom,1
2021-11-01,20949,3822,GitHub/Geal/nom,1
2021-11-01,20949,3832,GitHub/Geal/nom,1
2021-11-01,20949,611,GitHub/Geal/nom,3
2021-11-01,20949,3841,GitHub/Geal/nom,1
2021-11-01,20949,3831,GitHub/Geal/nom,1
2021-11-01,20949,3826,GitHub/Geal/nom,1
2021-11-01,20949,3205,GitHub/Geal/nom,1
2021-11-01,20949,3819,GitHub/Geal/nom,1
2021-11-01,20949,3672,GitHub/Geal/nom,1
2021-11-01,20949,3471,GitHub/Geal/nom,1
2021-11-01,20949,3833,GitHub/Geal/nom,1
2021-11-01,20949,3824,GitHub/Geal/nom,1
2021-11-01,20949,3823,GitHub/Geal/nom,1
2021-11-01,21282,2874,GitHub/bluss/arrayvec,1
2021-11-01,21282,3106,GitHub/bluss/arrayvec,1
2021-11-01,21282,3101,GitHub/bluss/arrayvec,2
2021-11-01,21282,3103,GitHub/bluss/arrayvec,4
2021-11-01,21282,3104,GitHub/bluss/arrayvec,1
2021-11-01,21282,268,GitHub/bluss/arrayvec,54
2021-11-01,21282,3105,GitHub/bluss/arrayvec,2
2021-11-01,21282,3025,GitHub/bluss/arrayvec,1
2021-11-01,21282,3051,GitHub/bluss/arrayvec,3
2021-11-01,21282,3100,GitHub/bluss/arrayvec,2
2021-11-01,21445,1373,GitHub/marshallpierce/rust-base64,4
2021-11-01,21445,1281,GitHub/marshallpierce/rust-base64,24
2021-11-01,21445,2967,GitHub/marshallpierce/rust-base64,2
2021-11-01,21445,3939,GitHub/marshallpierce/rust-base64,1
2021-11-01,21445,2866,GitHub/marshallpierce/rust-base64,1
2021-11-01,22724,3020,GitHub/rust-lang/log,2
2021-11-01,22724,3044,GitHub/rust-lang/log,16
2021-11-01,22724,1964,GitHub/rust-lang/log,1
2021-11-01,22724,4484,GitHub/rust-lang/log,3
2021-11-01,22724,3037,GitHub/rust-lang/log,1
2021-11-01,22724,4485,GitHub/rust-lang/log,1
2021-11-01,22724,2945,GitHub/rust-lang/log,2
2021-11-01,22724,8,GitHub/rust-lang/log,1
2021-11-01,22724,3113,GitHub/rust-lang/log,3
2021-11-01,22804,2866,GitHub/alexcrichton/cfg-if,1
2021-11-01,23287,1476,GitHub/rust-itertools/itertools,1
2021-11-01,23287,4101,GitHub/rust-itertools/itertools,1
2021-11-01,23287,4089,GitHub/rust-itertools/itertools,3
2021-11-01,23287,2866,GitHub/rust-itertools/itertools,3
2021-11-01,23287,4090,GitHub/rust-itertools/itertools,1
2021-11-01,23287,4092,GitHub/rust-itertools/itertools,1
2021-11-01,23287,4091,GitHub/rust-itertools/itertools,3
2021-11-01,23287,4093,GitHub/rust-itertools/itertools,6
2021-11-01,23287,4068,GitHub/rust-itertools/itertools,15
2021-11-01,23287,2896,GitHub/rust-itertools/itertools,1
2021-11-01,23287,4095,GitHub/rust-itertools/itertools,7
2021-11-01,23287,4088,GitHub/rust-itertools/itertools,8
2021-11-01,23287,4096,GitHub/rust-itertools/itertools,7
2021-11-01,23287,4087,GitHub/rust-itertools/itertools,4
2021-11-01,23287,4002,GitHub/rust-itertools/itertools,3
2021-11-01,23287,4099,GitHub/rust-itertools/itertools,1
2021-11-01,23287,4094,GitHub/rust-itertools/itertools,2
2021-11-01,23287,4086,GitHub/rust-itertools/itertools,2
2021-11-01,23287,4076,GitHub/rust-itertools/itertools,1
2021-11-01,23287,1484,GitHub/rust-itertools/itertools,15
2021-11-01,23287,1478,GitHub/rust-itertools/itertools,1
2021-11-01,23287,1479,GitHub/rust-itertools/itertools,2
2021-11-01,23287,2967,GitHub/rust-itertools/itertools,1
2021-11-01,23287,4098,GitHub/rust-itertools/itertools,1
2021-11-01,23287,3948,GitHub/rust-itertools/itertools,1
2021-11-01,24455,4746,GitHub/serde-rs/json,1
2021-11-01,24455,4750,GitHub/serde-rs/json,1
2021-11-01,24455,4749,GitHub/serde-rs/json,1
2021-11-01,24455,4751,GitHub/serde-rs/json,1
2021-11-01,24455,3835,GitHub/serde-rs/json,1
2021-11-01,24455,2912,GitHub/serde-rs/json,68
2021-11-01,24455,1910,GitHub/serde-rs/json,10
2021-11-01,24455,3049,GitHub/serde-rs/json,1
2021-11-01,24455,2292,GitHub/serde-rs/json,1
2021-11-01,24455,4747,GitHub/serde-rs/json,2
2021-11-01,24455,4707,GitHub/serde-rs/json,1
2021-11-01,24455,3156,GitHub/serde-rs/json,1
2021-11-01,24455,1476,GitHub/serde-rs/json,3
2021-11-01,25976,4555,GitHub/rust-lang/regex,1
2021-11-01,25976,287,GitHub/rust-lang/regex,1
2021-11-01,25976,2866,GitHub/rust-lang/regex,2
2021-11-01,25976,4571,GitHub/rust-lang/regex,1
2021-11-01,25976,4554,GitHub/rust-lang/regex,1
2021-11-01,25976,3156,GitHub/rust-lang/regex,2
2021-11-01,25976,3043,GitHub/rust-lang/regex,44
2021-11-01,25976,3835,GitHub/rust-lang/regex,1
2021-11-01,26074,3188,GitHub/paholg/typenum,2
2021-11-01,26074,3999,GitHub/paholg/typenum,3
2021-11-01,26074,3614,GitHub/paholg/typenum,34
2021-11-01,28336,4007,GitHub/RustCrypto/traits,1
2021-11-01,28336,4014,GitHub/RustCrypto/traits,1
2021-11-01,28336,3189,GitHub/RustCrypto/traits,14
2021-11-01,28336,4008,GitHub/RustCrypto/traits,225
2021-11-01,28336,4013,GitHub/RustCrypto/traits,1
2021-11-01,28336,4012,GitHub/RustCrypto/traits,1
2021-11-01,28336,4015,GitHub/RustCrypto/traits,1
2021-11-01,28336,1373,GitHub/RustCrypto/traits,2
2021-11-01,28705,717,GitHub/dguo/strsim-rs,1
2021-11-01,28705,707,GitHub/dguo/strsim-rs,1
2021-11-01,28877,3173,GitHub/unicode-rs/unicode-xid,6
2021-11-01,28877,2912,GitHub/unicode-rs/unicode-xid,2
2021-11-01,28877,2609,GitHub/unicode-rs/unicode-xid,3
2021-11-01,30968,2343,GitHub/SergioBenitez/version_check,8
2021-11-01,30968,3025,GitHub/SergioBenitez/version_check,1
2021-11-01,32560,2866,GitHub/BurntSushi/memchr,1
2021-11-01,32560,2969,GitHub/BurntSushi/memchr,2
2021-11-01,32560,3809,GitHub/BurntSushi/memchr,1
2021-11-01,32560,2867,GitHub/BurntSushi/memchr,1
2021-11-01,32560,3043,GitHub/BurntSushi/memchr,14
2021-11-01,33435,3491,GitHub/dtolnay/itoa,2
2021-11-01,33435,2912,GitHub/dtolnay/itoa,10
2021-11-01,34191,4014,GitHub/RustCrypto/utils,1
2021-11-01,34191,3189,GitHub/RustCrypto/utils,23
2021-11-01,34191,2909,GitHub/RustCrypto/utils,1
2021-11-01,34191,4008,GitHub/RustCrypto/utils,319
2021-11-01,34191,4035,GitHub/RustCrypto/utils,1
2021-11-01,34191,1399,GitHub/RustCrypto/utils,1
2021-11-01,34191,4011,GitHub/RustCrypto/utils,3
2021-11-01,34191,1398,GitHub/RustCrypto/utils,1
2021-11-01,34191,4034,GitHub/RustCrypto/utils,1
2021-11-01,34191,4033,GitHub/RustCrypto/utils,1
2021-11-01,34831,4350,GitHub/rust-lang/futures-rs,2
2021-11-01,34831,1799,GitHub/rust-lang/futures-rs,1
2021-11-01,34831,2969,GitHub/rust-lang/futures-rs,120
2021-11-01,34831,4349,GitHub/rust-lang/futures-rs,2
2021-11-01,34831,4358,GitHub/rust-lang/futures-rs,1
2021-11-01,34831,4357,GitHub/rust-lang/futures-rs,1
2021-11-01,34831,4420,GitHub/rust-lang/futures-rs,1
2021-11-01,34831,1876,GitHub/rust-lang/futures-rs,1
2021-11-01,34831,4356,GitHub/rust-lang/futures-rs,2
2021-11-01,34831,3147,GitHub/rust-lang/futures-rs,10
2021-11-01,34831,4353,GitHub/rust-lang/futures-rs,2
2021-11-01,34831,3031,GitHub/rust-lang/futures-rs,2
2021-11-01,34831,1795,GitHub/rust-lang/futures-rs,1
2021-11-01,34831,1785,GitHub/rust-lang/futures-rs,2
2021-11-01,34831,3859,GitHub/rust-lang/futures-rs,1
2021-11-01,34831,204,GitHub/rust-lang/futures-rs,1
2021-11-01,34831,4347,GitHub/rust-lang/futures-rs,1
2021-11-01,34831,1798,GitHub/rust-lang/futures-rs,1
2021-11-01,34831,3393,GitHub/rust-lang/futures-rs,2
2021-11-01,34831,1780,GitHub/rust-lang/futures-rs,1
2021-11-01,34831,4346,GitHub/rust-lang/futures-rs,1
2021-11-01,34831,1792,GitHub/rust-lang/futures-rs,2
2021-11-01,34831,3824,GitHub/rust-lang/futures-rs,3
2021-11-01,34831,4355,GitHub/rust-lang/futures-rs,2
2021-11-01,34831,3037,GitHub/rust-lang/futures-rs,33
2021-11-01,34831,3194,GitHub/rust-lang/futures-rs,1
2021-11-01,34831,3106,GitHub/rust-lang/futures-rs,2
2021-11-01,34831,4351,GitHub/rust-lang/futures-rs,2
2021-11-01,34831,4240,GitHub/rust-lang/futures-rs,1
2021-11-01,34831,1794,GitHub/rust-lang/futures-rs,1
2021-11-01,34831,4352,GitHub/rust-lang/futures-rs,2
2021-11-01,34831,168,GitHub/rust-lang/futures-rs,2
2021-11-01,35574,3173,GitHub/unicode-rs/unicode-normalization,8
2021-11-01,35574,4979,GitHub/unicode-rs/unicode-normalization,1
2021-11-01,35574,3106,GitHub/unicode-rs/unicode-normalization,1
2021-11-01,35574,3969,GitHub/unicode-rs/unicode-normalization,10
2021-11-01,35737,3025,GitHub/cuviper/autocfg,1
2021-11-01,36114,4885,GitHub/SimonSapin/rust-std-candidates,2
2021-11-01,36114,3413,GitHub/SimonSapin/rust-std-candidates,2
2021-11-01,36424,2950,GitHub/steveklabnik/semver-parser,3
2021-11-01,37083,2866,GitHub/BurntSushi/termcolor,1
2021-11-01,37083,3226,GitHub/BurntSushi/termcolor,1
2021-11-01,37101,2866,GitHub/Gilnaa/memoffset,1
2021-11-01,37101,3876,GitHub/Gilnaa/memoffset,1
2021-11-01,37101,3870,GitHub/Gilnaa/memoffset,9
2021-11-01,37101,3013,GitHub/Gilnaa/memoffset,9
2021-11-01,37612,2912,GitHub/dtolnay/quote,31
2021-11-01,37844,4270,GitHub/softprops/atty,1
2021-11-01,37844,4894,GitHub/softprops/atty,1
2021-11-01,38667,268,GitHub/bluss/indexmap,1
2021-11-01,38667,2969,GitHub/bluss/indexmap,2
2021-11-01,38667,3025,GitHub/bluss/indexmap,29
2021-11-01,38667,3154,GitHub/bluss/indexmap,1
2021-11-01,38667,339,GitHub/bluss/indexmap,1
2021-11-01,38667,3156,GitHub/bluss/indexmap,1
2021-11-01,38667,3153,GitHub/bluss/indexmap,3
2021-11-01,39779,4911,GitHub/time-rs/time,1
2021-11-01,39779,3025,GitHub/time-rs/time,1
2021-11-01,39779,4910,GitHub/time-rs/time,1
2021-11-01,39779,3598,GitHub/time-rs/time,2
2021-11-01,39779,3494,GitHub/time-rs/time,1
2021-11-01,39779,4909,GitHub/time-rs/time,1
2021-11-01,39779,4912,GitHub/time-rs/time,1
2021-11-01,39779,3951,GitHub/time-rs/time,260
2021-11-01,39779,4908,GitHub/time-rs/time,1
2021-11-01,39779,4944,GitHub/time-rs/time,1
2021-11-01,40494,3173,GitHub/servo/unicode-bidi,5
2021-11-01,40494,4586,GitHub/servo/unicode-bidi,1
2021-11-01,40494,4885,GitHub/servo/unicode-bidi,6
2021-11-01,40494,2988,GitHub/servo/unicode-bidi,5
2021-11-01,40796,3451,GitHub/cryptocorrosion/cryptocorrosion,1
2021-11-01,40796,3450,GitHub/cryptocorrosion/cryptocorrosion,1
2021-11-01,40796,3448,GitHub/cryptocorrosion/cryptocorrosion,34
2021-11-01,40937,2912,GitHub/dtolnay/semver,102
2021-11-01,40937,2969,GitHub/dtolnay/semver,1
2021-11-01,40937,2970,GitHub/dtolnay/semver,1
2021-11-01,40937,3522,GitHub/dtolnay/semver,2
2021-11-01,41752,2428,GitHub/servo/rust-url,25
2021-11-01,41752,4873,GitHub/servo/rust-url,1
2021-11-01,41752,3156,GitHub/servo/rust-url,1
2021-11-01,41752,4874,GitHub/servo/rust-url,2
2021-11-01,41752,3413,GitHub/servo/rust-url,1
2021-11-01,41752,3471,GitHub/servo/rust-url,15
2021-11-01,41752,3173,GitHub/servo/rust-url,3
2021-11-01,41752,4870,GitHub/servo/rust-url,4
2021-11-01,41752,3481,GitHub/servo/rust-url,11
2021-11-01,41752,4872,GitHub/servo/rust-url,1
2021-11-01,41752,3621,GitHub/servo/rust-url,1
2021-11-01,41752,3835,GitHub/servo/rust-url,1
2021-11-01,41752,4871,GitHub/servo/rust-url,1
2021-11-01,41752,3194,GitHub/servo/rust-url,3
2021-11-01,41957,339,GitHub/dtolnay/proc-macro2,2
2021-11-01,41957,2912,GitHub/dtolnay/proc-macro2,71
2021-11-01,41957,3494,GitHub/dtolnay/proc-macro2,1
2021-11-01,41957,3495,GitHub/dtolnay/proc-macro2,1
2021-11-01,42413,2912,GitHub/dtolnay/ryu,7
2021-11-01,42655,4609,GitHub/rust-lang/socket2,1
2021-11-01,42655,4589,GitHub/rust-lang/socket2,1
2021-11-01,42655,3044,GitHub/rust-lang/socket2,1
2021-11-01,42655,4604,GitHub/rust-lang/socket2,1
2021-11-01,42655,3210,GitHub/rust-lang/socket2,5
2021-11-01,42655,4599,GitHub/rust-lang/socket2,1
2021-11-01,42655,3113,GitHub/rust-lang/socket2,33
2021-11-01,42655,4606,GitHub/rust-lang/socket2,4
2021-11-01,42655,4607,GitHub/rust-lang/socket2,1
2021-11-01,42655,4601,GitHub/rust-lang/socket2,3
2021-11-01,42655,4605,GitHub/rust-lang/socket2,1
2021-11-01,42655,4603,GitHub/rust-lang/socket2,1
2021-11-01,42655,3030,GitHub/rust-lang/socket2,1
2021-11-01,42655,2942,GitHub/rust-lang/socket2,1
2021-11-01,42655,168,GitHub/rust-lang/socket2,3
2021-11-01,42655,4602,GitHub/rust-lang/socket2,5
2021-11-01,42655,1799,GitHub/rust-lang/socket2,7
2021-11-01,42655,3183,GitHub/rust-lang/socket2,1
2021-11-01,42655,3067,GitHub/rust-lang/socket2,3
2021-11-01,42655,4600,GitHub/rust-lang/socket2,2
2021-11-01,42677,2613,GitHub/withoutboats/heck,1
2021-11-01,42677,3556,GitHub/withoutboats/heck,1
2021-11-01,42677,1476,GitHub/withoutboats/heck,5
2021-11-01,44362,4450,GitHub/rust-lang/hashbrown,9
2021-11-01,44362,4454,GitHub/rust-lang/hashbrown,1
2021-11-01,44362,2866,GitHub/rust-lang/hashbrown,2
2021-11-01,44362,3063,GitHub/rust-lang/hashbrown,1
2021-11-01,44362,4090,GitHub/rust-lang/hashbrown,15
2021-11-01,44362,2990,GitHub/rust-lang/hashbrown,9
2021-11-01,44362,4453,GitHub/rust-lang/hashbrown,2
2021-11-01,44362,3195,GitHub/rust-lang/hashbrown,2
2021-11-01,44362,3147,GitHub/rust-lang/hashbrown,2
2021-11-01,44362,4448,GitHub/rust-lang/hashbrown,1
2021-11-01,44362,4452,GitHub/rust-lang/hashbrown,1
2021-11-01,44362,1919,GitHub/rust-lang/hashbrown,2
2021-11-01,44362,204,GitHub/rust-lang/hashbrown,31
2021-11-01,44362,2992,GitHub/rust-lang/hashbrown,1
2021-11-01,44362,4451,GitHub/rust-lang/hashbrown,1
2021-11-01,44362,2968,GitHub/rust-lang/hashbrown,20
2021-11-01,44362,4447,GitHub/rust-lang/hashbrown,3
2021-11-01,44362,3180,GitHub/rust-lang/hashbrown,3
2021-11-01,44362,3156,GitHub/rust-lang/hashbrown,2
2021-11-01,44362,3025,GitHub/rust-lang/hashbrown,9
2021-11-01,44362,3011,GitHub/rust-lang/hashbrown,1
2021-11-01,45748,873,GitHub/dtolnay/thiserror,1
2021-11-01,45748,3604,GitHub/dtolnay/thiserror,4
2021-11-01,45748,2912,GitHub/dtolnay/thiserror,56
2021-11-01,45748,2897,GitHub/dtolnay/thiserror,1
2021-11-01,46027,119,GitHub/alexcrichton/toml-rs,1
2021-11-01,46027,2967,GitHub/alexcrichton/toml-rs,1
2021-11-01,46027,2877,GitHub/alexcrichton/toml-rs,1
2021-11-01,46027,2875,GitHub/alexcrichton/toml-rs,3
2021-11-01,46178,3117,GitHub/rust-lang-nursery/lazy-static.rs,1
2021-11-01,46178,3044,GitHub/rust-lang-nursery/lazy-static.rs,3
2021-11-01,48512,3189,GitHub/rust-random/getrandom,10
2021-11-01,48512,2240,GitHub/rust-random/getrandom,1
2021-11-01,48512,4692,GitHub/rust-random/getrandom,26
2021-11-01,48512,4705,GitHub/rust-random/getrandom,1
2021-11-01,48512,3156,GitHub/rust-random/getrandom,1
2021-11-01,48512,4700,GitHub/rust-random/getrandom,2
2021-11-01,49067,3025,GitHub/Amanieu/thread_local-rs,1
2021-11-01,49067,3038,GitHub/Amanieu/thread_local-rs,16
2021-11-01,49067,204,GitHub/Amanieu/thread_local-rs,1
2021-11-01,49067,2968,GitHub/Amanieu/thread_local-rs,11
2021-11-01,49075,4496,GitHub/rust-lang/pkg-config-rs,3
2021-11-01,49075,2945,GitHub/rust-lang/pkg-config-rs,1
2021-11-01,49075,2866,GitHub/rust-lang/pkg-config-rs,1
2021-11-01,49075,4498,GitHub/rust-lang/pkg-config-rs,1
2021-11-01,49075,3194,GitHub/rust-lang/pkg-config-rs,10
2021-11-01,49075,2909,GitHub/rust-lang/pkg-config-rs,4
2021-11-01,52462,898,GitHub/Frommi/miniz_oxide,2
2021-11-01,52462,3628,GitHub/Frommi/miniz_oxide,1
2021-11-01,52465,3105,GitHub/fizyk20/generic-array,6
2021-11-01,52465,3606,GitHub/fizyk20/generic-array,9
2021-11-01,52465,3621,GitHub/fizyk20/generic-array,1
2021-12-01,602,4993,GitHub/unicode-rs/unicode-segmentation,1
2021-12-01,602,3173,GitHub/unicode-rs/unicode-segmentation,10
2021-12-01,602,3835,GitHub/unicode-rs/unicode-segmentation,1
2021-12-01,602,4991,GitHub/unicode-rs/unicode-segmentation,5
2021-12-01,602,4992,GitHub/unicode-rs/unicode-segmentation,4
2021-12-01,602,155,GitHub/unicode-rs/unicode-segmentation,1
2021-12-01,626,3918,GitHub/hyperium/http,1
2021-12-01,626,3916,GitHub/hyperium/http,1
2021-12-01,626,3914,GitHub/hyperium/http,1
2021-12-01,626,3598,GitHub/hyperium/http,1
2021-12-01,626,3878,GitHub/hyperium/http,3
2021-12-01,626,3915,GitHub/hyperium/http,1
2021-12-01,626,3919,GitHub/hyperium/http,1
2021-12-01,626,3913,GitHub/hyperium/http,2
2021-12-01,626,1246,GitHub/hyperium/http,2
2021-12-01,626,1252,GitHub/hyperium/http,1
2021-12-01,626,2888,GitHub/hyperium/http,1
2021-12-01,626,3835,GitHub/hyperium/http,1
2021-12-01,3150,4009,GitHub/seanmonstar/num_cpus,1
2021-12-01,3150,2866,GitHub/seanmonstar/num_cpus,1
2021-12-01,3509,5000,GitHub/unicode-rs/unicode-width,1
2021-12-01,3509,3173,GitHub/unicode-rs/unicode-width,1
2021-12-01,4484,2866,GitHub/BurntSushi/byteorder,1
2021-12-01,4484,3043,GitHub/BurntSushi/byteorder,11
2021-12-01,4484,3185,GitHub/BurntSushi/byteorder,1
2021-12-01,4484,373,GitHub/BurntSushi/byteorder,1
2021-12-01,4484,3104,GitHub/BurntSushi/byteorder,1
2021-12-01,4733,3020,GitHub/dtolnay/syn,1
2021-12-01,4733,2912,GitHub/dtolnay/syn,298
2021-12-01,4733,3560,GitHub/dtolnay/syn,1
2021-12-01,4733,3561,GitHub/dtolnay/syn,1
2021-12-01,4733,2969,GitHub/dtolnay/syn,3
2021-12-01,5249,4899,GitHub/taiki-e/pin-project-lite,35
2021-12-01,5249,1799,GitHub/taiki-e/pin-project-lite,2
2021-12-01,5249,2969,GitHub/taiki-e/pin-project-lite,106
2021-12-01,5249,3180,GitHub/taiki-e/pin-project-lite,1
2021-12-01,5249,204,GitHub/taiki-e/pin-project-lite,4
2021-12-01,6681,3471,GitHub/djc/rustc-version-rs,50
2021-12-01,6681,2912,GitHub/djc/rustc-version-rs,1
2021-12-01,7322,4818,GitHub/servo/rust-smallvec,1
2021-12-01,7322,4817,GitHub/servo/rust-smallvec,1
2021-12-01,7322,4133,GitHub/servo/rust-smallvec,2
2021-12-01,7322,2377,GitHub/servo/rust-smallvec,1
2021-12-01,7322,2988,GitHub/servo/rust-smallvec,5
2021-12-01,7322,3165,GitHub/servo/rust-smallvec,1
2021-12-01,7415,3177,GitHub/BurntSushi/aho-corasick,1
2021-12-01,7415,3043,GitHub/BurntSushi/aho-corasick,10
2021-12-01,7415,2866,GitHub/BurntSushi/aho-corasick,1
2021-12-01,7415,3176,GitHub/BurntSushi/aho-corasick,1
2021-12-01,12228,2945,GitHub/seanmonstar/httparse,1
2021-12-01,12228,3921,GitHub/seanmonstar/httparse,1
2021-12-01,12228,1252,GitHub/seanmonstar/httparse,4
2021-12-01,12228,3835,GitHub/seanmonstar/httparse,1
2021-12-01,12228,4718,GitHub/seanmonstar/httparse,1
2021-12-01,12228,3387,GitHub/seanmonstar/httparse,1
2021-12-01,12228,3878,GitHub/seanmonstar/httparse,13
2021-12-01,12266,218,GitHub/bitflags/bitflags,1
2021-12-01,12266,3060,GitHub/bitflags/bitflags,3
2021-12-01,12266,3048,GitHub/bitflags/bitflags,9
2021-12-01,12266,3046,GitHub/bitflags/bitflags,1
2021-12-01,12266,3047,GitHub/bitflags/bitflags,1
2021-12-01,12266,3044,GitHub/bitflags/bitflags,52
2021-12-01,12266,3049,GitHub/bitflags/bitflags,2
2021-12-01,12266,2969,GitHub/bitflags/bitflags,1
2021-12-01,12266,3011,GitHub/bitflags/bitflags,1
2021-12-01,12842,4971,GitHub/tokio-rs/slab,1
2021-12-01,12842,1476,GitHub/tokio-rs/slab,1
2021-12-01,12842,4372,GitHub/tokio-rs/slab,1
2021-12-01,12842,2571,GitHub/tokio-rs/slab,2
2021-12-01,12842,3436,GitHub/tokio-rs/slab,1
2021-12-01,12842,4973,GitHub/tokio-rs/slab,1
2021-12-01,12842,4974,GitHub/tokio-rs/slab,1
2021-12-01,12842,4602,GitHub/tokio-rs/slab,1
2021-12-01,12842,3557,GitHub/tokio-rs/slab,1
2021-12-01,12842,2969,GitHub/tokio-rs/slab,24
2021-12-01,13804,3482,GitHub/dtolnay/anyhow,1
2021-12-01,13804,3011,GitHub/dtolnay/anyhow,2
2021-12-01,13804,2240,GitHub/dtolnay/anyhow,1
2021-12-01,13804,3147,GitHub/dtolnay/anyhow,1
2021-12-01,13804,2912,GitHub/dtolnay/anyhow,160
2021-12-01,13804,3362,GitHub/dtolnay/anyhow,1
2021-12-01,13804,3481,GitHub/dtolnay/anyhow,3
2021-12-01,13804,3480,GitHub/dtolnay/anyhow,1
2021-12-01,14306,3025,GitHub/rust-num/num-integer,2
2021-12-01,16183,3217,GitHub/rust-lang/cc-rs,1
2021-12-01,16183,1579,GitHub/rust-lang/cc-rs,1
2021-12-01,16183,4179,GitHub/rust-lang/cc-rs,1
2021-12-01,16183,4177,GitHub/rust-lang/cc-rs,1
2021-12-01,16183,3214,GitHub/rust-lang/cc-rs,1
2021-12-01,16183,4174,GitHub/rust-lang/cc-rs,1
2021-12-01,16183,4173,GitHub/rust-lang/cc-rs,1
2021-12-01,16183,3969,GitHub/rust-lang/cc-rs,1
2021-12-01,16183,3156,GitHub/rust-lang/cc-rs,1
2021-12-01,16183,4135,GitHub/rust-lang/cc-rs,1
2021-12-01,16183,1651,GitHub/rust-lang/cc-rs,2
2021-12-01,16183,1580,GitHub/rust-lang/cc-rs,2
2021-12-01,16183,3112,GitHub/rust-lang/cc-rs,1
2021-12-01,16183,2866,GitHub/rust-lang/cc-rs,1
2021-12-01,16183,4175,GitHub/rust-lang/cc-rs,1
2021-12-01,16183,4180,GitHub/rust-lang/cc-rs,1
2021-12-01,16183,1581,GitHub/rust-lang/cc-rs,1
2021-12-01,16183,1570,GitHub/rust-lang/cc-rs,1
2021-12-01,16183,3575,GitHub/rust-lang/cc-rs,2
2021-12-01,16183,4178,GitHub/rust-lang/cc-rs,1
2021-12-01,16183,4182,GitHub/rust-lang/cc-rs,2
2021-12-01,16183,1575,GitHub/rust-lang/cc-rs,1
2021-12-01,16183,3718,GitHub/rust-lang/cc-rs,1
2021-12-01,16183,1577,GitHub/rust-lang/cc-rs,1
2021-12-01,16183,2867,GitHub/rust-lang/cc-rs,8
2021-12-01,16183,2969,GitHub/rust-lang/cc-rs,1
2021-12-01,16183,4176,GitHub/rust-lang/cc-rs,1
2021-12-01,16183,4171,GitHub/rust-lang/cc-rs,1
2021-12-01,16259,3037,GitHub/rust-num/num-traits,1
2021-12-01,16259,3808,GitHub/rust-num/num-traits,3
2021-12-01,16259,4679,GitHub/rust-num/num-traits,2
2021-12-01,16259,3025,GitHub/rust-num/num-traits,1
2021-12-01,16259,2874,GitHub/rust-num/num-traits,2
2021-12-01,16259,3188,GitHub/rust-num/num-traits,3
2021-12-01,16492,3806,GitHub/tokio-rs/bytes,1
2021-12-01,16492,2539,GitHub/tokio-rs/bytes,1
2021-12-01,16492,4372,GitHub/tokio-rs/bytes,5
2021-12-01,16492,4946,GitHub/tokio-rs/bytes,1
2021-12-01,16492,4972,GitHub/tokio-rs/bytes,1
2021-12-01,16492,2537,GitHub/tokio-rs/bytes,1
2021-12-01,16492,4945,GitHub/tokio-rs/bytes,1
2021-12-01,16492,3904,GitHub/tokio-rs/bytes,1
2021-12-01,16492,3170,GitHub/tokio-rs/bytes,1
2021-12-01,16492,3965,GitHub/tokio-rs/bytes,1
2021-12-01,16492,3147,GitHub/tokio-rs/bytes,4
2021-12-01,16492,2969,GitHub/tokio-rs/bytes,3
2021-12-01,16492,2240,GitHub/tokio-rs/bytes,1
2021-12-01,16492,168,GitHub/tokio-rs/bytes,1
2021-12-01,17630,2866,GitHub/bluss/either,1
2021-12-01,17630,3120,GitHub/bluss/either,3
2021-12-01,17630,3025,GitHub/bluss/either,1
2021-12-01,17630,304,GitHub/bluss/either,3
2021-12-01,17721,2970,GitHub/matklad/once_cell,13
2021-12-01,17721,3945,GitHub/matklad/once_cell,1
2021-12-01,17721,3195,GitHub/matklad/once_cell,3
2021-12-01,17721,3598,GitHub/matklad/once_cell,3
2021-12-01,17721,3944,GitHub/matklad/once_cell,1
2021-12-01,17721,3965,GitHub/matklad/once_cell,1
2021-12-01,18006,3074,GitHub/crossbeam-rs/crossbeam,9
2021-12-01,18006,3375,GitHub/crossbeam-rs/crossbeam,2
2021-12-01,18006,599,GitHub/crossbeam-rs/crossbeam,8
2021-12-01,18006,3372,GitHub/crossbeam-rs/crossbeam,2
2021-12-01,18006,3377,GitHub/crossbeam-rs/crossbeam,3
2021-12-01,18006,2942,GitHub/crossbeam-rs/crossbeam,1
2021-12-01,18006,2969,GitHub/crossbeam-rs/crossbeam,81
2021-12-01,18006,3374,GitHub/crossbeam-rs/crossbeam,1
2021-12-01,18006,3370,GitHub/crossbeam-rs/crossbeam,3
2021-12-01,18006,3371,GitHub/crossbeam-rs/crossbeam,6
2021-12-01,18006,3373,GitHub/crossbeam-rs/crossbeam,1
2021-12-01,18006,3376,GitHub/crossbeam-rs/crossbeam,2
2021-12-01,19184,2968,GitHub/bluss/scopeguard,2
2021-12-01,19184,3166,GitHub/bluss/scopeguard,3
2021-12-01,19184,2866,GitHub/bluss/scopeguard,1
2021-12-01,19468,4792,GitHub/servo/rust-fnv,1
2021-12-01,20410,3973,GitHub/mgeisler/textwrap,1
2021-12-01,20410,3975,GitHub/mgeisler/textwrap,1
2021-12-01,20410,3971,GitHub/mgeisler/textwrap,1
2021-12-01,20410,2873,GitHub/mgeisler/textwrap,1
2021-12-01,20410,3972,GitHub/mgeisler/textwrap,2
2021-12-01,20410,3974,GitHub/mgeisler/textwrap,1
2021-12-01,20410,2872,GitHub/mgeisler/textwrap,241
2021-12-01,20699,3012,GitHub/Amanieu/parking_lot,7
2021-12-01,20699,3013,GitHub/Amanieu/parking_lot,1
2021-12-01,20699,3014,GitHub/Amanieu/parking_lot,1
2021-12-01,20699,168,GitHub/Amanieu/parking_lot,3
2021-12-01,20699,3015,GitHub/Amanieu/parking_lot,1
2021-12-01,20699,2968,GitHub/Amanieu/parking_lot,20
2021-12-01,20699,3011,GitHub/Amanieu/parking_lot,2
2021-12-01,20699,3010,GitHub/Amanieu/parking_lot,2
2021-12-01,20949,3666,GitHub/Geal/nom,1
2021-12-01,20949,3046,GitHub/Geal/nom,1
2021-12-01,20949,3229,GitHub/Geal/nom,1
2021-12-01,20949,3841,GitHub/Geal/nom,1
2021-12-01,20949,3831,GitHub/Geal/nom,1
2021-12-01,20949,3826,GitHub/Geal/nom,1
2021-12-01,20949,3534,GitHub/Geal/nom,86
2021-12-01,20949,3818,GitHub/Geal/nom,3
2021-12-01,20949,3820,GitHub/Geal/nom,1
2021-12-01,20949,3836,GitHub/Geal/nom,1
2021-12-01,20949,3825,GitHub/Geal/nom,2
2021-12-01,20949,3838,GitHub/Geal/nom,1
2021-12-01,20949,3205,GitHub/Geal/nom,1
2021-12-01,20949,3819,GitHub/Geal/nom,1
2021-12-01,20949,3839,GitHub/Geal/nom,2
2021-12-01,20949,3837,GitHub/Geal/nom,1
2021-12-01,20949,3829,GitHub/Geal/nom,2
2021-12-01,20949,3672,GitHub/Geal/nom,1
2021-12-01,20949,3221,GitHub/Geal/nom,1
2021-12-01,20949,1142,GitHub/Geal/nom,3
2021-12-01,20949,3834,GitHub/Geal/nom,1
2021-12-01,20949,3827,GitHub/Geal/nom,1
2021-12-01,20949,3471,GitHub/Geal/nom,1
2021-12-01,20949,2899,GitHub/Geal/nom,23
2021-12-01,20949,3833,GitHub/Geal/nom,1
2021-12-01,20949,3835,GitHub/Geal/nom,1
2021-12-01,20949,3821,GitHub/Geal/nom,1
2021-12-01,20949,3824,GitHub/Geal/nom,1
2021-12-01,20949,2909,GitHub/Geal/nom,1
2021-12-01,20949,3830,GitHub/Geal/nom,1
2021-12-01,20949,3823,GitHub/Geal/nom,1
2021-12-01,20949,1150,GitHub/Geal/nom,1
2021-12-01,20949,3816,GitHub/Geal/nom,14
2021-12-01,20949,3828,GitHub/Geal/nom,1
2021-12-01,20949,3822,GitHub/Geal/nom,1
2021-12-01,20949,3832,GitHub/Geal/nom,1
2021-12-01,20949,3817,GitHub/Geal/nom,1
2021-12-01,20949,611,GitHub/Geal/nom,3
2021-12-01,20949,1129,GitHub/Geal/nom,2
2021-12-01,20949,1140,GitHub/Geal/nom,1
2021-12-01,21282,3103,GitHub/bluss/arrayvec,4
2021-12-01,21282,3051,GitHub/bluss/arrayvec,3
2021-12-01,21282,3100,GitHub/bluss/arrayvec,2
2021-12-01,21282,3101,GitHub/bluss/arrayvec,2
2021-12-01,21282,268,GitHub/bluss/arrayvec,56
2021-12-01,21282,3025,GitHub/bluss/arrayvec,1
2021-12-01,21282,2874,GitHub/bluss/arrayvec,1
2021-12-01,21282,3104,GitHub/bluss/arrayvec,1
2021-12-01,21282,3105,GitHub/bluss/arrayvec,2
2021-12-01,21282,3106,GitHub/bluss/arrayvec,1
2021-12-01,21445,1373,GitHub/marshallpierce/rust-base64,4
2021-12-01,21445,3939,GitHub/marshallpierce/rust-base64,1
2021-12-01,21445,1281,GitHub/marshallpierce/rust-base64,24
2021-12-01,21445,2967,GitHub/marshallpierce/rust-base64,2
2021-12-01,21445,2866,GitHub/marshallpierce/rust-base64,1
2021-12-01,22724,8,GitHub/rust-lang/log,1
2021-12-01,22724,4495,GitHub/rust-lang/log,2
2021-12-01,22724,2945,GitHub/rust-lang/log,2
2021-12-01,22724,4484,GitHub/rust-lang/log,4
2021-12-01,22724,3113,GitHub/rust-lang/log,3
2021-12-01,22724,1964,GitHub/rust-lang/log,1
2021-12-01,22724,3037,GitHub/rust-lang/log,1
2021-12-01,22724,3044,GitHub/rust-lang/log,32
2021-12-01,22724,4485,GitHub/rust-lang/log,1
2021-12-01,22724,3020,GitHub/rust-lang/log,2
2021-12-01,22804,2866,GitHub/alexcrichton/cfg-if,1
2021-12-01,23287,4002,GitHub/rust-itertools/itertools,3
2021-12-01,23287,4076,GitHub/rust-itertools/itertools,1
2021-12-01,23287,4101,GitHub/rust-itertools/itertools,1
2021-12-01,23287,4096,GitHub/rust-itertools/itertools,7
2021-12-01,23287,1479,GitHub/rust-itertools/itertools,2
2021-12-01,23287,1484,GitHub/rust-itertools/itertools,15
2021-12-01,23287,4095,GitHub/rust-itertools/itertools,7
2021-12-01,23287,3948,GitHub/rust-itertools/itertools,1
2021-12-01,23287,4094,GitHub/rust-itertools/itertools,2
2021-12-01,23287,2896,GitHub/rust-itertools/itertools,1
2021-12-01,23287,4093,GitHub/rust-itertools/itertools,6
2021-12-01,23287,1478,GitHub/rust-itertools/itertools,1
2021-12-01,23287,2866,GitHub/rust-itertools/itertools,3
2021-12-01,23287,4098,GitHub/rust-itertools/itertools,1
2021-12-01,23287,4091,GitHub/rust-itertools/itertools,3
2021-12-01,23287,4068,GitHub/rust-itertools/itertools,15
2021-12-01,23287,4092,GitHub/rust-itertools/itertools,1
2021-12-01,23287,4090,GitHub/rust-itertools/itertools,1
2021-12-01,23287,4087,GitHub/rust-itertools/itertools,4
2021-12-01,23287,4099,GitHub/rust-itertools/itertools,1
2021-12-01,23287,4088,GitHub/rust-itertools/itertools,8
2021-12-01,23287,4086,GitHub/rust-itertools/itertools,2
2021-12-01,23287,1476,GitHub/rust-itertools/itertools,1
2021-12-01,23287,4089,GitHub/rust-itertools/itertools,3
2021-12-01,23287,2967,GitHub/rust-itertools/itertools,1
2021-12-01,24455,2289,GitHub/serde-rs/json,8
2021-12-01,24455,4746,GitHub/serde-rs/json,1
2021-12-01,24455,4751,GitHub/serde-rs/json,1
2021-12-01,24455,1476,GitHub/serde-rs/json,4
2021-12-01,24455,4749,GitHub/serde-rs/json,1
2021-12-01,24455,3049,GitHub/serde-rs/json,1
2021-12-01,24455,1910,GitHub/serde-rs/json,13
2021-12-01,24455,4713,GitHub/serde-rs/json,4
2021-12-01,24455,4707,GitHub/serde-rs/json,1
2021-12-01,24455,3156,GitHub/serde-rs/json,1
2021-12-01,24455,4747,GitHub/serde-rs/json,2
2021-12-01,24455,2292,GitHub/serde-rs/json,1
2021-12-01,24455,3835,GitHub/serde-rs/json,1
2021-12-01,24455,4750,GitHub/serde-rs/json,1
2021-12-01,24455,4745,GitHub/serde-rs/json,1
2021-12-01,24455,2912,GitHub/serde-rs/json,92
2021-12-01,25976,2089,GitHub/rust-lang/regex,1
2021-12-01,25976,4555,GitHub/rust-lang/regex,1
2021-12-01,25976,2866,GitHub/rust-lang/regex,2
2021-12-01,25976,3835,GitHub/rust-lang/regex,1
2021-12-01,25976,4554,GitHub/rust-lang/regex,1
2021-12-01,25976,287,GitHub/rust-lang/regex,1
2021-12-01,25976,3156,GitHub/rust-lang/regex,2
2021-12-01,25976,4571,GitHub/rust-lang/regex,1
2021-12-01,25976,4587,GitHub/rust-lang/regex,1
2021-12-01,25976,3043,GitHub/rust-lang/regex,44
2021-12-01,25976,3326,GitHub/rust-lang/regex,1
2021-12-01,26074,3999,GitHub/paholg/typenum,3
2021-12-01,26074,3614,GitHub/paholg/typenum,34
2021-12-01,26074,3188,GitHub/paholg/typenum,2
2021-12-01,28336,4007,GitHub/RustCrypto/traits,1
2021-12-01,28336,1373,GitHub/RustCrypto/traits,2
2021-12-01,28336,1369,GitHub/RustCrypto/traits,1
2021-12-01,28336,4014,GitHub/RustCrypto/traits,1
2021-12-01,28336,4015,GitHub/RustCrypto/traits,1
2021-12-01,28336,4012,GitHub/RustCrypto/traits,1
2021-12-01,28336,4013,GitHub/RustCrypto/traits,1
2021-12-01,28336,3189,GitHub/RustCrypto/traits,14
2021-12-01,28336,4008,GitHub/RustCrypto/traits,244
2021-12-01,28705,707,GitHub/dguo/strsim-rs,1
2021-12-01,28705,717,GitHub/dguo/strsim-rs,1
2021-12-01,28877,2912,GitHub/unicode-rs/unicode-xid,2
2021-12-01,28877,3173,GitHub/unicode-rs/unicode-xid,6
2021-12-01,28877,2609,GitHub/unicode-rs/unicode-xid,3
2021-12-01,30968,2343,GitHub/SergioBenitez/version_check,8
2021-12-01,30968,3025,GitHub/SergioBenitez/version_check,1
2021-12-01,32560,3043,GitHub/BurntSushi/memchr,14
2021-12-01,32560,2867,GitHub/BurntSushi/memchr,1
2021-12-01,32560,3809,GitHub/BurntSushi/memchr,1
2021-12-01,32560,2866,GitHub/BurntSushi/memchr,1
2021-12-01,32560,2969,GitHub/BurntSushi/memchr,2
2021-12-01,33435,2912,GitHub/dtolnay/itoa,10
2021-12-01,33435,3491,GitHub/dtolnay/itoa,2
2021-12-01,34191,4008,GitHub/RustCrypto/utils,326
2021-12-01,34191,4014,GitHub/RustCrypto/utils,1
2021-12-01,34191,4031,GitHub/RustCrypto/utils,1
2021-12-01,34191,4032,GitHub/RustCrypto/utils,2
2021-12-01,34191,3189,GitHub/RustCrypto/utils,26
2021-12-01,34191,4011,GitHub/RustCrypto/utils,3
2021-12-01,34191,4035,GitHub/RustCrypto/utils,1
2021-12-01,34191,4009,GitHub/RustCrypto/utils,2
2021-12-01,34191,1399,GitHub/RustCrypto/utils,1
2021-12-01,34191,4033,GitHub/RustCrypto/utils,1
2021-12-01,34191,2909,GitHub/RustCrypto/utils,1
2021-12-01,34191,1396,GitHub/RustCrypto/utils,1
2021-12-01,34191,4034,GitHub/RustCrypto/utils,1
2021-12-01,34191,1398,GitHub/RustCrypto/utils,1
2021-12-01,34831,1785,GitHub/rust-lang/futures-rs,2
2021-12-01,34831,4358,GitHub/rust-lang/futures-rs,1
2021-12-01,34831,4347,GitHub/rust-lang/futures-rs,2
2021-12-01,34831,1780,GitHub/rust-lang/futures-rs,2
2021-12-01,34831,1795,GitHub/rust-lang/futures-rs,1
2021-12-01,34831,3147,GitHub/rust-lang/futures-rs,10
2021-12-01,34831,2969,GitHub/rust-lang/futures-rs,134
2021-12-01,34831,1798,GitHub/rust-lang/futures-rs,1
2021-12-01,34831,1792,GitHub/rust-lang/futures-rs,2
2021-12-01,34831,4353,GitHub/rust-lang/futures-rs,2
2021-12-01,34831,4351,GitHub/rust-lang/futures-rs,2
2021-12-01,34831,4355,GitHub/rust-lang/futures-rs,2
2021-12-01,34831,1799,GitHub/rust-lang/futures-rs,1
2021-12-01,34831,204,GitHub/rust-lang/futures-rs,1
2021-12-01,34831,3037,GitHub/rust-lang/futures-rs,34
2021-12-01,34831,168,GitHub/rust-lang/futures-rs,2
2021-12-01,34831,4240,GitHub/rust-lang/futures-rs,1
2021-12-01,34831,4419,GitHub/rust-lang/futures-rs,2
2021-12-01,34831,4357,GitHub/rust-lang/futures-rs,1
2021-12-01,34831,3393,GitHub/rust-lang/futures-rs,2
2021-12-01,34831,4349,GitHub/rust-lang/futures-rs,2
2021-12-01,34831,4420,GitHub/rust-lang/futures-rs,1
2021-12-01,34831,4352,GitHub/rust-lang/futures-rs,2
2021-12-01,34831,4356,GitHub/rust-lang/futures-rs,2
2021-12-01,34831,3824,GitHub/rust-lang/futures-rs,3
2021-12-01,34831,3859,GitHub/rust-lang/futures-rs,1
2021-12-01,34831,4346,GitHub/rust-lang/futures-rs,2
2021-12-01,34831,3031,GitHub/rust-lang/futures-rs,2
2021-12-01,34831,4350,GitHub/rust-lang/futures-rs,2
2021-12-01,34831,3194,GitHub/rust-lang/futures-rs,1
2021-12-01,34831,3106,GitHub/rust-lang/futures-rs,2
2021-12-01,34831,1794,GitHub/rust-lang/futures-rs,1
2021-12-01,34831,1876,GitHub/rust-lang/futures-rs,1
2021-12-01,35574,3173,GitHub/unicode-rs/unicode-normalization,8
2021-12-01,35574,4979,GitHub/unicode-rs/unicode-normalization,1
2021-12-01,35574,3106,GitHub/unicode-rs/unicode-normalization,1
2021-12-01,35574,3969,GitHub/unicode-rs/unicode-normalization,10
2021-12-01,35737,3025,GitHub/cuviper/autocfg,1
2021-12-01,36114,4885,GitHub/SimonSapin/rust-std-candidates,2
2021-12-01,36114,3413,GitHub/SimonSapin/rust-std-candidates,2
2021-12-01,36424,2950,GitHub/steveklabnik/semver-parser,3
2021-12-01,37083,2866,GitHub/BurntSushi/termcolor,1
2021-12-01,37083,3226,GitHub/BurntSushi/termcolor,1
2021-12-01,37101,2866,GitHub/Gilnaa/memoffset,1
2021-12-01,37101,2970,GitHub/Gilnaa/memoffset,2
2021-12-01,37101,3870,GitHub/Gilnaa/memoffset,10
2021-12-01,37101,3013,GitHub/Gilnaa/memoffset,9
2021-12-01,37101,3876,GitHub/Gilnaa/memoffset,1
2021-12-01,37612,2912,GitHub/dtolnay/quote,33
2021-12-01,37844,4270,GitHub/softprops/atty,1
2021-12-01,37844,4894,GitHub/softprops/atty,1
2021-12-01,38667,339,GitHub/bluss/indexmap,1
2021-12-01,38667,2969,GitHub/bluss/indexmap,2
2021-12-01,38667,3025,GitHub/bluss/indexmap,29
2021-12-01,38667,3153,GitHub/bluss/indexmap,3
2021-12-01,38667,268,GitHub/bluss/indexmap,2
2021-12-01,38667,3152,GitHub/bluss/indexmap,1
2021-12-01,38667,3154,GitHub/bluss/indexmap,1
2021-12-01,38667,3156,GitHub/bluss/indexmap,1
2021-12-01,39779,3598,GitHub/time-rs/time,2
2021-12-01,39779,3025,GitHub/time-rs/time,1
2021-12-01,39779,4909,GitHub/time-rs/time,1
2021-12-01,39779,4910,GitHub/time-rs/time,1
2021-12-01,39779,3951,GitHub/time-rs/time,275
2021-12-01,39779,3494,GitHub/time-rs/time,1
2021-12-01,39779,4944,GitHub/time-rs/time,1
2021-12-01,39779,4908,GitHub/time-rs/time,3
2021-12-01,39779,3059,GitHub/time-rs/time,1
2021-12-01,39779,4911,GitHub/time-rs/time,1
2021-12-01,39779,4912,GitHub/time-rs/time,1
2021-12-01,40494,2988,GitHub/servo/unicode-bidi,5
2021-12-01,40494,3173,GitHub/servo/unicode-bidi,5
2021-12-01,40494,4885,GitHub/servo/unicode-bidi,6
2021-12-01,40494,4586,GitHub/servo/unicode-bidi,1
2021-12-01,40796,3450,GitHub/cryptocorrosion/cryptocorrosion,1
2021-12-01,40796,3448,GitHub/cryptocorrosion/cryptocorrosion,34
2021-12-01,40796,3451,GitHub/cryptocorrosion/cryptocorrosion,1
2021-12-01,40937,2970,GitHub/dtolnay/semver,1
2021-12-01,40937,2912,GitHub/dtolnay/semver,103
2021-12-01,40937,2969,GitHub/dtolnay/semver,1
2021-12-01,40937,3522,GitHub/dtolnay/semver,2
2021-12-01,41752,3156,GitHub/servo/rust-url,1
2021-12-01,41752,2428,GitHub/servo/rust-url,26
2021-12-01,41752,3835,GitHub/servo/rust-url,1
2021-12-01,41752,2434,GitHub/servo/rust-url,5
2021-12-01,41752,3173,GitHub/servo/rust-url,3
2021-12-01,41752,3621,GitHub/servo/rust-url,1
2021-12-01,41752,4874,GitHub/servo/rust-url,2
2021-12-01,41752,3471,GitHub/servo/rust-url,15
2021-12-01,41752,4872,GitHub/servo/rust-url,1
2021-12-01,41752,3481,GitHub/servo/rust-url,11
2021-12-01,41752,4870,GitHub/servo/rust-url,4
2021-12-01,41752,4871,GitHub/servo/rust-url,1
2021-12-01,41752,3413,GitHub/servo/rust-url,1
2021-12-01,41752,4873,GitHub/servo/rust-url,1
2021-12-01,41752,3194,GitHub/servo/rust-url,3
2021-12-01,41957,3494,GitHub/dtolnay/proc-macro2,1
2021-12-01,41957,339,GitHub/dtolnay/proc-macro2,2
2021-12-01,41957,3495,GitHub/dtolnay/proc-macro2,1
2021-12-01,41957,2912,GitHub/dtolnay/proc-macro2,73
2021-12-01,42413,3165,GitHub/dtolnay/ryu,1
2021-12-01,42413,3518,GitHub/dtolnay/ryu,1
2021-12-01,42413,2912,GitHub/dtolnay/ryu,11
2021-12-01,42655,3113,GitHub/rust-lang/socket2,35
2021-12-01,42655,4609,GitHub/rust-lang/socket2,1
2021-12-01,42655,4599,GitHub/rust-lang/socket2,1
2021-12-01,42655,4606,GitHub/rust-lang/socket2,4
2021-12-01,42655,4607,GitHub/rust-lang/socket2,1
2021-12-01,42655,4605,GitHub/rust-lang/socket2,1
2021-12-01,42655,3030,GitHub/rust-lang/socket2,1
2021-12-01,42655,3067,GitHub/rust-lang/socket2,3
2021-12-01,42655,4602,GitHub/rust-lang/socket2,5
2021-12-01,42655,168,GitHub/rust-lang/socket2,3
2021-12-01,42655,4604,GitHub/rust-lang/socket2,1
2021-12-01,42655,1799,GitHub/rust-lang/socket2,7
2021-12-01,42655,3183,GitHub/rust-lang/socket2,1
2021-12-01,42655,4600,GitHub/rust-lang/socket2,2
2021-12-01,42655,4601,GitHub/rust-lang/socket2,3
2021-12-01,42655,2942,GitHub/rust-lang/socket2,1
2021-12-01,42655,3210,GitHub/rust-lang/socket2,5
2021-12-01,42655,2105,GitHub/rust-lang/socket2,4
2021-12-01,42655,4603,GitHub/rust-lang/socket2,1
2021-12-01,42655,3044,GitHub/rust-lang/socket2,1
2021-12-01,42655,4598,GitHub/rust-lang/socket2,1
2021-12-01,42655,4589,GitHub/rust-lang/socket2,1
2021-12-01,42677,2613,GitHub/withoutboats/heck,1
2021-12-01,42677,3556,GitHub/withoutboats/heck,1
2021-12-01,42677,1476,GitHub/withoutboats/heck,5
2021-12-01,44362,3011,GitHub/rust-lang/hashbrown,1
2021-12-01,44362,3025,GitHub/rust-lang/hashbrown,9
2021-12-01,44362,4447,GitHub/rust-lang/hashbrown,3
2021-12-01,44362,3156,GitHub/rust-lang/hashbrown,2
2021-12-01,44362,4448,GitHub/rust-lang/hashbrown,1
2021-12-01,44362,4090,GitHub/rust-lang/hashbrown,15
2021-12-01,44362,4452,GitHub/rust-lang/hashbrown,1
2021-12-01,44362,3147,GitHub/rust-lang/hashbrown,2
2021-12-01,44362,2866,GitHub/rust-lang/hashbrown,2
2021-12-01,44362,4454,GitHub/rust-lang/hashbrown,1
2021-12-01,44362,4450,GitHub/rust-lang/hashbrown,9
2021-12-01,44362,4453,GitHub/rust-lang/hashbrown,2
2021-12-01,44362,2968,GitHub/rust-lang/hashbrown,22
2021-12-01,44362,2990,GitHub/rust-lang/hashbrown,9
2021-12-01,44362,3063,GitHub/rust-lang/hashbrown,1
2021-12-01,44362,4451,GitHub/rust-lang/hashbrown,1
2021-12-01,44362,3195,GitHub/rust-lang/hashbrown,2
2021-12-01,44362,4446,GitHub/rust-lang/hashbrown,7
2021-12-01,44362,2927,GitHub/rust-lang/hashbrown,1
2021-12-01,44362,4445,GitHub/rust-lang/hashbrown,1
2021-12-01,44362,1919,GitHub/rust-lang/hashbrown,2
2021-12-01,44362,204,GitHub/rust-lang/hashbrown,31
2021-12-01,44362,2992,GitHub/rust-lang/hashbrown,1
2021-12-01,44362,3180,GitHub/rust-lang/hashbrown,3
2021-12-01,45748,873,GitHub/dtolnay/thiserror,1
2021-12-01,45748,2912,GitHub/dtolnay/thiserror,58
2021-12-01,45748,2897,GitHub/dtolnay/thiserror,1
2021-12-01,45748,3604,GitHub/dtolnay/thiserror,4
2021-12-01,46027,2877,GitHub/alexcrichton/toml-rs,1
2021-12-01,46027,2966,GitHub/alexcrichton/toml-rs,1
2021-12-01,46027,119,GitHub/alexcrichton/toml-rs,1
2021-12-01,46027,2967,GitHub/alexcrichton/toml-rs,1
2021-12-01,46027,2875,GitHub/alexcrichton/toml-rs,3
2021-12-01,46178,3044,GitHub/rust-lang-nursery/lazy-static.rs,3
2021-12-01,46178,3117,GitHub/rust-lang-nursery/lazy-static.rs,2
2021-12-01,48512,4692,GitHub/rust-random/getrandom,26
2021-12-01,48512,4174,GitHub/rust-random/getrandom,1
2021-12-01,48512,3189,GitHub/rust-random/getrandom,10
2021-12-01,48512,2240,GitHub/rust-random/getrandom,1
2021-12-01,48512,4705,GitHub/rust-random/getrandom,1
2021-12-01,48512,4700,GitHub/rust-random/getrandom,2
2021-12-01,48512,3156,GitHub/rust-random/getrandom,1
2021-12-01,49067,3025,GitHub/Amanieu/thread_local-rs,1
2021-12-01,49067,3038,GitHub/Amanieu/thread_local-rs,16
2021-12-01,49067,2968,GitHub/Amanieu/thread_local-rs,11
2021-12-01,49067,204,GitHub/Amanieu/thread_local-rs,1
2021-12-01,49075,4496,GitHub/rust-lang/pkg-config-rs,3
2021-12-01,49075,2909,GitHub/rust-lang/pkg-config-rs,4
2021-12-01,49075,2945,GitHub/rust-lang/pkg-config-rs,1
2021-12-01,49075,3194,GitHub/rust-lang/pkg-config-rs,10
2021-12-01,49075,4498,GitHub/rust-lang/pkg-config-rs,1
2021-12-01,49075,2866,GitHub/rust-lang/pkg-config-rs,1
2021-12-01,52462,898,GitHub/Frommi/miniz_oxide,20
2021-12-01,52462,3628,GitHub/Frommi/miniz_oxide,1
2021-12-01,52462,3627,GitHub/Frommi/miniz_oxide,1
2021-12-01,52462,2869,GitHub/Frommi/miniz_oxide,1
2021-12-01,52465,3606,GitHub/fizyk20/generic-array,9
2021-12-01,52465,3105,GitHub/fizyk20/generic-array,6
2021-12-01,52465,3621,GitHub/fizyk20/generic-array,1
2022-02-01,4733,2912,GitHub/dtolnay/syn,27
2022-02-01,5249,2969,GitHub/taiki-e/pin-project-lite,5
2022-02-01,7322,4816,GitHub/servo/rust-smallvec,1
2022-02-01,7322,2988,GitHub/servo/rust-smallvec,1
2022-02-01,7322,3165,GitHub/servo/rust-smallvec,1
2022-02-01,12228,1252,GitHub/seanmonstar/httparse,1
2022-02-01,12228,4717,GitHub/seanmonstar/httparse,1
2022-02-01,12228,3113,GitHub/seanmonstar/httparse,1
2022-02-01,12266,3048,GitHub/bitflags/bitflags,1
2022-02-01,12266,3044,GitHub/bitflags/bitflags,2
2022-02-01,13804,2912,GitHub/dtolnay/anyhow,7
2022-02-01,14306,3188,GitHub/rust-num/num-integer,1
2022-02-01,16183,4168,GitHub/rust-lang/cc-rs,1
2022-02-01,16183,3019,GitHub/rust-lang/cc-rs,1
2022-02-01,16259,4678,GitHub/rust-num/num-traits,1
2022-02-01,16492,3470,GitHub/tokio-rs/bytes,2
2022-02-01,17630,304,GitHub/bluss/either,2
2022-02-01,18006,599,GitHub/crossbeam-rs/crossbeam,2
2022-02-01,18006,2969,GitHub/crossbeam-rs/crossbeam,25
2022-02-01,19184,3048,GitHub/bluss/scopeguard,6
2022-02-01,19184,2968,GitHub/bluss/scopeguard,4
2022-02-01,20410,2872,GitHub/mgeisler/textwrap,22
2022-02-01,20699,3008,GitHub/Amanieu/parking_lot,1
2022-02-01,20699,2968,GitHub/Amanieu/parking_lot,8
2022-02-01,22724,3044,GitHub/rust-lang/log,2
2022-02-01,24455,2912,GitHub/serde-rs/json,24
2022-02-01,24455,4349,GitHub/serde-rs/json,1
2022-02-01,28336,3891,GitHub/RustCrypto/traits,1
2022-02-01,28336,4008,GitHub/RustCrypto/traits,32
2022-02-01,28336,3619,GitHub/RustCrypto/traits,1
2022-02-01,28336,4009,GitHub/RustCrypto/traits,10
2022-02-01,28336,4010,GitHub/RustCrypto/traits,1
2022-02-01,28336,4011,GitHub/RustCrypto/traits,3
2022-02-01,33435,2912,GitHub/dtolnay/itoa,1
2022-02-01,34191,4009,GitHub/RustCrypto/utils,6
2022-02-01,34191,4008,GitHub/RustCrypto/utils,8
2022-02-01,34191,4010,GitHub/RustCrypto/utils,2
2022-02-01,34831,2969,GitHub/rust-lang/futures-rs,5
2022-02-01,35737,3025,GitHub/cuviper/autocfg,1
2022-02-01,37612,2912,GitHub/dtolnay/quote,2
2022-02-01,38667,3025,GitHub/bluss/indexmap,12
2022-02-01,38667,3151,GitHub/bluss/indexmap,2
2022-02-01,39779,2485,GitHub/time-rs/time,1
2022-02-01,39779,2486,GitHub/time-rs/time,1
2022-02-01,39779,3951,GitHub/time-rs/time,5
2022-02-01,40937,2912,GitHub/dtolnay/semver,2
2022-02-01,41752,4868,GitHub/servo/rust-url,1
2022-02-01,41752,2428,GitHub/servo/rust-url,11
2022-02-01,41752,4866,GitHub/servo/rust-url,9
2022-02-01,41752,4713,GitHub/servo/rust-url,7
2022-02-01,41752,4867,GitHub/servo/rust-url,1
2022-02-01,41957,2912,GitHub/dtolnay/proc-macro2,6
2022-02-01,42413,2912,GitHub/dtolnay/ryu,1
2022-02-01,42655,3067,GitHub/rust-lang/socket2,2
2022-02-01,42655,4594,GitHub/rust-lang/socket2,3
2022-02-01,42655,4596,GitHub/rust-lang/socket2,3
2022-02-01,42655,3079,GitHub/rust-lang/socket2,1
2022-02-01,42655,3113,GitHub/rust-lang/socket2,4
2022-02-01,44362,2968,GitHub/rust-lang/hashbrown,1
2022-02-01,45748,2912,GitHub/dtolnay/thiserror,3
2022-02-01,46178,2985,GitHub/rust-lang-nursery/lazy-static.rs,1
2022-02-01,48512,4703,GitHub/rust-random/getrandom,1
2022-02-01,48512,4692,GitHub/rust-random/getrandom,4
2022-02-01,48512,3189,GitHub/rust-random/getrandom,2
2022-02-01,49067,2968,GitHub/Amanieu/thread_local-rs,3
2022-02-01,49067,3037,GitHub/Amanieu/thread_local-rs,2
2022-02-01,52462,3625,GitHub/Frommi/miniz_oxide,2
2022-02-01,52465,3607,GitHub/fizyk20/generic-array,2
2022-02-01,52465,3165,GitHub/fizyk20/generic-array,1
2022-03-01,602,4990,GitHub/unicode-rs/unicode-segmentation,1
2022-03-01,602,3173,GitHub/unicode-rs/unicode-segmentation,10
2022-03-01,4733,2912,GitHub/dtolnay/syn,28
2022-03-01,5249,2969,GitHub/taiki-e/pin-project-lite,13
2022-03-01,7322,3165,GitHub/servo/rust-smallvec,3
2022-03-01,7322,2866,GitHub/servo/rust-smallvec,2
2022-03-01,7322,2988,GitHub/servo/rust-smallvec,1
2022-03-01,7322,4816,GitHub/servo/rust-smallvec,1
2022-03-01,12228,3113,GitHub/seanmonstar/httparse,1
2022-03-01,12228,1252,GitHub/seanmonstar/httparse,1
2022-03-01,12228,4717,GitHub/seanmonstar/httparse,1
2022-03-01,12228,3878,GitHub/seanmonstar/httparse,1
2022-03-01,12266,3044,GitHub/bitflags/bitflags,4
2022-03-01,12266,2866,GitHub/bitflags/bitflags,1
2022-03-01,12266,3048,GitHub/bitflags/bitflags,1
2022-03-01,12266,3091,GitHub/bitflags/bitflags,1
2022-03-01,13804,2912,GitHub/dtolnay/anyhow,15
2022-03-01,14306,4637,GitHub/rust-num/num-integer,1
2022-03-01,14306,3188,GitHub/rust-num/num-integer,1
2022-03-01,16183,3019,GitHub/rust-lang/cc-rs,1
2022-03-01,16183,2912,GitHub/rust-lang/cc-rs,2
2022-03-01,16183,2866,GitHub/rust-lang/cc-rs,1
2022-03-01,16183,2867,GitHub/rust-lang/cc-rs,4
2022-03-01,16183,4168,GitHub/rust-lang/cc-rs,1
2022-03-01,16259,4678,GitHub/rust-num/num-traits,1
2022-03-01,16492,3470,GitHub/tokio-rs/bytes,2
2022-03-01,17630,304,GitHub/bluss/either,2
2022-03-01,17721,2866,GitHub/matklad/once_cell,1
2022-03-01,18006,2969,GitHub/crossbeam-rs/crossbeam,39
2022-03-01,18006,3165,GitHub/crossbeam-rs/crossbeam,1
2022-03-01,18006,599,GitHub/crossbeam-rs/crossbeam,2
2022-03-01,19184,2866,GitHub/bluss/scopeguard,1
2022-03-01,19184,3048,GitHub/bluss/scopeguard,6
2022-03-01,19184,268,GitHub/bluss/scopeguard,1
2022-03-01,19184,3165,GitHub/bluss/scopeguard,1
2022-03-01,19184,2968,GitHub/bluss/scopeguard,5
2022-03-01,20410,2872,GitHub/mgeisler/textwrap,64
2022-03-01,20699,3007,GitHub/Amanieu/parking_lot,1
2022-03-01,20699,2866,GitHub/Amanieu/parking_lot,1
2022-03-01,20699,2968,GitHub/Amanieu/parking_lot,13
2022-03-01,20699,3005,GitHub/Amanieu/parking_lot,2
2022-03-01,20699,3006,GitHub/Amanieu/parking_lot,1
2022-03-01,20699,3008,GitHub/Amanieu/parking_lot,1
2022-03-01,21445,2866,GitHub/marshallpierce/rust-base64,1
2022-03-01,22724,4492,GitHub/rust-lang/log,1
2022-03-01,22724,4491,GitHub/rust-lang/log,2
2022-03-01,22724,3044,GitHub/rust-lang/log,9
2022-03-01,22724,3113,GitHub/rust-lang/log,1
2022-03-01,22804,2866,GitHub/alexcrichton/cfg-if,1
2022-03-01,24455,4349,GitHub/serde-rs/json,1
2022-03-01,24455,2912,GitHub/serde-rs/json,29
2022-03-01,24455,4743,GitHub/serde-rs/json,1
2022-03-01,25976,3043,GitHub/rust-lang/regex,1
2022-03-01,28336,3189,GitHub/RustCrypto/traits,9
2022-03-01,28336,4011,GitHub/RustCrypto/traits,3
2022-03-01,28336,4010,GitHub/RustCrypto/traits,1
2022-03-01,28336,4009,GitHub/RustCrypto/traits,10
2022-03-01,28336,4008,GitHub/RustCrypto/traits,33
2022-03-01,28336,3891,GitHub/RustCrypto/traits,1
2022-03-01,28336,3651,GitHub/RustCrypto/traits,1
2022-03-01,28336,3619,GitHub/RustCrypto/traits,1
2022-03-01,33435,2912,GitHub/dtolnay/itoa,1
2022-03-01,34191,4009,GitHub/RustCrypto/utils,7
2022-03-01,34191,3189,GitHub/RustCrypto/utils,9
2022-03-01,34191,4008,GitHub/RustCrypto/utils,12
2022-03-01,34191,4010,GitHub/RustCrypto/utils,2
2022-03-01,34191,3165,GitHub/RustCrypto/utils,1
2022-03-01,34831,4343,GitHub/rust-lang/futures-rs,1
2022-03-01,34831,2969,GitHub/rust-lang/futures-rs,37
2022-03-01,34831,4344,GitHub/rust-lang/futures-rs,4
2022-03-01,34831,4345,GitHub/rust-lang/futures-rs,1
2022-03-01,34831,1778,GitHub/rust-lang/futures-rs,2
2022-03-01,35737,3025,GitHub/cuviper/autocfg,4
2022-03-01,37101,3875,GitHub/Gilnaa/memoffset,1
2022-03-01,37612,2912,GitHub/dtolnay/quote,2
2022-03-01,38667,3025,GitHub/bluss/indexmap,13
2022-03-01,38667,3151,GitHub/bluss/indexmap,2
2022-03-01,38667,2942,GitHub/bluss/indexmap,1
2022-03-01,39779,2485,GitHub/time-rs/time,1
2022-03-01,39779,2486,GitHub/time-rs/time,1
2022-03-01,39779,3951,GitHub/time-rs/time,5
2022-03-01,40937,2912,GitHub/dtolnay/semver,16
2022-03-01,41752,4865,GitHub/servo/rust-url,1
2022-03-01,41752,4866,GitHub/servo/rust-url,9
2022-03-01,41752,2428,GitHub/servo/rust-url,12
2022-03-01,41752,2866,GitHub/servo/rust-url,1
2022-03-01,41752,4867,GitHub/servo/rust-url,1
2022-03-01,41752,4868,GitHub/servo/rust-url,1
2022-03-01,41752,4452,GitHub/servo/rust-url,3
2022-03-01,41752,4713,GitHub/servo/rust-url,7
2022-03-01,41957,2912,GitHub/dtolnay/proc-macro2,6
2022-03-01,42413,2912,GitHub/dtolnay/ryu,1
2022-03-01,42655,3113,GitHub/rust-lang/socket2,4
2022-03-01,42655,3067,GitHub/rust-lang/socket2,2
2022-03-01,42655,4594,GitHub/rust-lang/socket2,3
2022-03-01,42655,3079,GitHub/rust-lang/socket2,1
2022-03-01,42655,4596,GitHub/rust-lang/socket2,3
2022-03-01,44362,2866,GitHub/rust-lang/hashbrown,1
2022-03-01,44362,2968,GitHub/rust-lang/hashbrown,2
2022-03-01,45748,2912,GitHub/dtolnay/thiserror,3
2022-03-01,46178,2985,GitHub/rust-lang-nursery/lazy-static.rs,1
2022-03-01,46178,2866,GitHub/rust-lang-nursery/lazy-static.rs,1
2022-03-01,48512,4692,GitHub/rust-random/getrandom,4
2022-03-01,48512,3189,GitHub/rust-random/getrandom,4
2022-03-01,48512,4702,GitHub/rust-random/getrandom,1
2022-03-01,48512,4703,GitHub/rust-random/getrandom,1
2022-03-01,49067,2968,GitHub/Amanieu/thread_local-rs,3
2022-03-01,49067,3037,GitHub/Amanieu/thread_local-rs,2
2022-03-01,52462,3625,GitHub/Frommi/miniz_oxide,2
2022-03-01,52465,3607,GitHub/fizyk20/generic-array,2
2022-03-01,52465,3165,GitHub/fizyk20/generic-array,1
2022-04-01,602,4990,GitHub/unicode-rs/unicode-segmentation,1
2022-04-01,602,3173,GitHub/unicode-rs/unicode-segmentation,10
2022-04-01,4733,2912,GitHub/dtolnay/syn,68
2022-04-01,5249,2969,GitHub/taiki-e/pin-project-lite,13
2022-04-01,7322,2988,GitHub/servo/rust-smallvec,1
2022-04-01,7322,3165,GitHub/servo/rust-smallvec,3
2022-04-01,7322,4816,GitHub/servo/rust-smallvec,1
2022-04-01,7322,2866,GitHub/servo/rust-smallvec,2
2022-04-01,12228,1252,GitHub/seanmonstar/httparse,1
2022-04-01,12228,3113,GitHub/seanmonstar/httparse,1
2022-04-01,12228,3013,GitHub/seanmonstar/httparse,2
2022-04-01,12228,3878,GitHub/seanmonstar/httparse,1
2022-04-01,12228,4717,GitHub/seanmonstar/httparse,1
2022-04-01,12228,4714,GitHub/seanmonstar/httparse,1
2022-04-01,12228,3921,GitHub/seanmonstar/httparse,3
2022-04-01,12266,2866,GitHub/bitflags/bitflags,1
2022-04-01,12266,3048,GitHub/bitflags/bitflags,1
2022-04-01,12266,3044,GitHub/bitflags/bitflags,4
2022-04-01,12266,3091,GitHub/bitflags/bitflags,1
2022-04-01,12842,2969,GitHub/tokio-rs/slab,1
2022-04-01,12842,4360,GitHub/tokio-rs/slab,1
2022-04-01,13804,2912,GitHub/dtolnay/anyhow,24
2022-04-01,14306,3188,GitHub/rust-num/num-integer,1
2022-04-01,14306,4637,GitHub/rust-num/num-integer,2
2022-04-01,14306,4638,GitHub/rust-num/num-integer,1
2022-04-01,16183,2912,GitHub/rust-lang/cc-rs,2
2022-04-01,16183,2866,GitHub/rust-lang/cc-rs,1
2022-04-01,16183,1651,GitHub/rust-lang/cc-rs,7
2022-04-01,16183,3019,GitHub/rust-lang/cc-rs,1
2022-04-01,16183,4168,GitHub/rust-lang/cc-rs,1
2022-04-01,16183,2867,GitHub/rust-lang/cc-rs,4
2022-04-01,16259,4678,GitHub/rust-num/num-traits,1
2022-04-01,16492,4967,GitHub/tokio-rs/bytes,1
2022-04-01,16492,3470,GitHub/tokio-rs/bytes,2
2022-04-01,16492,4969,GitHub/tokio-rs/bytes,1
2022-04-01,16492,3013,GitHub/tokio-rs/bytes,1
2022-04-01,17630,304,GitHub/bluss/either,2
2022-04-01,17721,3883,GitHub/matklad/once_cell,2
2022-04-01,17721,3104,GitHub/matklad/once_cell,5
2022-04-01,17721,2866,GitHub/matklad/once_cell,1
2022-04-01,17721,3038,GitHub/matklad/once_cell,2
2022-04-01,18006,3165,GitHub/crossbeam-rs/crossbeam,1
2022-04-01,18006,599,GitHub/crossbeam-rs/crossbeam,2
2022-04-01,18006,3366,GitHub/crossbeam-rs/crossbeam,1
2022-04-01,18006,3367,GitHub/crossbeam-rs/crossbeam,1
2022-04-01,18006,2969,GitHub/crossbeam-rs/crossbeam,47
2022-04-01,19184,3048,GitHub/bluss/scopeguard,6
2022-04-01,19184,3165,GitHub/bluss/scopeguard,1
2022-04-01,19184,2866,GitHub/bluss/scopeguard,1
2022-04-01,19184,2968,GitHub/bluss/scopeguard,5
2022-04-01,19184,268,GitHub/bluss/scopeguard,1
2022-04-01,20410,2872,GitHub/mgeisler/textwrap,65
2022-04-01,20699,2969,GitHub/Amanieu/parking_lot,3
2022-04-01,20699,2968,GitHub/Amanieu/parking_lot,21
2022-04-01,20699,3007,GitHub/Amanieu/parking_lot,1
2022-04-01,20699,2866,GitHub/Amanieu/parking_lot,1
2022-04-01,20699,3008,GitHub/Amanieu/parking_lot,1
2022-04-01,20699,3002,GitHub/Amanieu/parking_lot,2
2022-04-01,20699,3003,GitHub/Amanieu/parking_lot,1
2022-04-01,20699,3005,GitHub/Amanieu/parking_lot,2
2022-04-01,20699,3006,GitHub/Amanieu/parking_lot,1
2022-04-01,20949,3807,GitHub/Geal/nom,1
2022-04-01,20949,2899,GitHub/Geal/nom,1
2022-04-01,20949,3814,GitHub/Geal/nom,3
2022-04-01,20949,3813,GitHub/Geal/nom,1
2022-04-01,20949,3812,GitHub/Geal/nom,1
2022-04-01,20949,3534,GitHub/Geal/nom,4
2022-04-01,20949,3811,GitHub/Geal/nom,1
2022-04-01,20949,3810,GitHub/Geal/nom,1
2022-04-01,20949,1126,GitHub/Geal/nom,2
2022-04-01,20949,1120,GitHub/Geal/nom,1
2022-04-01,20949,3808,GitHub/Geal/nom,2
2022-04-01,20949,3806,GitHub/Geal/nom,2
2022-04-01,20949,3805,GitHub/Geal/nom,1
2022-04-01,20949,1117,GitHub/Geal/nom,2
2022-04-01,20949,3801,GitHub/Geal/nom,1
2022-04-01,20949,1118,GitHub/Geal/nom,1
2022-04-01,21445,2866,GitHub/marshallpierce/rust-base64,1
2022-04-01,21445,1281,GitHub/marshallpierce/rust-base64,1
2022-04-01,22724,4492,GitHub/rust-lang/log,1
2022-04-01,22724,4491,GitHub/rust-lang/log,2
2022-04-01,22724,3044,GitHub/rust-lang/log,19
2022-04-01,22724,3113,GitHub/rust-lang/log,3
2022-04-01,22804,2866,GitHub/alexcrichton/cfg-if,1
2022-04-01,24455,4743,GitHub/serde-rs/json,1
2022-04-01,24455,2912,GitHub/serde-rs/json,30
2022-04-01,24455,4349,GitHub/serde-rs/json,1
2022-04-01,25976,2866,GitHub/rust-lang/regex,1
2022-04-01,25976,3043,GitHub/rust-lang/regex,4
2022-04-01,28336,4010,GitHub/RustCrypto/traits,1
2022-04-01,28336,3189,GitHub/RustCrypto/traits,10
2022-04-01,28336,3891,GitHub/RustCrypto/traits,1
2022-04-01,28336,4009,GitHub/RustCrypto/traits,11
2022-04-01,28336,3651,GitHub/RustCrypto/traits,1
2022-04-01,28336,4008,GitHub/RustCrypto/traits,38
2022-04-01,28336,4011,GitHub/RustCrypto/traits,3
2022-04-01,28336,3619,GitHub/RustCrypto/traits,1
2022-04-01,33435,2912,GitHub/dtolnay/itoa,1
2022-04-01,33435,3490,GitHub/dtolnay/itoa,1
2022-04-01,34191,4009,GitHub/RustCrypto/utils,7
2022-04-01,34191,3019,GitHub/RustCrypto/utils,1
2022-04-01,34191,3139,GitHub/RustCrypto/utils,1
2022-04-01,34191,3165,GitHub/RustCrypto/utils,1
2022-04-01,34191,3189,GitHub/RustCrypto/utils,13
2022-04-01,34191,4008,GitHub/RustCrypto/utils,17
2022-04-01,34191,4010,GitHub/RustCrypto/utils,2
2022-04-01,34191,4024,GitHub/RustCrypto/utils,1
2022-04-01,34191,4029,GitHub/RustCrypto/utils,1
2022-04-01,34831,4345,GitHub/rust-lang/futures-rs,1
2022-04-01,34831,4341,GitHub/rust-lang/futures-rs,1
2022-04-01,34831,4342,GitHub/rust-lang/futures-rs,1
2022-04-01,34831,2969,GitHub/rust-lang/futures-rs,40
2022-04-01,34831,4343,GitHub/rust-lang/futures-rs,1
2022-04-01,34831,4344,GitHub/rust-lang/futures-rs,4
2022-04-01,34831,1778,GitHub/rust-lang/futures-rs,2
2022-04-01,34831,4338,GitHub/rust-lang/futures-rs,1
2022-04-01,34831,4340,GitHub/rust-lang/futures-rs,1
2022-04-01,35737,3025,GitHub/cuviper/autocfg,4
2022-04-01,37083,3043,GitHub/BurntSushi/termcolor,1
2022-04-01,37101,3870,GitHub/Gilnaa/memoffset,1
2022-04-01,37101,3875,GitHub/Gilnaa/memoffset,1
2022-04-01,37101,3013,GitHub/Gilnaa/memoffset,1
2022-04-01,37612,2912,GitHub/dtolnay/quote,15
2022-04-01,37612,3509,GitHub/dtolnay/quote,3
2022-04-01,37612,3506,GitHub/dtolnay/quote,2
2022-04-01,38667,3025,GitHub/bluss/indexmap,40
2022-04-01,38667,3148,GitHub/bluss/indexmap,1
2022-04-01,38667,3151,GitHub/bluss/indexmap,2
2022-04-01,38667,2942,GitHub/bluss/indexmap,1
2022-04-01,39779,2485,GitHub/time-rs/time,1
2022-04-01,39779,4906,GitHub/time-rs/time,1
2022-04-01,39779,3506,GitHub/time-rs/time,1
2022-04-01,39779,4905,GitHub/time-rs/time,1
2022-04-01,39779,4243,GitHub/time-rs/time,1
2022-04-01,39779,2486,GitHub/time-rs/time,1
2022-04-01,39779,3951,GitHub/time-rs/time,20
2022-04-01,40494,4884,GitHub/servo/unicode-bidi,2
2022-04-01,40494,4133,GitHub/servo/unicode-bidi,3
2022-04-01,40494,3173,GitHub/servo/unicode-bidi,6
2022-04-01,40494,2866,GitHub/servo/unicode-bidi,1
2022-04-01,40937,2912,GitHub/dtolnay/semver,19
2022-04-01,41752,4866,GitHub/servo/rust-url,9
2022-04-01,41752,4452,GitHub/servo/rust-url,3
2022-04-01,41752,4713,GitHub/servo/rust-url,7
2022-04-01,41752,2866,GitHub/servo/rust-url,1
2022-04-01,41752,2428,GitHub/servo/rust-url,12
2022-04-01,41752,4865,GitHub/servo/rust-url,1
2022-04-01,41752,4867,GitHub/servo/rust-url,1
2022-04-01,41752,4868,GitHub/servo/rust-url,1
2022-04-01,41957,2912,GitHub/dtolnay/proc-macro2,6
2022-04-01,42413,2912,GitHub/dtolnay/ryu,1
2022-04-01,42413,3490,GitHub/dtolnay/ryu,1
2022-04-01,42655,3079,GitHub/rust-lang/socket2,1
2022-04-01,42655,3067,GitHub/rust-lang/socket2,2
2022-04-01,42655,3113,GitHub/rust-lang/socket2,6
2022-04-01,42655,3117,GitHub/rust-lang/socket2,1
2022-04-01,42655,4594,GitHub/rust-lang/socket2,3
2022-04-01,42655,4596,GitHub/rust-lang/socket2,3
2022-04-01,44362,2968,GitHub/rust-lang/hashbrown,4
2022-04-01,44362,3013,GitHub/rust-lang/hashbrown,1
2022-04-01,44362,2866,GitHub/rust-lang/hashbrown,1
2022-04-01,45748,2912,GitHub/dtolnay/thiserror,3
2022-04-01,46178,2985,GitHub/rust-lang-nursery/lazy-static.rs,1
2022-04-01,46178,2866,GitHub/rust-lang-nursery/lazy-static.rs,1
2022-04-01,48512,4701,GitHub/rust-random/getrandom,1
2022-04-01,48512,4692,GitHub/rust-random/getrandom,5
2022-04-01,48512,4703,GitHub/rust-random/getrandom,1
2022-04-01,48512,4702,GitHub/rust-random/getrandom,1
2022-04-01,48512,3189,GitHub/rust-random/getrandom,6
2022-04-01,48512,2234,GitHub/rust-random/getrandom,1
2022-04-01,49067,2968,GitHub/Amanieu/thread_local-rs,3
2022-04-01,49067,3037,GitHub/Amanieu/thread_local-rs,2
2022-04-01,49075,2866,GitHub/rust-lang/pkg-config-rs,1
2022-04-01,49075,3194,GitHub/rust-lang/pkg-config-rs,3
2022-04-01,49075,1977,GitHub/rust-lang/pkg-config-rs,7
2022-04-01,52462,3625,GitHub/Frommi/miniz_oxide,2
2022-04-01,52465,3165,GitHub/fizyk20/generic-array,1
2022-04-01,52465,3607,GitHub/fizyk20/generic-array,2
2022-05-01,602,4990,GitHub/unicode-rs/unicode-segmentation,1
2022-05-01,602,3173,GitHub/unicode-rs/unicode-segmentation,10
2022-05-01,626,1476,GitHub/hyperium/http,1
2022-05-01,626,3878,GitHub/hyperium/http,1
2022-05-01,626,2866,GitHub/hyperium/http,2
2022-05-01,626,3912,GitHub/hyperium/http,1
2022-05-01,626,3909,GitHub/hyperium/http,2
2022-05-01,626,3910,GitHub/hyperium/http,1
2022-05-01,4486,3193,GitHub/contain-rs/vec-map,4
2022-05-01,4733,3559,GitHub/dtolnay/syn,1
2022-05-01,4733,3556,GitHub/dtolnay/syn,1
2022-05-01,4733,2912,GitHub/dtolnay/syn,90
2022-05-01,4733,3165,GitHub/dtolnay/syn,1
2022-05-01,4733,3558,GitHub/dtolnay/syn,1
2022-05-01,5249,2969,GitHub/taiki-e/pin-project-lite,18
2022-05-01,5249,3506,GitHub/taiki-e/pin-project-lite,3
2022-05-01,7322,4816,GitHub/servo/rust-smallvec,1
2022-05-01,7322,3165,GitHub/servo/rust-smallvec,3
2022-05-01,7322,2866,GitHub/servo/rust-smallvec,2
2022-05-01,7322,2988,GitHub/servo/rust-smallvec,1
2022-05-01,12228,3921,GitHub/seanmonstar/httparse,3
2022-05-01,12228,4717,GitHub/seanmonstar/httparse,1
2022-05-01,12228,4714,GitHub/seanmonstar/httparse,1
2022-05-01,12228,1252,GitHub/seanmonstar/httparse,2
2022-05-01,12228,3878,GitHub/seanmonstar/httparse,3
2022-05-01,12228,3113,GitHub/seanmonstar/httparse,1
2022-05-01,12228,3013,GitHub/seanmonstar/httparse,2
2022-05-01,12266,3048,GitHub/bitflags/bitflags,1
2022-05-01,12266,3090,GitHub/bitflags/bitflags,1
2022-05-01,12266,3091,GitHub/bitflags/bitflags,1
2022-05-01,12266,2866,GitHub/bitflags/bitflags,1
2022-05-01,12266,3060,GitHub/bitflags/bitflags,18
2022-05-01,12266,3044,GitHub/bitflags/bitflags,12
2022-05-01,12842,2969,GitHub/tokio-rs/slab,2
2022-05-01,12842,4360,GitHub/tokio-rs/slab,1
2022-05-01,13804,2912,GitHub/dtolnay/anyhow,28
2022-05-01,14306,3025,GitHub/rust-num/num-integer,3
2022-05-01,14306,4638,GitHub/rust-num/num-integer,1
2022-05-01,14306,4637,GitHub/rust-num/num-integer,2
2022-05-01,14306,3188,GitHub/rust-num/num-integer,1
2022-05-01,16183,1651,GitHub/rust-lang/cc-rs,7
2022-05-01,16183,4168,GitHub/rust-lang/cc-rs,1
2022-05-01,16183,3019,GitHub/rust-lang/cc-rs,1
2022-05-01,16183,2912,GitHub/rust-lang/cc-rs,2
2022-05-01,16183,2866,GitHub/rust-lang/cc-rs,1
2022-05-01,16183,2867,GitHub/rust-lang/cc-rs,4
2022-05-01,16183,1577,GitHub/rust-lang/cc-rs,2
2022-05-01,16259,184,GitHub/rust-num/num-traits,4
2022-05-01,16259,3025,GitHub/rust-num/num-traits,5
2022-05-01,16259,4675,GitHub/rust-num/num-traits,11
2022-05-01,16259,4677,GitHub/rust-num/num-traits,4
2022-05-01,16259,4678,GitHub/rust-num/num-traits,1
2022-05-01,16492,3165,GitHub/tokio-rs/bytes,1
2022-05-01,16492,4969,GitHub/tokio-rs/bytes,1
2022-05-01,16492,3013,GitHub/tokio-rs/bytes,1
2022-05-01,16492,4968,GitHub/tokio-rs/bytes,1
2022-05-01,16492,3470,GitHub/tokio-rs/bytes,2
2022-05-01,16492,4372,GitHub/tokio-rs/bytes,5
2022-05-01,16492,4967,GitHub/tokio-rs/bytes,2
2022-05-01,17630,3121,GitHub/bluss/either,1
2022-05-01,17630,304,GitHub/bluss/either,2
2022-05-01,17721,3038,GitHub/matklad/once_cell,2
2022-05-01,17721,2866,GitHub/matklad/once_cell,1
2022-05-01,17721,3883,GitHub/matklad/once_cell,2
2022-05-01,17721,3104,GitHub/matklad/once_cell,5
2022-05-01,17721,2970,GitHub/matklad/once_cell,1
2022-05-01,18006,3366,GitHub/crossbeam-rs/crossbeam,1
2022-05-01,18006,3367,GitHub/crossbeam-rs/crossbeam,1
2022-05-01,18006,3165,GitHub/crossbeam-rs/crossbeam,1
2022-05-01,18006,599,GitHub/crossbeam-rs/crossbeam,2
2022-05-01,18006,595,GitHub/crossbeam-rs/crossbeam,3
2022-05-01,18006,2969,GitHub/crossbeam-rs/crossbeam,48
2022-05-01,19184,3048,GitHub/bluss/scopeguard,6
2022-05-01,19184,3164,GitHub/bluss/scopeguard,1
2022-05-01,19184,2968,GitHub/bluss/scopeguard,5
2022-05-01,19184,268,GitHub/bluss/scopeguard,1
2022-05-01,19184,2866,GitHub/bluss/scopeguard,1
2022-05-01,19184,3165,GitHub/bluss/scopeguard,1
2022-05-01,20410,2872,GitHub/mgeisler/textwrap,79
2022-05-01,20699,3007,GitHub/Amanieu/parking_lot,1
2022-05-01,20699,3008,GitHub/Amanieu/parking_lot,1
2022-05-01,20699,3002,GitHub/Amanieu/parking_lot,2
2022-05-01,20699,3006,GitHub/Amanieu/parking_lot,1
2022-05-01,20699,2866,GitHub/Amanieu/parking_lot,1
2022-05-01,20699,3001,GitHub/Amanieu/parking_lot,1
2022-05-01,20699,2969,GitHub/Amanieu/parking_lot,3
2022-05-01,20699,2968,GitHub/Amanieu/parking_lot,23
2022-05-01,20699,3003,GitHub/Amanieu/parking_lot,1
2022-05-01,20699,3005,GitHub/Amanieu/parking_lot,2
2022-05-01,20949,3810,GitHub/Geal/nom,1
2022-05-01,20949,1118,GitHub/Geal/nom,1
2022-05-01,20949,1120,GitHub/Geal/nom,1
2022-05-01,20949,1117,GitHub/Geal/nom,2
2022-05-01,20949,3811,GitHub/Geal/nom,1
2022-05-01,20949,3812,GitHub/Geal/nom,1
2022-05-01,20949,3813,GitHub/Geal/nom,1
2022-05-01,20949,1126,GitHub/Geal/nom,2
2022-05-01,20949,3814,GitHub/Geal/nom,3
2022-05-01,20949,3801,GitHub/Geal/nom,1
2022-05-01,20949,2899,GitHub/Geal/nom,1
2022-05-01,20949,3805,GitHub/Geal/nom,1
2022-05-01,20949,3808,GitHub/Geal/nom,2
2022-05-01,20949,3807,GitHub/Geal/nom,1
2022-05-01,20949,3806,GitHub/Geal/nom,2
2022-05-01,20949,3534,GitHub/Geal/nom,4
2022-05-01,21445,3938,GitHub/marshallpierce/rust-base64,18
2022-05-01,21445,1282,GitHub/marshallpierce/rust-base64,4
2022-05-01,21445,2866,GitHub/marshallpierce/rust-base64,1
2022-05-01,21445,1281,GitHub/marshallpierce/rust-base64,14
2022-05-01,22724,4491,GitHub/rust-lang/log,2
2022-05-01,22724,4492,GitHub/rust-lang/log,1
2022-05-01,22724,3044,GitHub/rust-lang/log,30
2022-05-01,22724,2072,GitHub/rust-lang/log,1
2022-05-01,22724,4490,GitHub/rust-lang/log,1
2022-05-01,22724,3113,GitHub/rust-lang/log,3
2022-05-01,22804,2866,GitHub/alexcrichton/cfg-if,1
2022-05-01,23287,4068,GitHub/rust-itertools/itertools,1
2022-05-01,23287,4083,GitHub/rust-itertools/itertools,1
2022-05-01,24455,4743,GitHub/serde-rs/json,1
2022-05-01,24455,4349,GitHub/serde-rs/json,1
2022-05-01,24455,2912,GitHub/serde-rs/json,34
2022-05-01,25976,3043,GitHub/rust-lang/regex,4
2022-05-01,25976,4083,GitHub/rust-lang/regex,1
2022-05-01,25976,2866,GitHub/rust-lang/regex,1
2022-05-01,28336,4008,GitHub/RustCrypto/traits,42
2022-05-01,28336,4009,GitHub/RustCrypto/traits,11
2022-05-01,28336,4010,GitHub/RustCrypto/traits,1
2022-05-01,28336,4011,GitHub/RustCrypto/traits,3
2022-05-01,28336,1364,GitHub/RustCrypto/traits,1
2022-05-01,28336,3189,GitHub/RustCrypto/traits,10
2022-05-01,28336,3891,GitHub/RustCrypto/traits,1
2022-05-01,28336,3651,GitHub/RustCrypto/traits,1
2022-05-01,28336,3619,GitHub/RustCrypto/traits,1
2022-05-01,28877,5003,GitHub/unicode-rs/unicode-xid,1
2022-05-01,28877,3173,GitHub/unicode-rs/unicode-xid,1
2022-05-01,32560,3218,GitHub/BurntSushi/memchr,1
2022-05-01,32560,3217,GitHub/BurntSushi/memchr,1
2022-05-01,32560,3043,GitHub/BurntSushi/memchr,2
2022-05-01,32560,3165,GitHub/BurntSushi/memchr,1
2022-05-01,32560,2866,GitHub/BurntSushi/memchr,1
2022-05-01,33435,2912,GitHub/dtolnay/itoa,4
2022-05-01,33435,3490,GitHub/dtolnay/itoa,1
2022-05-01,34191,4008,GitHub/RustCrypto/utils,17
2022-05-01,34191,3189,GitHub/RustCrypto/utils,13
2022-05-01,34191,1390,GitHub/RustCrypto/utils,1
2022-05-01,34191,4024,GitHub/RustCrypto/utils,1
2022-05-01,34191,4027,GitHub/RustCrypto/utils,1
2022-05-01,34191,4029,GitHub/RustCrypto/utils,1
2022-05-01,34191,4009,GitHub/RustCrypto/utils,7
2022-05-01,34191,4010,GitHub/RustCrypto/utils,2
2022-05-01,34191,3139,GitHub/RustCrypto/utils,1
2022-05-01,34191,3165,GitHub/RustCrypto/utils,1
2022-05-01,34191,3019,GitHub/RustCrypto/utils,1
2022-05-01,34831,1771,GitHub/rust-lang/futures-rs,1
2022-05-01,34831,2969,GitHub/rust-lang/futures-rs,41
2022-05-01,34831,1778,GitHub/rust-lang/futures-rs,2
2022-05-01,34831,4338,GitHub/rust-lang/futures-rs,1
2022-05-01,34831,4340,GitHub/rust-lang/futures-rs,1
2022-05-01,34831,4341,GitHub/rust-lang/futures-rs,1
2022-05-01,34831,4342,GitHub/rust-lang/futures-rs,1
2022-05-01,34831,4343,GitHub/rust-lang/futures-rs,1
2022-05-01,34831,4344,GitHub/rust-lang/futures-rs,5
2022-05-01,34831,4345,GitHub/rust-lang/futures-rs,1
2022-05-01,34831,2912,GitHub/rust-lang/futures-rs,1
2022-05-01,35737,3025,GitHub/cuviper/autocfg,4
2022-05-01,37083,3043,GitHub/BurntSushi/termcolor,1
2022-05-01,37101,3870,GitHub/Gilnaa/memoffset,1
2022-05-01,37101,3013,GitHub/Gilnaa/memoffset,1
2022-05-01,37101,3875,GitHub/Gilnaa/memoffset,1
2022-05-01,37612,3509,GitHub/dtolnay/quote,3
2022-05-01,37612,2912,GitHub/dtolnay/quote,25
2022-05-01,37612,3506,GitHub/dtolnay/quote,3
2022-05-01,38667,3147,GitHub/bluss/indexmap,1
2022-05-01,38667,3025,GitHub/bluss/indexmap,47
2022-05-01,38667,3148,GitHub/bluss/indexmap,1
2022-05-01,38667,3151,GitHub/bluss/indexmap,2
2022-05-01,38667,2942,GitHub/bluss/indexmap,1
2022-05-01,39779,2486,GitHub/time-rs/time,1
2022-05-01,39779,4243,GitHub/time-rs/time,1
2022-05-01,39779,4905,GitHub/time-rs/time,1
2022-05-01,39779,4906,GitHub/time-rs/time,1
2022-05-01,39779,2485,GitHub/time-rs/time,1
2022-05-01,39779,3951,GitHub/time-rs/time,21
2022-05-01,39779,3506,GitHub/time-rs/time,1
2022-05-01,40494,2866,GitHub/servo/unicode-bidi,1
2022-05-01,40494,4133,GitHub/servo/unicode-bidi,3
2022-05-01,40494,3173,GitHub/servo/unicode-bidi,8
2022-05-01,40494,4884,GitHub/servo/unicode-bidi,3
2022-05-01,40937,2912,GitHub/dtolnay/semver,21
2022-05-01,41752,4452,GitHub/servo/rust-url,3
2022-05-01,41752,4868,GitHub/servo/rust-url,1
2022-05-01,41752,4867,GitHub/servo/rust-url,1
2022-05-01,41752,2428,GitHub/servo/rust-url,14
2022-05-01,41752,4866,GitHub/servo/rust-url,9
2022-05-01,41752,4865,GitHub/servo/rust-url,1
2022-05-01,41752,4713,GitHub/servo/rust-url,7
2022-05-01,41752,4712,GitHub/servo/rust-url,1
2022-05-01,41752,2866,GitHub/servo/rust-url,1
2022-05-01,41957,2912,GitHub/dtolnay/proc-macro2,13
2022-05-01,42413,3490,GitHub/dtolnay/ryu,1
2022-05-01,42413,2912,GitHub/dtolnay/ryu,4
2022-05-01,42655,3117,GitHub/rust-lang/socket2,1
2022-05-01,42655,3113,GitHub/rust-lang/socket2,8
2022-05-01,42655,3079,GitHub/rust-lang/socket2,1
2022-05-01,42655,3067,GitHub/rust-lang/socket2,2
2022-05-01,42655,4593,GitHub/rust-lang/socket2,1
2022-05-01,42655,4594,GitHub/rust-lang/socket2,3
2022-05-01,42655,4596,GitHub/rust-lang/socket2,3
2022-05-01,42655,2099,GitHub/rust-lang/socket2,1
2022-05-01,44362,2912,GitHub/rust-lang/hashbrown,1
2022-05-01,44362,2968,GitHub/rust-lang/hashbrown,4
2022-05-01,44362,1908,GitHub/rust-lang/hashbrown,1
2022-05-01,44362,3013,GitHub/rust-lang/hashbrown,1
2022-05-01,44362,2866,GitHub/rust-lang/hashbrown,1
2022-05-01,45748,2912,GitHub/dtolnay/thiserror,8
2022-05-01,46027,2875,GitHub/alexcrichton/toml-rs,2
2022-05-01,46178,2866,GitHub/rust-lang-nursery/lazy-static.rs,2
2022-05-01,46178,3044,GitHub/rust-lang-nursery/lazy-static.rs,9
2022-05-01,46178,2985,GitHub/rust-lang-nursery/lazy-static.rs,1
2022-05-01,46178,2969,GitHub/rust-lang-nursery/lazy-static.rs,1
2022-05-01,46178,2132,GitHub/rust-lang-nursery/lazy-static.rs,1
2022-05-01,48512,4700,GitHub/rust-random/getrandom,1
2022-05-01,48512,4703,GitHub/rust-random/getrandom,1
2022-05-01,48512,4702,GitHub/rust-random/getrandom,1
2022-05-01,48512,3113,GitHub/rust-random/getrandom,1
2022-05-01,48512,4701,GitHub/rust-random/getrandom,1
2022-05-01,48512,4692,GitHub/rust-random/getrandom,6
2022-05-01,48512,2234,GitHub/rust-random/getrandom,1
2022-05-01,48512,3189,GitHub/rust-random/getrandom,6
2022-05-01,49067,2968,GitHub/Amanieu/thread_local-rs,3
2022-05-01,49067,3037,GitHub/Amanieu/thread_local-rs,2
2022-05-01,49075,1977,GitHub/rust-lang/pkg-config-rs,7
2022-05-01,49075,2866,GitHub/rust-lang/pkg-config-rs,1
2022-05-01,49075,3194,GitHub/rust-lang/pkg-config-rs,3
2022-05-01,52462,3625,GitHub/Frommi/miniz_oxide,2
2022-05-01,52465,3165,GitHub/fizyk20/generic-array,1
2022-05-01,52465,3607,GitHub/fizyk20/generic-array,2
2022-06-01,602,4990,GitHub/unicode-rs/unicode-segmentation,1
2022-06-01,602,3173,GitHub/unicode-rs/unicode-segmentation,10
2022-06-01,626,1476,GitHub/hyperium/http,1
2022-06-01,626,3909,GitHub/hyperium/http,2
2022-06-01,626,3908,GitHub/hyperium/http,1
2022-06-01,626,3910,GitHub/hyperium/http,1
2022-06-01,626,3912,GitHub/hyperium/http,1
2022-06-01,626,3878,GitHub/hyperium/http,1
2022-06-01,626,3506,GitHub/hyperium/http,1
2022-06-01,626,2866,GitHub/hyperium/http,2
2022-06-01,4486,3193,GitHub/contain-rs/vec-map,4
2022-06-01,4733,2912,GitHub/dtolnay/syn,121
2022-06-01,4733,3556,GitHub/dtolnay/syn,1
2022-06-01,4733,3165,GitHub/dtolnay/syn,1
2022-06-01,4733,2965,GitHub/dtolnay/syn,1
2022-06-01,4733,3557,GitHub/dtolnay/syn,1
2022-06-01,4733,3558,GitHub/dtolnay/syn,1
2022-06-01,4733,3559,GitHub/dtolnay/syn,1
2022-06-01,5249,3506,GitHub/taiki-e/pin-project-lite,3
2022-06-01,5249,2969,GitHub/taiki-e/pin-project-lite,19
2022-06-01,7322,3165,GitHub/servo/rust-smallvec,3
2022-06-01,7322,4816,GitHub/servo/rust-smallvec,1
2022-06-01,7322,2866,GitHub/servo/rust-smallvec,2
2022-06-01,7322,2988,GitHub/servo/rust-smallvec,1
2022-06-01,12228,3878,GitHub/seanmonstar/httparse,3
2022-06-01,12228,1252,GitHub/seanmonstar/httparse,4
2022-06-01,12228,3113,GitHub/seanmonstar/httparse,1
2022-06-01,12228,4717,GitHub/seanmonstar/httparse,1
2022-06-01,12228,4714,GitHub/seanmonstar/httparse,2
2022-06-01,12228,3921,GitHub/seanmonstar/httparse,3
2022-06-01,12228,3013,GitHub/seanmonstar/httparse,2
2022-06-01,12266,2866,GitHub/bitflags/bitflags,1
2022-06-01,12266,3090,GitHub/bitflags/bitflags,1
2022-06-01,12266,3044,GitHub/bitflags/bitflags,33
2022-06-01,12266,3091,GitHub/bitflags/bitflags,1
2022-06-01,12266,3060,GitHub/bitflags/bitflags,18
2022-06-01,12266,3048,GitHub/bitflags/bitflags,1
2022-06-01,12842,2969,GitHub/tokio-rs/slab,2
2022-06-01,12842,4360,GitHub/tokio-rs/slab,1
2022-06-01,13804,2912,GitHub/dtolnay/anyhow,30
2022-06-01,14306,4638,GitHub/rust-num/num-integer,1
2022-06-01,14306,3025,GitHub/rust-num/num-integer,3
2022-06-01,14306,3188,GitHub/rust-num/num-integer,1
2022-06-01,14306,4637,GitHub/rust-num/num-integer,2
2022-06-01,16183,3019,GitHub/rust-lang/cc-rs,1
2022-06-01,16183,3020,GitHub/rust-lang/cc-rs,2
2022-06-01,16183,4168,GitHub/rust-lang/cc-rs,1
2022-06-01,16183,1651,GitHub/rust-lang/cc-rs,7
2022-06-01,16183,2866,GitHub/rust-lang/cc-rs,1
2022-06-01,16183,2867,GitHub/rust-lang/cc-rs,4
2022-06-01,16183,1577,GitHub/rust-lang/cc-rs,2
2022-06-01,16183,2912,GitHub/rust-lang/cc-rs,2
2022-06-01,16259,3025,GitHub/rust-num/num-traits,6
2022-06-01,16259,4678,GitHub/rust-num/num-traits,1
2022-06-01,16259,184,GitHub/rust-num/num-traits,4
2022-06-01,16259,4675,GitHub/rust-num/num-traits,11
2022-06-01,16259,4677,GitHub/rust-num/num-traits,4
2022-06-01,16492,4372,GitHub/tokio-rs/bytes,5
2022-06-01,16492,4969,GitHub/tokio-rs/bytes,1
2022-06-01,16492,4968,GitHub/tokio-rs/bytes,1
2022-06-01,16492,4967,GitHub/tokio-rs/bytes,2
2022-06-01,16492,2942,GitHub/tokio-rs/bytes,1
2022-06-01,16492,2969,GitHub/tokio-rs/bytes,1
2022-06-01,16492,3013,GitHub/tokio-rs/bytes,1
2022-06-01,16492,3165,GitHub/tokio-rs/bytes,1
2022-06-01,16492,3470,GitHub/tokio-rs/bytes,2
2022-06-01,17630,304,GitHub/bluss/either,2
2022-06-01,17630,3121,GitHub/bluss/either,1
2022-06-01,17721,3104,GitHub/matklad/once_cell,5
2022-06-01,17721,3883,GitHub/matklad/once_cell,2
2022-06-01,17721,2866,GitHub/matklad/once_cell,1
2022-06-01,17721,2970,GitHub/matklad/once_cell,8
2022-06-01,17721,3038,GitHub/matklad/once_cell,2
2022-06-01,17721,3968,GitHub/matklad/once_cell,2
2022-06-01,18006,3445,GitHub/crossbeam-rs/crossbeam,13
2022-06-01,18006,599,GitHub/crossbeam-rs/crossbeam,2
2022-06-01,18006,2969,GitHub/crossbeam-rs/crossbeam,57
2022-06-01,18006,3367,GitHub/crossbeam-rs/crossbeam,1
2022-06-01,18006,3446,GitHub/crossbeam-rs/crossbeam,1
2022-06-01,18006,595,GitHub/crossbeam-rs/crossbeam,3
2022-06-01,18006,3366,GitHub/crossbeam-rs/crossbeam,1
2022-06-01,18006,3165,GitHub/crossbeam-rs/crossbeam,1
2022-06-01,19184,2866,GitHub/bluss/scopeguard,1
2022-06-01,19184,2968,GitHub/bluss/scopeguard,5
2022-06-01,19184,268,GitHub/bluss/scopeguard,2
2022-06-01,19184,3165,GitHub/bluss/scopeguard,1
2022-06-01,19184,3164,GitHub/bluss/scopeguard,2
2022-06-01,19184,3048,GitHub/bluss/scopeguard,6
2022-06-01,20410,2872,GitHub/mgeisler/textwrap,79
2022-06-01,20699,3005,GitHub/Amanieu/parking_lot,2
2022-06-01,20699,3006,GitHub/Amanieu/parking_lot,1
2022-06-01,20699,3007,GitHub/Amanieu/parking_lot,1
2022-06-01,20699,3008,GitHub/Amanieu/parking_lot,1
2022-06-01,20699,2969,GitHub/Amanieu/parking_lot,3
2022-06-01,20699,3000,GitHub/Amanieu/parking_lot,3
2022-06-01,20699,2999,GitHub/Amanieu/parking_lot,1
2022-06-01,20699,2998,GitHub/Amanieu/parking_lot,5
2022-06-01,20699,2866,GitHub/Amanieu/parking_lot,1
2022-06-01,20699,2968,GitHub/Amanieu/parking_lot,29
2022-06-01,20699,3001,GitHub/Amanieu/parking_lot,1
2022-06-01,20699,3003,GitHub/Amanieu/parking_lot,1
2022-06-01,20699,3002,GitHub/Amanieu/parking_lot,2
2022-06-01,20949,2899,GitHub/Geal/nom,1
2022-06-01,20949,3814,GitHub/Geal/nom,3
2022-06-01,20949,3813,GitHub/Geal/nom,1
2022-06-01,20949,3812,GitHub/Geal/nom,1
2022-06-01,20949,3811,GitHub/Geal/nom,1
2022-06-01,20949,3810,GitHub/Geal/nom,1
2022-06-01,20949,3808,GitHub/Geal/nom,2
2022-06-01,20949,3807,GitHub/Geal/nom,1
2022-06-01,20949,3806,GitHub/Geal/nom,2
2022-06-01,20949,3805,GitHub/Geal/nom,1
2022-06-01,20949,3804,GitHub/Geal/nom,1
2022-06-01,20949,3803,GitHub/Geal/nom,1
2022-06-01,20949,3801,GitHub/Geal/nom,2
2022-06-01,20949,1126,GitHub/Geal/nom,2
2022-06-01,20949,1120,GitHub/Geal/nom,1
2022-06-01,20949,1118,GitHub/Geal/nom,1
2022-06-01,20949,3534,GitHub/Geal/nom,4
2022-06-01,20949,1117,GitHub/Geal/nom,2
2022-06-01,21445,1282,GitHub/marshallpierce/rust-base64,4
2022-06-01,21445,2866,GitHub/marshallpierce/rust-base64,1
2022-06-01,21445,3938,GitHub/marshallpierce/rust-base64,18
2022-06-01,21445,1281,GitHub/marshallpierce/rust-base64,14
2022-06-01,22724,2072,GitHub/rust-lang/log,5
2022-06-01,22724,4491,GitHub/rust-lang/log,2
2022-06-01,22724,3044,GitHub/rust-lang/log,32
2022-06-01,22724,4490,GitHub/rust-lang/log,1
2022-06-01,22724,3113,GitHub/rust-lang/log,3
2022-06-01,22724,4492,GitHub/rust-lang/log,1
2022-06-01,22804,2866,GitHub/alexcrichton/cfg-if,1
2022-06-01,23287,4082,GitHub/rust-itertools/itertools,1
2022-06-01,23287,4083,GitHub/rust-itertools/itertools,1
2022-06-01,23287,4068,GitHub/rust-itertools/itertools,10
2022-06-01,24455,4742,GitHub/serde-rs/json,1
2022-06-01,24455,4743,GitHub/serde-rs/json,1
2022-06-01,24455,4349,GitHub/serde-rs/json,1
2022-06-01,24455,3025,GitHub/serde-rs/json,1
2022-06-01,24455,2912,GitHub/serde-rs/json,44
2022-06-01,25976,2866,GitHub/rust-lang/regex,1
2022-06-01,25976,3043,GitHub/rust-lang/regex,11
2022-06-01,25976,4083,GitHub/rust-lang/regex,1
2022-06-01,28336,3891,GitHub/RustCrypto/traits,1
2022-06-01,28336,1364,GitHub/RustCrypto/traits,1
2022-06-01,28336,4011,GitHub/RustCrypto/traits,3
2022-06-01,28336,3651,GitHub/RustCrypto/traits,1
2022-06-01,28336,3189,GitHub/RustCrypto/traits,10
2022-06-01,28336,4010,GitHub/RustCrypto/traits,1
2022-06-01,28336,4008,GitHub/RustCrypto/traits,62
2022-06-01,28336,3619,GitHub/RustCrypto/traits,1
2022-06-01,28336,4009,GitHub/RustCrypto/traits,11
2022-06-01,28336,4007,GitHub/RustCrypto/traits,1
2022-06-01,28877,5003,GitHub/unicode-rs/unicode-xid,1
2022-06-01,28877,3173,GitHub/unicode-rs/unicode-xid,4
2022-06-01,28877,3506,GitHub/unicode-rs/unicode-xid,1
2022-06-01,28877,5002,GitHub/unicode-rs/unicode-xid,1
2022-06-01,32560,2866,GitHub/BurntSushi/memchr,3
2022-06-01,32560,3043,GitHub/BurntSushi/memchr,3
2022-06-01,32560,3217,GitHub/BurntSushi/memchr,1
2022-06-01,32560,3165,GitHub/BurntSushi/memchr,1
2022-06-01,32560,3218,GitHub/BurntSushi/memchr,1
2022-06-01,33435,2912,GitHub/dtolnay/itoa,17
2022-06-01,33435,3490,GitHub/dtolnay/itoa,1
2022-06-01,34191,1390,GitHub/RustCrypto/utils,1
2022-06-01,34191,4029,GitHub/RustCrypto/utils,1
2022-06-01,34191,3189,GitHub/RustCrypto/utils,13
2022-06-01,34191,4027,GitHub/RustCrypto/utils,1
2022-06-01,34191,3165,GitHub/RustCrypto/utils,1
2022-06-01,34191,3139,GitHub/RustCrypto/utils,1
2022-06-01,34191,3019,GitHub/RustCrypto/utils,1
2022-06-01,34191,4008,GitHub/RustCrypto/utils,22
2022-06-01,34191,4009,GitHub/RustCrypto/utils,7
2022-06-01,34191,4010,GitHub/RustCrypto/utils,2
2022-06-01,34191,4024,GitHub/RustCrypto/utils,1
2022-06-01,34831,4343,GitHub/rust-lang/futures-rs,1
2022-06-01,34831,4342,GitHub/rust-lang/futures-rs,1
2022-06-01,34831,4341,GitHub/rust-lang/futures-rs,1
2022-06-01,34831,1767,GitHub/rust-lang/futures-rs,1
2022-06-01,34831,1778,GitHub/rust-lang/futures-rs,2
2022-06-01,34831,4337,GitHub/rust-lang/futures-rs,2
2022-06-01,34831,2912,GitHub/rust-lang/futures-rs,1
2022-06-01,34831,4338,GitHub/rust-lang/futures-rs,3
2022-06-01,34831,4340,GitHub/rust-lang/futures-rs,1
2022-06-01,34831,4345,GitHub/rust-lang/futures-rs,1
2022-06-01,34831,4344,GitHub/rust-lang/futures-rs,7
2022-06-01,34831,2969,GitHub/rust-lang/futures-rs,43
2022-06-01,34831,1771,GitHub/rust-lang/futures-rs,1
2022-06-01,34831,1768,GitHub/rust-lang/futures-rs,1
2022-06-01,35737,3025,GitHub/cuviper/autocfg,4
2022-06-01,37083,3043,GitHub/BurntSushi/termcolor,1
2022-06-01,37101,3870,GitHub/Gilnaa/memoffset,1
2022-06-01,37101,3875,GitHub/Gilnaa/memoffset,1
2022-06-01,37101,3013,GitHub/Gilnaa/memoffset,1
2022-06-01,37612,2912,GitHub/dtolnay/quote,27
2022-06-01,37612,3509,GitHub/dtolnay/quote,3
2022-06-01,37612,3506,GitHub/dtolnay/quote,3
2022-06-01,38667,3151,GitHub/bluss/indexmap,2
2022-06-01,38667,2942,GitHub/bluss/indexmap,1
2022-06-01,38667,3148,GitHub/bluss/indexmap,1
2022-06-01,38667,3025,GitHub/bluss/indexmap,66
2022-06-01,38667,3147,GitHub/bluss/indexmap,1
2022-06-01,39779,4904,GitHub/time-rs/time,1
2022-06-01,39779,4905,GitHub/time-rs/time,1
2022-06-01,39779,4906,GitHub/time-rs/time,1
2022-06-01,39779,2485,GitHub/time-rs/time,1
2022-06-01,39779,3951,GitHub/time-rs/time,25
2022-06-01,39779,2486,GitHub/time-rs/time,1
2022-06-01,39779,4243,GitHub/time-rs/time,1
2022-06-01,39779,3506,GitHub/time-rs/time,1
2022-06-01,40494,2866,GitHub/servo/unicode-bidi,1
2022-06-01,40494,3173,GitHub/servo/unicode-bidi,8
2022-06-01,40494,4133,GitHub/servo/unicode-bidi,3
2022-06-01,40494,4884,GitHub/servo/unicode-bidi,3
2022-06-01,40937,2912,GitHub/dtolnay/semver,32
2022-06-01,40937,3013,GitHub/dtolnay/semver,1
2022-06-01,41752,2428,GitHub/servo/rust-url,15
2022-06-01,41752,4452,GitHub/servo/rust-url,3
2022-06-01,41752,4713,GitHub/servo/rust-url,7
2022-06-01,41752,4712,GitHub/servo/rust-url,1
2022-06-01,41752,2866,GitHub/servo/rust-url,1
2022-06-01,41752,4868,GitHub/servo/rust-url,1
2022-06-01,41752,4867,GitHub/servo/rust-url,1
2022-06-01,41752,4866,GitHub/servo/rust-url,9
2022-06-01,41752,4865,GitHub/servo/rust-url,1
2022-06-01,41957,2912,GitHub/dtolnay/proc-macro2,22
2022-06-01,42413,3490,GitHub/dtolnay/ryu,1
2022-06-01,42413,2912,GitHub/dtolnay/ryu,16
2022-06-01,42655,3113,GitHub/rust-lang/socket2,9
2022-06-01,42655,2866,GitHub/rust-lang/socket2,2
2022-06-01,42655,4420,GitHub/rust-lang/socket2,1
2022-06-01,42655,4592,GitHub/rust-lang/socket2,1
2022-06-01,42655,4593,GitHub/rust-lang/socket2,1
2022-06-01,42655,4594,GitHub/rust-lang/socket2,3
2022-06-01,42655,4596,GitHub/rust-lang/socket2,3
2022-06-01,42655,3067,GitHub/rust-lang/socket2,2
2022-06-01,42655,2099,GitHub/rust-lang/socket2,1
2022-06-01,42655,3079,GitHub/rust-lang/socket2,1
2022-06-01,42655,3117,GitHub/rust-lang/socket2,1
2022-06-01,44362,1908,GitHub/rust-lang/hashbrown,30
2022-06-01,44362,3013,GitHub/rust-lang/hashbrown,1
2022-06-01,44362,2866,GitHub/rust-lang/hashbrown,1
2022-06-01,44362,1912,GitHub/rust-lang/hashbrown,1
2022-06-01,44362,2912,GitHub/rust-lang/hashbrown,1
2022-06-01,44362,2968,GitHub/rust-lang/hashbrown,7
2022-06-01,45748,2912,GitHub/dtolnay/thiserror,11
2022-06-01,46027,2875,GitHub/alexcrichton/toml-rs,2
2022-06-01,46178,3044,GitHub/rust-lang-nursery/lazy-static.rs,9
2022-06-01,46178,2132,GitHub/rust-lang-nursery/lazy-static.rs,1
2022-06-01,46178,2985,GitHub/rust-lang-nursery/lazy-static.rs,1
2022-06-01,46178,2969,GitHub/rust-lang-nursery/lazy-static.rs,1
2022-06-01,46178,2866,GitHub/rust-lang-nursery/lazy-static.rs,2
2022-06-01,48512,3113,GitHub/rust-random/getrandom,1
2022-06-01,48512,2234,GitHub/rust-random/getrandom,1
2022-06-01,48512,4703,GitHub/rust-random/getrandom,1
2022-06-01,48512,4701,GitHub/rust-random/getrandom,1
2022-06-01,48512,4700,GitHub/rust-random/getrandom,1
2022-06-01,48512,4702,GitHub/rust-random/getrandom,1
2022-06-01,48512,4692,GitHub/rust-random/getrandom,6
2022-06-01,48512,3189,GitHub/rust-random/getrandom,6
2022-06-01,49067,3037,GitHub/Amanieu/thread_local-rs,2
2022-06-01,49067,2968,GitHub/Amanieu/thread_local-rs,3
2022-06-01,49075,3194,GitHub/rust-lang/pkg-config-rs,3
2022-06-01,49075,2866,GitHub/rust-lang/pkg-config-rs,1
2022-06-01,49075,1977,GitHub/rust-lang/pkg-config-rs,7
2022-06-01,52462,898,GitHub/Frommi/miniz_oxide,2
2022-06-01,52462,2072,GitHub/Frommi/miniz_oxide,1
2022-06-01,52462,3625,GitHub/Frommi/miniz_oxide,2
2022-06-01,52465,3607,GitHub/fizyk20/generic-array,2
2022-06-01,52465,3165,GitHub/fizyk20/generic-array,1
2022-07-01,602,3173,GitHub/unicode-rs/unicode-segmentation,10
2022-07-01,602,4990,GitHub/unicode-rs/unicode-segmentation,1
2022-07-01,626,1476,GitHub/hyperium/http,1
2022-07-01,626,3506,GitHub/hyperium/http,1
2022-07-01,626,3878,GitHub/hyperium/http,3
2022-07-01,626,3910,GitHub/hyperium/http,1
2022-07-01,626,2866,GitHub/hyperium/http,2
2022-07-01,626,3908,GitHub/hyperium/http,2
2022-07-01,626,3909,GitHub/hyperium/http,2
2022-07-01,626,3907,GitHub/hyperium/http,1
2022-07-01,626,3912,GitHub/hyperium/http,1
2022-07-01,3509,2602,GitHub/unicode-rs/unicode-width,2
2022-07-01,3509,3173,GitHub/unicode-rs/unicode-width,1
2022-07-01,4484,3043,GitHub/BurntSushi/byteorder,1
2022-07-01,4486,3193,GitHub/contain-rs/vec-map,4
2022-07-01,4733,3559,GitHub/dtolnay/syn,1
2022-07-01,4733,3556,GitHub/dtolnay/syn,1
2022-07-01,4733,2965,GitHub/dtolnay/syn,1
2022-07-01,4733,3558,GitHub/dtolnay/syn,1
2022-07-01,4733,2912,GitHub/dtolnay/syn,137
2022-07-01,4733,3557,GitHub/dtolnay/syn,1
2022-07-01,4733,3165,GitHub/dtolnay/syn,1
2022-07-01,5249,2969,GitHub/taiki-e/pin-project-lite,26
2022-07-01,5249,3506,GitHub/taiki-e/pin-project-lite,3
2022-07-01,7322,4816,GitHub/servo/rust-smallvec,1
2022-07-01,7322,2988,GitHub/servo/rust-smallvec,3
2022-07-01,7322,2866,GitHub/servo/rust-smallvec,2
2022-07-01,7322,4823,GitHub/servo/rust-smallvec,1
2022-07-01,7322,3165,GitHub/servo/rust-smallvec,3
2022-07-01,7322,3506,GitHub/servo/rust-smallvec,2
2022-07-01,7415,3043,GitHub/BurntSushi/aho-corasick,2
2022-07-01,12228,3113,GitHub/seanmonstar/httparse,1
2022-07-01,12228,4714,GitHub/seanmonstar/httparse,2
2022-07-01,12228,3013,GitHub/seanmonstar/httparse,2
2022-07-01,12228,3921,GitHub/seanmonstar/httparse,3
2022-07-01,12228,4717,GitHub/seanmonstar/httparse,1
2022-07-01,12228,1252,GitHub/seanmonstar/httparse,4
2022-07-01,12228,3878,GitHub/seanmonstar/httparse,3
2022-07-01,12266,2866,GitHub/bitflags/bitflags,1
2022-07-01,12266,3090,GitHub/bitflags/bitflags,1
2022-07-01,12266,3060,GitHub/bitflags/bitflags,18
2022-07-01,12266,3048,GitHub/bitflags/bitflags,1
2022-07-01,12266,3044,GitHub/bitflags/bitflags,36
2022-07-01,12266,3091,GitHub/bitflags/bitflags,1
2022-07-01,12842,2969,GitHub/tokio-rs/slab,2
2022-07-01,12842,4360,GitHub/tokio-rs/slab,1
2022-07-01,13804,2912,GitHub/dtolnay/anyhow,36
2022-07-01,13804,3477,GitHub/dtolnay/anyhow,1
2022-07-01,14306,4637,GitHub/rust-num/num-integer,2
2022-07-01,14306,3025,GitHub/rust-num/num-integer,3
2022-07-01,14306,4638,GitHub/rust-num/num-integer,1
2022-07-01,14306,3188,GitHub/rust-num/num-integer,1
2022-07-01,16183,1577,GitHub/rust-lang/cc-rs,2
2022-07-01,16183,2866,GitHub/rust-lang/cc-rs,1
2022-07-01,16183,3019,GitHub/rust-lang/cc-rs,1
2022-07-01,16183,3020,GitHub/rust-lang/cc-rs,2
2022-07-01,16183,4168,GitHub/rust-lang/cc-rs,1
2022-07-01,16183,2912,GitHub/rust-lang/cc-rs,2
2022-07-01,16183,1651,GitHub/rust-lang/cc-rs,7
2022-07-01,16183,2867,GitHub/rust-lang/cc-rs,4
2022-07-01,16259,184,GitHub/rust-num/num-traits,4
2022-07-01,16259,4678,GitHub/rust-num/num-traits,1
2022-07-01,16259,3025,GitHub/rust-num/num-traits,6
2022-07-01,16259,4675,GitHub/rust-num/num-traits,11
2022-07-01,16259,4677,GitHub/rust-num/num-traits,4
2022-07-01,16492,3165,GitHub/tokio-rs/bytes,1
2022-07-01,16492,2969,GitHub/tokio-rs/bytes,1
2022-07-01,16492,4372,GitHub/tokio-rs/bytes,5
2022-07-01,16492,4967,GitHub/tokio-rs/bytes,2
2022-07-01,16492,3908,GitHub/tokio-rs/bytes,1
2022-07-01,16492,4969,GitHub/tokio-rs/bytes,1
2022-07-01,16492,4968,GitHub/tokio-rs/bytes,1
2022-07-01,16492,2942,GitHub/tokio-rs/bytes,1
2022-07-01,16492,4946,GitHub/tokio-rs/bytes,1
2022-07-01,16492,3013,GitHub/tokio-rs/bytes,1
2022-07-01,16492,3470,GitHub/tokio-rs/bytes,2
2022-07-01,17630,2902,GitHub/bluss/either,3
2022-07-01,17630,3122,GitHub/bluss/either,1
2022-07-01,17630,3025,GitHub/bluss/either,30
2022-07-01,17630,3120,GitHub/bluss/either,1
2022-07-01,17630,362,GitHub/bluss/either,2
2022-07-01,17630,304,GitHub/bluss/either,2
2022-07-01,17630,3121,GitHub/bluss/either,2
2022-07-01,17721,2866,GitHub/matklad/once_cell,1
2022-07-01,17721,2970,GitHub/matklad/once_cell,8
2022-07-01,17721,3013,GitHub/matklad/once_cell,2
2022-07-01,17721,3038,GitHub/matklad/once_cell,2
2022-07-01,17721,3883,GitHub/matklad/once_cell,2
2022-07-01,17721,3104,GitHub/matklad/once_cell,5
2022-07-01,17721,3968,GitHub/matklad/once_cell,2
2022-07-01,18006,3013,GitHub/crossbeam-rs/crossbeam,10
2022-07-01,18006,3165,GitHub/crossbeam-rs/crossbeam,1
2022-07-01,18006,3444,GitHub/crossbeam-rs/crossbeam,1
2022-07-01,18006,3445,GitHub/crossbeam-rs/crossbeam,13
2022-07-01,18006,2969,GitHub/crossbeam-rs/crossbeam,64
2022-07-01,18006,595,GitHub/crossbeam-rs/crossbeam,3
2022-07-01,18006,3367,GitHub/crossbeam-rs/crossbeam,1
2022-07-01,18006,599,GitHub/crossbeam-rs/crossbeam,2
2022-07-01,18006,3366,GitHub/crossbeam-rs/crossbeam,1
2022-07-01,18006,3446,GitHub/crossbeam-rs/crossbeam,1
2022-07-01,19184,268,GitHub/bluss/scopeguard,2
2022-07-01,19184,3165,GitHub/bluss/scopeguard,1
2022-07-01,19184,3048,GitHub/bluss/scopeguard,6
2022-07-01,19184,3164,GitHub/bluss/scopeguard,2
2022-07-01,19184,2866,GitHub/bluss/scopeguard,1
2022-07-01,19184,2968,GitHub/bluss/scopeguard,5
2022-07-01,20410,1321,GitHub/mgeisler/textwrap,10
2022-07-01,20410,2872,GitHub/mgeisler/textwrap,91
2022-07-01,20699,3006,GitHub/Amanieu/parking_lot,1
2022-07-01,20699,2866,GitHub/Amanieu/parking_lot,1
2022-07-01,20699,3008,GitHub/Amanieu/parking_lot,1
2022-07-01,20699,2968,GitHub/Amanieu/parking_lot,29
2022-07-01,20699,2969,GitHub/Amanieu/parking_lot,3
2022-07-01,20699,3005,GitHub/Amanieu/parking_lot,2
2022-07-01,20699,3007,GitHub/Amanieu/parking_lot,1
2022-07-01,20699,3001,GitHub/Amanieu/parking_lot,1
2022-07-01,20699,3002,GitHub/Amanieu/parking_lot,2
2022-07-01,20699,3003,GitHub/Amanieu/parking_lot,1
2022-07-01,20699,3000,GitHub/Amanieu/parking_lot,3
2022-07-01,20699,2999,GitHub/Amanieu/parking_lot,1
2022-07-01,20699,2998,GitHub/Amanieu/parking_lot,5
2022-07-01,20949,1120,GitHub/Geal/nom,1
2022-07-01,20949,3811,GitHub/Geal/nom,1
2022-07-01,20949,3534,GitHub/Geal/nom,4
2022-07-01,20949,1118,GitHub/Geal/nom,1
2022-07-01,20949,1126,GitHub/Geal/nom,2
2022-07-01,20949,3801,GitHub/Geal/nom,2
2022-07-01,20949,2899,GitHub/Geal/nom,1
2022-07-01,20949,3813,GitHub/Geal/nom,1
2022-07-01,20949,3810,GitHub/Geal/nom,1
2022-07-01,20949,3805,GitHub/Geal/nom,1
2022-07-01,20949,3803,GitHub/Geal/nom,1
2022-07-01,20949,3812,GitHub/Geal/nom,1
2022-07-01,20949,3806,GitHub/Geal/nom,2
2022-07-01,20949,3808,GitHub/Geal/nom,2
2022-07-01,20949,3804,GitHub/Geal/nom,1
2022-07-01,20949,3814,GitHub/Geal/nom,3
2022-07-01,20949,3807,GitHub/Geal/nom,1
2022-07-01,20949,1117,GitHub/Geal/nom,2
2022-07-01,21445,2866,GitHub/marshallpierce/rust-base64,1
2022-07-01,21445,1282,GitHub/marshallpierce/rust-base64,4
2022-07-01,21445,3938,GitHub/marshallpierce/rust-base64,18
2022-07-01,21445,1281,GitHub/marshallpierce/rust-base64,14
2022-07-01,22724,3044,GitHub/rust-lang/log,36
2022-07-01,22724,3217,GitHub/rust-lang/log,1
2022-07-01,22724,4492,GitHub/rust-lang/log,1
2022-07-01,22724,3113,GitHub/rust-lang/log,3
2022-07-01,22724,2072,GitHub/rust-lang/log,7
2022-07-01,22724,4490,GitHub/rust-lang/log,1
2022-07-01,22724,4491,GitHub/rust-lang/log,2
2022-07-01,22804,2866,GitHub/alexcrichton/cfg-if,1
2022-07-01,23287,4081,GitHub/rust-itertools/itertools,1
2022-07-01,23287,4068,GitHub/rust-itertools/itertools,10
2022-07-01,23287,4082,GitHub/rust-itertools/itertools,1
2022-07-01,23287,4083,GitHub/rust-itertools/itertools,1
2022-07-01,23287,2072,GitHub/rust-itertools/itertools,27
2022-07-01,24455,3025,GitHub/serde-rs/json,1
2022-07-01,24455,4742,GitHub/serde-rs/json,1
2022-07-01,24455,4741,GitHub/serde-rs/json,2
2022-07-01,24455,4349,GitHub/serde-rs/json,1
2022-07-01,24455,2912,GitHub/serde-rs/json,54
2022-07-01,24455,4743,GitHub/serde-rs/json,1
2022-07-01,25976,2866,GitHub/rust-lang/regex,1
2022-07-01,25976,3043,GitHub/rust-lang/regex,12
2022-07-01,25976,29,GitHub/rust-lang/regex,1
2022-07-01,25976,4586,GitHub/rust-lang/regex,1
2022-07-01,25976,2873,GitHub/rust-lang/regex,1
2022-07-01,25976,4083,GitHub/rust-lang/regex,1
2022-07-01,28336,4009,GitHub/RustCrypto/traits,11
2022-07-01,28336,4008,GitHub/RustCrypto/traits,69
2022-07-01,28336,3619,GitHub/RustCrypto/traits,1
2022-07-01,28336,3189,GitHub/RustCrypto/traits,10
2022-07-01,28336,3651,GitHub/RustCrypto/traits,1
2022-07-01,28336,1364,GitHub/RustCrypto/traits,1
2022-07-01,28336,4010,GitHub/RustCrypto/traits,1
2022-07-01,28336,4007,GitHub/RustCrypto/traits,1
2022-07-01,28336,3891,GitHub/RustCrypto/traits,1
2022-07-01,28336,4011,GitHub/RustCrypto/traits,3
2022-07-01,28877,5003,GitHub/unicode-rs/unicode-xid,1
2022-07-01,28877,3173,GitHub/unicode-rs/unicode-xid,4
2022-07-01,28877,3506,GitHub/unicode-rs/unicode-xid,1
2022-07-01,28877,5002,GitHub/unicode-rs/unicode-xid,1
2022-07-01,32560,2866,GitHub/BurntSushi/memchr,3
2022-07-01,32560,3165,GitHub/BurntSushi/memchr,1
2022-07-01,32560,3218,GitHub/BurntSushi/memchr,1
2022-07-01,32560,3043,GitHub/BurntSushi/memchr,4
2022-07-01,32560,3217,GitHub/BurntSushi/memchr,1
2022-07-01,33435,3490,GitHub/dtolnay/itoa,1
2022-07-01,33435,2912,GitHub/dtolnay/itoa,19
2022-07-01,34191,1390,GitHub/RustCrypto/utils,1
2022-07-01,34191,3165,GitHub/RustCrypto/utils,1
2022-07-01,34191,4027,GitHub/RustCrypto/utils,1
2022-07-01,34191,3019,GitHub/RustCrypto/utils,1
2022-07-01,34191,4009,GitHub/RustCrypto/utils,7
2022-07-01,34191,4008,GitHub/RustCrypto/utils,30
2022-07-01,34191,4029,GitHub/RustCrypto/utils,1
2022-07-01,34191,4010,GitHub/RustCrypto/utils,2
2022-07-01,34191,3189,GitHub/RustCrypto/utils,13
2022-07-01,34191,4024,GitHub/RustCrypto/utils,1
2022-07-01,34191,3139,GitHub/RustCrypto/utils,1
2022-07-01,34831,1767,GitHub/rust-lang/futures-rs,1
2022-07-01,34831,2969,GitHub/rust-lang/futures-rs,43
2022-07-01,34831,4344,GitHub/rust-lang/futures-rs,7
2022-07-01,34831,4343,GitHub/rust-lang/futures-rs,1
2022-07-01,34831,4341,GitHub/rust-lang/futures-rs,1
2022-07-01,34831,4340,GitHub/rust-lang/futures-rs,1
2022-07-01,34831,3037,GitHub/rust-lang/futures-rs,2
2022-07-01,34831,2912,GitHub/rust-lang/futures-rs,1
2022-07-01,34831,4345,GitHub/rust-lang/futures-rs,1
2022-07-01,34831,4337,GitHub/rust-lang/futures-rs,2
2022-07-01,34831,4336,GitHub/rust-lang/futures-rs,1
2022-07-01,34831,1768,GitHub/rust-lang/futures-rs,1
2022-07-01,34831,4338,GitHub/rust-lang/futures-rs,3
2022-07-01,34831,1778,GitHub/rust-lang/futures-rs,2
2022-07-01,34831,1771,GitHub/rust-lang/futures-rs,1
2022-07-01,34831,4342,GitHub/rust-lang/futures-rs,1
2022-07-01,35574,3217,GitHub/unicode-rs/unicode-normalization,2
2022-07-01,35574,3173,GitHub/unicode-rs/unicode-normalization,2
2022-07-01,35737,3025,GitHub/cuviper/autocfg,4
2022-07-01,37083,3043,GitHub/BurntSushi/termcolor,1
2022-07-01,37101,3013,GitHub/Gilnaa/memoffset,1
2022-07-01,37101,3870,GitHub/Gilnaa/memoffset,1
2022-07-01,37101,3875,GitHub/Gilnaa/memoffset,1
2022-07-01,37612,2912,GitHub/dtolnay/quote,43
2022-07-01,37612,3509,GitHub/dtolnay/quote,3
2022-07-01,37612,3021,GitHub/dtolnay/quote,2
2022-07-01,37612,3506,GitHub/dtolnay/quote,3
2022-07-01,38667,3151,GitHub/bluss/indexmap,2
2022-07-01,38667,3025,GitHub/bluss/indexmap,94
2022-07-01,38667,2912,GitHub/bluss/indexmap,4
2022-07-01,38667,3147,GitHub/bluss/indexmap,2
2022-07-01,38667,3148,GitHub/bluss/indexmap,1
2022-07-01,38667,2942,GitHub/bluss/indexmap,1
2022-07-01,39779,2485,GitHub/time-rs/time,1
2022-07-01,39779,4905,GitHub/time-rs/time,1
2022-07-01,39779,4015,GitHub/time-rs/time,1
2022-07-01,39779,4906,GitHub/time-rs/time,1
2022-07-01,39779,4903,GitHub/time-rs/time,1
2022-07-01,39779,3951,GitHub/time-rs/time,42
2022-07-01,39779,3506,GitHub/time-rs/time,1
2022-07-01,39779,4243,GitHub/time-rs/time,1
2022-07-01,39779,4904,GitHub/time-rs/time,1
2022-07-01,39779,2486,GitHub/time-rs/time,1
2022-07-01,39779,4902,GitHub/time-rs/time,1
2022-07-01,40494,2866,GitHub/servo/unicode-bidi,1
2022-07-01,40494,4884,GitHub/servo/unicode-bidi,3
2022-07-01,40494,4133,GitHub/servo/unicode-bidi,3
2022-07-01,40494,3173,GitHub/servo/unicode-bidi,8
2022-07-01,40937,3013,GitHub/dtolnay/semver,1
2022-07-01,40937,2912,GitHub/dtolnay/semver,49
2022-07-01,41752,2428,GitHub/servo/rust-url,16
2022-07-01,41752,4867,GitHub/servo/rust-url,1
2022-07-01,41752,4712,GitHub/servo/rust-url,1
2022-07-01,41752,4452,GitHub/servo/rust-url,3
2022-07-01,41752,4713,GitHub/servo/rust-url,7
2022-07-01,41752,2866,GitHub/servo/rust-url,1
2022-07-01,41752,4868,GitHub/servo/rust-url,1
2022-07-01,41752,4866,GitHub/servo/rust-url,9
2022-07-01,41752,4865,GitHub/servo/rust-url,1
2022-07-01,41957,3021,GitHub/dtolnay/proc-macro2,2
2022-07-01,41957,2912,GitHub/dtolnay/proc-macro2,38
2022-07-01,42413,2912,GitHub/dtolnay/ryu,19
2022-07-01,42413,3490,GitHub/dtolnay/ryu,1
2022-07-01,42655,2866,GitHub/rust-lang/socket2,2
2022-07-01,42655,4593,GitHub/rust-lang/socket2,1
2022-07-01,42655,4592,GitHub/rust-lang/socket2,1
2022-07-01,42655,4420,GitHub/rust-lang/socket2,1
2022-07-01,42655,2096,GitHub/rust-lang/socket2,1
2022-07-01,42655,3113,GitHub/rust-lang/socket2,9
2022-07-01,42655,4596,GitHub/rust-lang/socket2,3
2022-07-01,42655,4594,GitHub/rust-lang/socket2,3
2022-07-01,42655,2099,GitHub/rust-lang/socket2,1
2022-07-01,42655,3117,GitHub/rust-lang/socket2,1
2022-07-01,42655,3067,GitHub/rust-lang/socket2,2
2022-07-01,42655,3079,GitHub/rust-lang/socket2,1
2022-07-01,44362,4444,GitHub/rust-lang/hashbrown,1
2022-07-01,44362,2866,GitHub/rust-lang/hashbrown,1
2022-07-01,44362,3013,GitHub/rust-lang/hashbrown,1
2022-07-01,44362,2912,GitHub/rust-lang/hashbrown,2
2022-07-01,44362,1908,GitHub/rust-lang/hashbrown,38
2022-07-01,44362,3025,GitHub/rust-lang/hashbrown,1
2022-07-01,44362,2968,GitHub/rust-lang/hashbrown,7
2022-07-01,44362,1912,GitHub/rust-lang/hashbrown,1
2022-07-01,45748,2912,GitHub/dtolnay/thiserror,15
2022-07-01,46027,2875,GitHub/alexcrichton/toml-rs,2
2022-07-01,46178,2866,GitHub/rust-lang-nursery/lazy-static.rs,2
2022-07-01,46178,2969,GitHub/rust-lang-nursery/lazy-static.rs,1
2022-07-01,46178,3044,GitHub/rust-lang-nursery/lazy-static.rs,13
2022-07-01,46178,2985,GitHub/rust-lang-nursery/lazy-static.rs,1
2022-07-01,46178,2132,GitHub/rust-lang-nursery/lazy-static.rs,1
2022-07-01,48512,2234,GitHub/rust-random/getrandom,1
2022-07-01,48512,3113,GitHub/rust-random/getrandom,1
2022-07-01,48512,4702,GitHub/rust-random/getrandom,1
2022-07-01,48512,4703,GitHub/rust-random/getrandom,1
2022-07-01,48512,4701,GitHub/rust-random/getrandom,1
2022-07-01,48512,4700,GitHub/rust-random/getrandom,1
2022-07-01,48512,4692,GitHub/rust-random/getrandom,9
2022-07-01,48512,3189,GitHub/rust-random/getrandom,6
2022-07-01,49067,2968,GitHub/Amanieu/thread_local-rs,4
2022-07-01,49067,3037,GitHub/Amanieu/thread_local-rs,3
2022-07-01,49075,3194,GitHub/rust-lang/pkg-config-rs,3
2022-07-01,49075,2866,GitHub/rust-lang/pkg-config-rs,1
2022-07-01,49075,1977,GitHub/rust-lang/pkg-config-rs,7
2022-07-01,52462,2072,GitHub/Frommi/miniz_oxide,1
2022-07-01,52462,3642,GitHub/Frommi/miniz_oxide,1
2022-07-01,52462,3625,GitHub/Frommi/miniz_oxide,2
2022-07-01,52462,898,GitHub/Frommi/miniz_oxide,2
2022-07-01,52465,3165,GitHub/fizyk20/generic-array,1
2022-07-01,52465,3607,GitHub/fizyk20/generic-array,2
2022-08-01,602,3173,GitHub/unicode-rs/unicode-segmentation,10
2022-08-01,602,4990,GitHub/unicode-rs/unicode-segmentation,1
2022-08-01,626,3907,GitHub/hyperium/http,1
2022-08-01,626,3878,GitHub/hyperium/http,3
2022-08-01,626,3909,GitHub/hyperium/http,2
2022-08-01,626,3912,GitHub/hyperium/http,1
2022-08-01,626,3910,GitHub/hyperium/http,1
2022-08-01,626,3506,GitHub/hyperium/http,1
2022-08-01,626,2866,GitHub/hyperium/http,2
2022-08-01,626,1476,GitHub/hyperium/http,1
2022-08-01,626,3908,GitHub/hyperium/http,2
2022-08-01,3509,3173,GitHub/unicode-rs/unicode-width,2
2022-08-01,3509,2602,GitHub/unicode-rs/unicode-width,3
2022-08-01,4484,3043,GitHub/BurntSushi/byteorder,1
2022-08-01,4486,3193,GitHub/contain-rs/vec-map,4
2022-08-01,4733,3559,GitHub/dtolnay/syn,1
2022-08-01,4733,2912,GitHub/dtolnay/syn,156
2022-08-01,4733,3558,GitHub/dtolnay/syn,1
2022-08-01,4733,3556,GitHub/dtolnay/syn,1
2022-08-01,4733,3165,GitHub/dtolnay/syn,1
2022-08-01,4733,3557,GitHub/dtolnay/syn,1
2022-08-01,4733,2965,GitHub/dtolnay/syn,1
2022-08-01,5249,2969,GitHub/taiki-e/pin-project-lite,38
2022-08-01,5249,3506,GitHub/taiki-e/pin-project-lite,3
2022-08-01,7322,3506,GitHub/servo/rust-smallvec,2
2022-08-01,7322,4816,GitHub/servo/rust-smallvec,1
2022-08-01,7322,4823,GitHub/servo/rust-smallvec,1
2022-08-01,7322,3165,GitHub/servo/rust-smallvec,3
2022-08-01,7322,2866,GitHub/servo/rust-smallvec,2
2022-08-01,7322,2988,GitHub/servo/rust-smallvec,3
2022-08-01,7415,3043,GitHub/BurntSushi/aho-corasick,3
2022-08-01,12228,4717,GitHub/seanmonstar/httparse,1
2022-08-01,12228,4714,GitHub/seanmonstar/httparse,2
2022-08-01,12228,3878,GitHub/seanmonstar/httparse,3
2022-08-01,12228,1252,GitHub/seanmonstar/httparse,4
2022-08-01,12228,3113,GitHub/seanmonstar/httparse,1
2022-08-01,12228,3013,GitHub/seanmonstar/httparse,2
2022-08-01,12228,3921,GitHub/seanmonstar/httparse,3
2022-08-01,12266,3044,GitHub/bitflags/bitflags,37
2022-08-01,12266,3048,GitHub/bitflags/bitflags,1
2022-08-01,12266,3060,GitHub/bitflags/bitflags,18
2022-08-01,12266,3090,GitHub/bitflags/bitflags,1
2022-08-01,12266,3091,GitHub/bitflags/bitflags,1
2022-08-01,12266,2866,GitHub/bitflags/bitflags,1
2022-08-01,12842,4360,GitHub/tokio-rs/slab,1
2022-08-01,12842,2969,GitHub/tokio-rs/slab,7
2022-08-01,13804,3477,GitHub/dtolnay/anyhow,1
2022-08-01,13804,2912,GitHub/dtolnay/anyhow,43
2022-08-01,14306,3188,GitHub/rust-num/num-integer,1
2022-08-01,14306,4637,GitHub/rust-num/num-integer,2
2022-08-01,14306,4638,GitHub/rust-num/num-integer,1
2022-08-01,14306,3025,GitHub/rust-num/num-integer,15
2022-08-01,16183,2867,GitHub/rust-lang/cc-rs,4
2022-08-01,16183,4168,GitHub/rust-lang/cc-rs,1
2022-08-01,16183,2912,GitHub/rust-lang/cc-rs,2
2022-08-01,16183,3019,GitHub/rust-lang/cc-rs,1
2022-08-01,16183,3020,GitHub/rust-lang/cc-rs,3
2022-08-01,16183,1651,GitHub/rust-lang/cc-rs,7
2022-08-01,16183,4237,GitHub/rust-lang/cc-rs,2
2022-08-01,16183,1577,GitHub/rust-lang/cc-rs,3
2022-08-01,16183,2866,GitHub/rust-lang/cc-rs,1
2022-08-01,16259,4678,GitHub/rust-num/num-traits,1
2022-08-01,16259,184,GitHub/rust-num/num-traits,4
2022-08-01,16259,4675,GitHub/rust-num/num-traits,11
2022-08-01,16259,3025,GitHub/rust-num/num-traits,25
2022-08-01,16259,4677,GitHub/rust-num/num-traits,4
2022-08-01,16492,3013,GitHub/tokio-rs/bytes,1
2022-08-01,16492,4372,GitHub/tokio-rs/bytes,8
2022-08-01,16492,2969,GitHub/tokio-rs/bytes,1
2022-08-01,16492,3908,GitHub/tokio-rs/bytes,1
2022-08-01,16492,4969,GitHub/tokio-rs/bytes,1
2022-08-01,16492,4968,GitHub/tokio-rs/bytes,1
2022-08-01,16492,4966,GitHub/tokio-rs/bytes,1
2022-08-01,16492,3165,GitHub/tokio-rs/bytes,1
2022-08-01,16492,3470,GitHub/tokio-rs/bytes,2
2022-08-01,16492,4967,GitHub/tokio-rs/bytes,6
2022-08-01,16492,2942,GitHub/tokio-rs/bytes,1
2022-08-01,16492,4946,GitHub/tokio-rs/bytes,1
2022-08-01,17630,3120,GitHub/bluss/either,1
2022-08-01,17630,3121,GitHub/bluss/either,2
2022-08-01,17630,2902,GitHub/bluss/either,3
2022-08-01,17630,362,GitHub/bluss/either,2
2022-08-01,17630,3117,GitHub/bluss/either,1
2022-08-01,17630,3122,GitHub/bluss/either,1
2022-08-01,17630,304,GitHub/bluss/either,2
2022-08-01,17630,3025,GitHub/bluss/either,39
2022-08-01,17721,3013,GitHub/matklad/once_cell,2
2022-08-01,17721,3104,GitHub/matklad/once_cell,5
2022-08-01,17721,3968,GitHub/matklad/once_cell,2
2022-08-01,17721,3038,GitHub/matklad/once_cell,2
2022-08-01,17721,3217,GitHub/matklad/once_cell,2
2022-08-01,17721,3165,GitHub/matklad/once_cell,2
2022-08-01,17721,2866,GitHub/matklad/once_cell,1
2022-08-01,17721,2970,GitHub/matklad/once_cell,9
2022-08-01,17721,3883,GitHub/matklad/once_cell,2
2022-08-01,18006,3444,GitHub/crossbeam-rs/crossbeam,1
2022-08-01,18006,3367,GitHub/crossbeam-rs/crossbeam,1
2022-08-01,18006,3446,GitHub/crossbeam-rs/crossbeam,1
2022-08-01,18006,595,GitHub/crossbeam-rs/crossbeam,3
2022-08-01,18006,2969,GitHub/crossbeam-rs/crossbeam,105
2022-08-01,18006,3013,GitHub/crossbeam-rs/crossbeam,11
2022-08-01,18006,3445,GitHub/crossbeam-rs/crossbeam,13
2022-08-01,18006,3165,GitHub/crossbeam-rs/crossbeam,1
2022-08-01,18006,599,GitHub/crossbeam-rs/crossbeam,3
2022-08-01,18006,3366,GitHub/crossbeam-rs/crossbeam,1
2022-08-01,19184,3048,GitHub/bluss/scopeguard,6
2022-08-01,19184,2866,GitHub/bluss/scopeguard,1
2022-08-01,19184,2968,GitHub/bluss/scopeguard,5
2022-08-01,19184,3165,GitHub/bluss/scopeguard,1
2022-08-01,19184,268,GitHub/bluss/scopeguard,2
2022-08-01,19184,3164,GitHub/bluss/scopeguard,2
2022-08-01,20410,3969,GitHub/mgeisler/textwrap,1
2022-08-01,20410,2872,GitHub/mgeisler/textwrap,98
2022-08-01,20410,1321,GitHub/mgeisler/textwrap,11
2022-08-01,20699,3001,GitHub/Amanieu/parking_lot,1
2022-08-01,20699,3002,GitHub/Amanieu/parking_lot,2
2022-08-01,20699,3008,GitHub/Amanieu/parking_lot,1
2022-08-01,20699,3000,GitHub/Amanieu/parking_lot,3
2022-08-01,20699,2999,GitHub/Amanieu/parking_lot,1
2022-08-01,20699,2998,GitHub/Amanieu/parking_lot,5
2022-08-01,20699,2866,GitHub/Amanieu/parking_lot,1
2022-08-01,20699,3007,GitHub/Amanieu/parking_lot,1
2022-08-01,20699,3006,GitHub/Amanieu/parking_lot,1
2022-08-01,20699,2969,GitHub/Amanieu/parking_lot,3
2022-08-01,20699,3005,GitHub/Amanieu/parking_lot,2
2022-08-01,20699,3003,GitHub/Amanieu/parking_lot,1
2022-08-01,20699,2968,GitHub/Amanieu/parking_lot,29
2022-08-01,20949,3814,GitHub/Geal/nom,3
2022-08-01,20949,1118,GitHub/Geal/nom,1
2022-08-01,20949,3534,GitHub/Geal/nom,4
2022-08-01,20949,3805,GitHub/Geal/nom,1
2022-08-01,20949,3812,GitHub/Geal/nom,1
2022-08-01,20949,1126,GitHub/Geal/nom,2
2022-08-01,20949,3801,GitHub/Geal/nom,2
2022-08-01,20949,1120,GitHub/Geal/nom,1
2022-08-01,20949,3811,GitHub/Geal/nom,1
2022-08-01,20949,2899,GitHub/Geal/nom,1
2022-08-01,20949,3813,GitHub/Geal/nom,1
2022-08-01,20949,3810,GitHub/Geal/nom,1
2022-08-01,20949,3803,GitHub/Geal/nom,1
2022-08-01,20949,3806,GitHub/Geal/nom,2
2022-08-01,20949,3808,GitHub/Geal/nom,2
2022-08-01,20949,1117,GitHub/Geal/nom,2
2022-08-01,20949,3807,GitHub/Geal/nom,1
2022-08-01,20949,3804,GitHub/Geal/nom,1
2022-08-01,21445,2866,GitHub/marshallpierce/rust-base64,1
2022-08-01,21445,1281,GitHub/marshallpierce/rust-base64,15
2022-08-01,21445,3938,GitHub/marshallpierce/rust-base64,18
2022-08-01,21445,1282,GitHub/marshallpierce/rust-base64,4
2022-08-01,22724,4491,GitHub/rust-lang/log,2
2022-08-01,22724,3217,GitHub/rust-lang/log,1
2022-08-01,22724,2072,GitHub/rust-lang/log,7
2022-08-01,22724,3044,GitHub/rust-lang/log,36
2022-08-01,22724,4492,GitHub/rust-lang/log,1
2022-08-01,22724,3113,GitHub/rust-lang/log,3
2022-08-01,22724,4490,GitHub/rust-lang/log,1
2022-08-01,22804,2866,GitHub/alexcrichton/cfg-if,1
2022-08-01,23287,4081,GitHub/rust-itertools/itertools,1
2022-08-01,23287,4083,GitHub/rust-itertools/itertools,1
2022-08-01,23287,4082,GitHub/rust-itertools/itertools,1
2022-08-01,23287,4068,GitHub/rust-itertools/itertools,10
2022-08-01,23287,2072,GitHub/rust-itertools/itertools,35
2022-08-01,23287,1459,GitHub/rust-itertools/itertools,2
2022-08-01,23287,3949,GitHub/rust-itertools/itertools,1
2022-08-01,24455,4742,GitHub/serde-rs/json,1
2022-08-01,24455,4349,GitHub/serde-rs/json,1
2022-08-01,24455,2912,GitHub/serde-rs/json,60
2022-08-01,24455,4741,GitHub/serde-rs/json,2
2022-08-01,24455,4743,GitHub/serde-rs/json,1
2022-08-01,24455,3025,GitHub/serde-rs/json,1
2022-08-01,25976,4585,GitHub/rust-lang/regex,1
2022-08-01,25976,2084,GitHub/rust-lang/regex,1
2022-08-01,25976,3063,GitHub/rust-lang/regex,1
2022-08-01,25976,2873,GitHub/rust-lang/regex,1
2022-08-01,25976,2866,GitHub/rust-lang/regex,1
2022-08-01,25976,4586,GitHub/rust-lang/regex,1
2022-08-01,25976,4571,GitHub/rust-lang/regex,3
2022-08-01,25976,2087,GitHub/rust-lang/regex,1
2022-08-01,25976,4516,GitHub/rust-lang/regex,1
2022-08-01,25976,3043,GitHub/rust-lang/regex,24
2022-08-01,25976,4083,GitHub/rust-lang/regex,1
2022-08-01,25976,29,GitHub/rust-lang/regex,2
2022-08-01,25976,4584,GitHub/rust-lang/regex,2
2022-08-01,25976,873,GitHub/rust-lang/regex,1
2022-08-01,28336,4011,GitHub/RustCrypto/traits,3
2022-08-01,28336,3189,GitHub/RustCrypto/traits,10
2022-08-01,28336,4009,GitHub/RustCrypto/traits,11
2022-08-01,28336,3619,GitHub/RustCrypto/traits,1
2022-08-01,28336,3891,GitHub/RustCrypto/traits,1
2022-08-01,28336,1364,GitHub/RustCrypto/traits,2
2022-08-01,28336,4010,GitHub/RustCrypto/traits,1
2022-08-01,28336,4008,GitHub/RustCrypto/traits,88
2022-08-01,28336,4007,GitHub/RustCrypto/traits,1
2022-08-01,28336,3651,GitHub/RustCrypto/traits,1
2022-08-01,28877,5003,GitHub/unicode-rs/unicode-xid,1
2022-08-01,28877,3173,GitHub/unicode-rs/unicode-xid,4
2022-08-01,28877,3506,GitHub/unicode-rs/unicode-xid,1
2022-08-01,28877,5002,GitHub/unicode-rs/unicode-xid,1
2022-08-01,32560,3165,GitHub/BurntSushi/memchr,1
2022-08-01,32560,3217,GitHub/BurntSushi/memchr,1
2022-08-01,32560,2866,GitHub/BurntSushi/memchr,3
2022-08-01,32560,3218,GitHub/BurntSushi/memchr,1
2022-08-01,32560,3043,GitHub/BurntSushi/memchr,5
2022-08-01,33435,3490,GitHub/dtolnay/itoa,1
2022-08-01,33435,2912,GitHub/dtolnay/itoa,19
2022-08-01,34191,4027,GitHub/RustCrypto/utils,2
2022-08-01,34191,4029,GitHub/RustCrypto/utils,1
2022-08-01,34191,3165,GitHub/RustCrypto/utils,1
2022-08-01,34191,1390,GitHub/RustCrypto/utils,1
2022-08-01,34191,3139,GitHub/RustCrypto/utils,1
2022-08-01,34191,4010,GitHub/RustCrypto/utils,2
2022-08-01,34191,3019,GitHub/RustCrypto/utils,1
2022-08-01,34191,4024,GitHub/RustCrypto/utils,1
2022-08-01,34191,4008,GitHub/RustCrypto/utils,31
2022-08-01,34191,3189,GitHub/RustCrypto/utils,13
2022-08-01,34191,4009,GitHub/RustCrypto/utils,7
2022-08-01,34831,3956,GitHub/rust-lang/futures-rs,1
2022-08-01,34831,4345,GitHub/rust-lang/futures-rs,1
2022-08-01,34831,1767,GitHub/rust-lang/futures-rs,1
2022-08-01,34831,1778,GitHub/rust-lang/futures-rs,2
2022-08-01,34831,3037,GitHub/rust-lang/futures-rs,2
2022-08-01,34831,2912,GitHub/rust-lang/futures-rs,1
2022-08-01,34831,4338,GitHub/rust-lang/futures-rs,3
2022-08-01,34831,4337,GitHub/rust-lang/futures-rs,2
2022-08-01,34831,4336,GitHub/rust-lang/futures-rs,1
2022-08-01,34831,1768,GitHub/rust-lang/futures-rs,1
2022-08-01,34831,4343,GitHub/rust-lang/futures-rs,1
2022-08-01,34831,4340,GitHub/rust-lang/futures-rs,1
2022-08-01,34831,4335,GitHub/rust-lang/futures-rs,2
2022-08-01,34831,4341,GitHub/rust-lang/futures-rs,1
2022-08-01,34831,4342,GitHub/rust-lang/futures-rs,1
2022-08-01,34831,2969,GitHub/rust-lang/futures-rs,53
2022-08-01,34831,4344,GitHub/rust-lang/futures-rs,7
2022-08-01,34831,1771,GitHub/rust-lang/futures-rs,1
2022-08-01,34831,3139,GitHub/rust-lang/futures-rs,1
2022-08-01,35574,3173,GitHub/unicode-rs/unicode-normalization,4
2022-08-01,35574,2583,GitHub/unicode-rs/unicode-normalization,1
2022-08-01,35574,3217,GitHub/unicode-rs/unicode-normalization,2
2022-08-01,35737,701,GitHub/cuviper/autocfg,2
2022-08-01,35737,3025,GitHub/cuviper/autocfg,10
2022-08-01,37083,3043,GitHub/BurntSushi/termcolor,1
2022-08-01,37101,3875,GitHub/Gilnaa/memoffset,1
2022-08-01,37101,3870,GitHub/Gilnaa/memoffset,1
2022-08-01,37101,3013,GitHub/Gilnaa/memoffset,1
2022-08-01,37612,3506,GitHub/dtolnay/quote,3
2022-08-01,37612,3021,GitHub/dtolnay/quote,2
2022-08-01,37612,2912,GitHub/dtolnay/quote,47
2022-08-01,37612,3509,GitHub/dtolnay/quote,3
2022-08-01,38667,3148,GitHub/bluss/indexmap,1
2022-08-01,38667,3025,GitHub/bluss/indexmap,104
2022-08-01,38667,3147,GitHub/bluss/indexmap,2
2022-08-01,38667,2942,GitHub/bluss/indexmap,1
2022-08-01,38667,2912,GitHub/bluss/indexmap,4
2022-08-01,38667,3151,GitHub/bluss/indexmap,2
2022-08-01,39779,4904,GitHub/time-rs/time,1
2022-08-01,39779,4906,GitHub/time-rs/time,1
2022-08-01,39779,2479,GitHub/time-rs/time,1
2022-08-01,39779,4903,GitHub/time-rs/time,1
2022-08-01,39779,3506,GitHub/time-rs/time,1
2022-08-01,39779,4015,GitHub/time-rs/time,1
2022-08-01,39779,4905,GitHub/time-rs/time,1
2022-08-01,39779,4902,GitHub/time-rs/time,1
2022-08-01,39779,4243,GitHub/time-rs/time,1
2022-08-01,39779,2485,GitHub/time-rs/time,1
2022-08-01,39779,2486,GitHub/time-rs/time,1
2022-08-01,39779,4901,GitHub/time-rs/time,2
2022-08-01,39779,3951,GitHub/time-rs/time,45
2022-08-01,40494,4884,GitHub/servo/unicode-bidi,8
2022-08-01,40494,2866,GitHub/servo/unicode-bidi,1
2022-08-01,40494,3173,GitHub/servo/unicode-bidi,10
2022-08-01,40494,4133,GitHub/servo/unicode-bidi,3
2022-08-01,40494,4889,GitHub/servo/unicode-bidi,1
2022-08-01,40937,779,GitHub/dtolnay/semver,1
2022-08-01,40937,3013,GitHub/dtolnay/semver,1
2022-08-01,40937,2912,GitHub/dtolnay/semver,54
2022-08-01,41752,4865,GitHub/servo/rust-url,1
2022-08-01,41752,4867,GitHub/servo/rust-url,1
2022-08-01,41752,4713,GitHub/servo/rust-url,7
2022-08-01,41752,2866,GitHub/servo/rust-url,1
2022-08-01,41752,4866,GitHub/servo/rust-url,9
2022-08-01,41752,4868,GitHub/servo/rust-url,1
2022-08-01,41752,4712,GitHub/servo/rust-url,1
2022-08-01,41752,2428,GitHub/servo/rust-url,23
2022-08-01,41752,4452,GitHub/servo/rust-url,3
2022-08-01,41957,3021,GitHub/dtolnay/proc-macro2,2
2022-08-01,41957,2912,GitHub/dtolnay/proc-macro2,64
2022-08-01,42413,2912,GitHub/dtolnay/ryu,19
2022-08-01,42413,3490,GitHub/dtolnay/ryu,1
2022-08-01,42655,4420,GitHub/rust-lang/socket2,1
2022-08-01,42655,3079,GitHub/rust-lang/socket2,1
2022-08-01,42655,4593,GitHub/rust-lang/socket2,1
2022-08-01,42655,4592,GitHub/rust-lang/socket2,1
2022-08-01,42655,701,GitHub/rust-lang/socket2,1
2022-08-01,42655,4596,GitHub/rust-lang/socket2,3
2022-08-01,42655,2099,GitHub/rust-lang/socket2,1
2022-08-01,42655,2866,GitHub/rust-lang/socket2,2
2022-08-01,42655,3113,GitHub/rust-lang/socket2,9
2022-08-01,42655,3067,GitHub/rust-lang/socket2,2
2022-08-01,42655,4594,GitHub/rust-lang/socket2,3
2022-08-01,42655,2096,GitHub/rust-lang/socket2,1
2022-08-01,42655,3117,GitHub/rust-lang/socket2,1
2022-08-01,44362,1908,GitHub/rust-lang/hashbrown,38
2022-08-01,44362,2968,GitHub/rust-lang/hashbrown,12
2022-08-01,44362,3025,GitHub/rust-lang/hashbrown,2
2022-08-01,44362,1910,GitHub/rust-lang/hashbrown,5
2022-08-01,44362,4444,GitHub/rust-lang/hashbrown,1
2022-08-01,44362,3013,GitHub/rust-lang/hashbrown,1
2022-08-01,44362,2912,GitHub/rust-lang/hashbrown,2
2022-08-01,44362,2866,GitHub/rust-lang/hashbrown,1
2022-08-01,44362,1912,GitHub/rust-lang/hashbrown,1
2022-08-01,45748,2912,GitHub/dtolnay/thiserror,18
2022-08-01,46027,2965,GitHub/alexcrichton/toml-rs,1
2022-08-01,46027,2875,GitHub/alexcrichton/toml-rs,3
2022-08-01,46178,2969,GitHub/rust-lang-nursery/lazy-static.rs,1
2022-08-01,46178,2132,GitHub/rust-lang-nursery/lazy-static.rs,1
2022-08-01,46178,2985,GitHub/rust-lang-nursery/lazy-static.rs,1
2022-08-01,46178,2866,GitHub/rust-lang-nursery/lazy-static.rs,2
2022-08-01,46178,3044,GitHub/rust-lang-nursery/lazy-static.rs,13
2022-08-01,48512,4702,GitHub/rust-random/getrandom,1
2022-08-01,48512,2234,GitHub/rust-random/getrandom,1
2022-08-01,48512,4700,GitHub/rust-random/getrandom,1
2022-08-01,48512,4692,GitHub/rust-random/getrandom,10
2022-08-01,48512,3189,GitHub/rust-random/getrandom,6
2022-08-01,48512,4701,GitHub/rust-random/getrandom,1
2022-08-01,48512,3113,GitHub/rust-random/getrandom,1
2022-08-01,48512,2933,GitHub/rust-random/getrandom,1
2022-08-01,48512,4703,GitHub/rust-random/getrandom,1
2022-08-01,49067,3037,GitHub/Amanieu/thread_local-rs,3
2022-08-01,49067,2968,GitHub/Amanieu/thread_local-rs,4
2022-08-01,49075,1977,GitHub/rust-lang/pkg-config-rs,7
2022-08-01,49075,2866,GitHub/rust-lang/pkg-config-rs,1
2022-08-01,49075,3194,GitHub/rust-lang/pkg-config-rs,3
2022-08-01,52462,3642,GitHub/Frommi/miniz_oxide,1
2022-08-01,52462,898,GitHub/Frommi/miniz_oxide,2
2022-08-01,52462,3625,GitHub/Frommi/miniz_oxide,2
2022-08-01,52462,2072,GitHub/Frommi/miniz_oxide,1
2022-08-01,52465,3607,GitHub/fizyk20/generic-array,2
2022-08-01,52465,3165,GitHub/fizyk20/generic-array,1
2022-08-01,52465,3620,GitHub/fizyk20/generic-array,1
2022-09-01,602,3173,GitHub/unicode-rs/unicode-segmentation,10
2022-09-01,602,4990,GitHub/unicode-rs/unicode-segmentation,1
2022-09-01,626,3909,GitHub/hyperium/http,2
2022-09-01,626,3910,GitHub/hyperium/http,1
2022-09-01,626,3506,GitHub/hyperium/http,1
2022-09-01,626,2866,GitHub/hyperium/http,2
2022-09-01,626,1476,GitHub/hyperium/http,1
2022-09-01,626,3912,GitHub/hyperium/http,1
2022-09-01,626,3908,GitHub/hyperium/http,2
2022-09-01,626,3907,GitHub/hyperium/http,1
2022-09-01,626,3878,GitHub/hyperium/http,3
2022-09-01,3509,2602,GitHub/unicode-rs/unicode-width,3
2022-09-01,3509,3173,GitHub/unicode-rs/unicode-width,2
2022-09-01,4484,3043,GitHub/BurntSushi/byteorder,1
2022-09-01,4486,3193,GitHub/contain-rs/vec-map,4
2022-09-01,4733,3558,GitHub/dtolnay/syn,1
2022-09-01,4733,3165,GitHub/dtolnay/syn,1
2022-09-01,4733,2965,GitHub/dtolnay/syn,1
2022-09-01,4733,3557,GitHub/dtolnay/syn,1
2022-09-01,4733,3559,GitHub/dtolnay/syn,1
2022-09-01,4733,3556,GitHub/dtolnay/syn,1
2022-09-01,4733,2912,GitHub/dtolnay/syn,169
2022-09-01,5249,2969,GitHub/taiki-e/pin-project-lite,51
2022-09-01,5249,3506,GitHub/taiki-e/pin-project-lite,3
2022-09-01,7322,3165,GitHub/servo/rust-smallvec,3
2022-09-01,7322,2866,GitHub/servo/rust-smallvec,2
2022-09-01,7322,4823,GitHub/servo/rust-smallvec,1
2022-09-01,7322,4816,GitHub/servo/rust-smallvec,1
2022-09-01,7322,3506,GitHub/servo/rust-smallvec,2
2022-09-01,7322,2988,GitHub/servo/rust-smallvec,3
2022-09-01,7415,3043,GitHub/BurntSushi/aho-corasick,3
2022-09-01,12228,4713,GitHub/seanmonstar/httparse,1
2022-09-01,12228,3878,GitHub/seanmonstar/httparse,4
2022-09-01,12228,3921,GitHub/seanmonstar/httparse,3
2022-09-01,12228,3013,GitHub/seanmonstar/httparse,2
2022-09-01,12228,4717,GitHub/seanmonstar/httparse,1
2022-09-01,12228,4714,GitHub/seanmonstar/httparse,2
2022-09-01,12228,4712,GitHub/seanmonstar/httparse,1
2022-09-01,12228,3113,GitHub/seanmonstar/httparse,1
2022-09-01,12228,2909,GitHub/seanmonstar/httparse,1
2022-09-01,12228,1252,GitHub/seanmonstar/httparse,4
2022-09-01,12266,3091,GitHub/bitflags/bitflags,1
2022-09-01,12266,3090,GitHub/bitflags/bitflags,1
2022-09-01,12266,2866,GitHub/bitflags/bitflags,1
2022-09-01,12266,3044,GitHub/bitflags/bitflags,44
2022-09-01,12266,3060,GitHub/bitflags/bitflags,18
2022-09-01,12266,3048,GitHub/bitflags/bitflags,1
2022-09-01,12842,4360,GitHub/tokio-rs/slab,1
2022-09-01,12842,2969,GitHub/tokio-rs/slab,7
2022-09-01,13804,3013,GitHub/dtolnay/anyhow,4
2022-09-01,13804,3477,GitHub/dtolnay/anyhow,1
2022-09-01,13804,2912,GitHub/dtolnay/anyhow,67
2022-09-01,14306,4637,GitHub/rust-num/num-integer,2
2022-09-01,14306,3025,GitHub/rust-num/num-integer,15
2022-09-01,14306,4638,GitHub/rust-num/num-integer,1
2022-09-01,14306,3188,GitHub/rust-num/num-integer,1
2022-09-01,16183,2867,GitHub/rust-lang/cc-rs,4
2022-09-01,16183,3019,GitHub/rust-lang/cc-rs,1
2022-09-01,16183,1577,GitHub/rust-lang/cc-rs,3
2022-09-01,16183,2866,GitHub/rust-lang/cc-rs,1
2022-09-01,16183,4237,GitHub/rust-lang/cc-rs,2
2022-09-01,16183,1651,GitHub/rust-lang/cc-rs,7
2022-09-01,16183,2912,GitHub/rust-lang/cc-rs,2
2022-09-01,16183,4168,GitHub/rust-lang/cc-rs,1
2022-09-01,16183,3020,GitHub/rust-lang/cc-rs,3
2022-09-01,16259,184,GitHub/rust-num/num-traits,4
2022-09-01,16259,4677,GitHub/rust-num/num-traits,4
2022-09-01,16259,4678,GitHub/rust-num/num-traits,1
2022-09-01,16259,3025,GitHub/rust-num/num-traits,25
2022-09-01,16259,4675,GitHub/rust-num/num-traits,11
2022-09-01,16492,4372,GitHub/tokio-rs/bytes,9
2022-09-01,16492,2969,GitHub/tokio-rs/bytes,1
2022-09-01,16492,4966,GitHub/tokio-rs/bytes,1
2022-09-01,16492,3165,GitHub/tokio-rs/bytes,1
2022-09-01,16492,4967,GitHub/tokio-rs/bytes,6
2022-09-01,16492,4969,GitHub/tokio-rs/bytes,1
2022-09-01,16492,3013,GitHub/tokio-rs/bytes,1
2022-09-01,16492,3470,GitHub/tokio-rs/bytes,2
2022-09-01,16492,3908,GitHub/tokio-rs/bytes,1
2022-09-01,16492,4968,GitHub/tokio-rs/bytes,1
2022-09-01,16492,4946,GitHub/tokio-rs/bytes,1
2022-09-01,16492,3683,GitHub/tokio-rs/bytes,1
2022-09-01,16492,2942,GitHub/tokio-rs/bytes,1
2022-09-01,17630,3122,GitHub/bluss/either,1
2022-09-01,17630,304,GitHub/bluss/either,2
2022-09-01,17630,362,GitHub/bluss/either,2
2022-09-01,17630,3117,GitHub/bluss/either,1
2022-09-01,17630,3120,GitHub/bluss/either,1
2022-09-01,17630,2902,GitHub/bluss/either,3
2022-09-01,17630,3121,GitHub/bluss/either,2
2022-09-01,17630,3025,GitHub/bluss/either,41
2022-09-01,17721,3968,GitHub/matklad/once_cell,2
2022-09-01,17721,3883,GitHub/matklad/once_cell,2
2022-09-01,17721,1317,GitHub/matklad/once_cell,2
2022-09-01,17721,2970,GitHub/matklad/once_cell,10
2022-09-01,17721,3038,GitHub/matklad/once_cell,2
2022-09-01,17721,3013,GitHub/matklad/once_cell,2
2022-09-01,17721,3217,GitHub/matklad/once_cell,2
2022-09-01,17721,3165,GitHub/matklad/once_cell,2
2022-09-01,17721,3967,GitHub/matklad/once_cell,1
2022-09-01,17721,3104,GitHub/matklad/once_cell,5
2022-09-01,17721,2866,GitHub/matklad/once_cell,1
2022-09-01,18006,3366,GitHub/crossbeam-rs/crossbeam,1
2022-09-01,18006,3445,GitHub/crossbeam-rs/crossbeam,13
2022-09-01,18006,3013,GitHub/crossbeam-rs/crossbeam,11
2022-09-01,18006,595,GitHub/crossbeam-rs/crossbeam,3
2022-09-01,18006,3367,GitHub/crossbeam-rs/crossbeam,1
2022-09-01,18006,599,GitHub/crossbeam-rs/crossbeam,3
2022-09-01,18006,3446,GitHub/crossbeam-rs/crossbeam,1
2022-09-01,18006,2969,GitHub/crossbeam-rs/crossbeam,108
2022-09-01,18006,3444,GitHub/crossbeam-rs/crossbeam,1
2022-09-01,18006,3165,GitHub/crossbeam-rs/crossbeam,1
2022-09-01,19184,2866,GitHub/bluss/scopeguard,1
2022-09-01,19184,2968,GitHub/bluss/scopeguard,5
2022-09-01,19184,268,GitHub/bluss/scopeguard,2
2022-09-01,19184,3165,GitHub/bluss/scopeguard,1
2022-09-01,19184,3048,GitHub/bluss/scopeguard,6
2022-09-01,19184,3164,GitHub/bluss/scopeguard,2
2022-09-01,20410,2872,GitHub/mgeisler/textwrap,104
2022-09-01,20410,3969,GitHub/mgeisler/textwrap,1
2022-09-01,20410,1321,GitHub/mgeisler/textwrap,11
2022-09-01,20699,2866,GitHub/Amanieu/parking_lot,1
2022-09-01,20699,3012,GitHub/Amanieu/parking_lot,3
2022-09-01,20699,2968,GitHub/Amanieu/parking_lot,34
2022-09-01,20699,3001,GitHub/Amanieu/parking_lot,1
2022-09-01,20699,2969,GitHub/Amanieu/parking_lot,3
2022-09-01,20699,3000,GitHub/Amanieu/parking_lot,3
2022-09-01,20699,3002,GitHub/Amanieu/parking_lot,2
2022-09-01,20699,2998,GitHub/Amanieu/parking_lot,5
2022-09-01,20699,3008,GitHub/Amanieu/parking_lot,1
2022-09-01,20699,3007,GitHub/Amanieu/parking_lot,1
2022-09-01,20699,3006,GitHub/Amanieu/parking_lot,1
2022-09-01,20699,2999,GitHub/Amanieu/parking_lot,1
2022-09-01,20699,3005,GitHub/Amanieu/parking_lot,2
2022-09-01,20699,3003,GitHub/Amanieu/parking_lot,1
2022-09-01,20949,3804,GitHub/Geal/nom,1
2022-09-01,20949,1117,GitHub/Geal/nom,2
2022-09-01,20949,3814,GitHub/Geal/nom,3
2022-09-01,20949,3801,GitHub/Geal/nom,2
2022-09-01,20949,1118,GitHub/Geal/nom,1
2022-09-01,20949,3807,GitHub/Geal/nom,1
2022-09-01,20949,3803,GitHub/Geal/nom,1
2022-09-01,20949,3534,GitHub/Geal/nom,4
2022-09-01,20949,3811,GitHub/Geal/nom,1
2022-09-01,20949,3810,GitHub/Geal/nom,1
2022-09-01,20949,1126,GitHub/Geal/nom,2
2022-09-01,20949,3806,GitHub/Geal/nom,2
2022-09-01,20949,1120,GitHub/Geal/nom,1
2022-09-01,20949,3813,GitHub/Geal/nom,1
2022-09-01,20949,3805,GitHub/Geal/nom,1
2022-09-01,20949,2899,GitHub/Geal/nom,1
2022-09-01,20949,3812,GitHub/Geal/nom,1
2022-09-01,20949,3808,GitHub/Geal/nom,2
2022-09-01,21445,2866,GitHub/marshallpierce/rust-base64,1
2022-09-01,21445,1281,GitHub/marshallpierce/rust-base64,15
2022-09-01,21445,1282,GitHub/marshallpierce/rust-base64,4
2022-09-01,21445,3938,GitHub/marshallpierce/rust-base64,18
2022-09-01,22724,3044,GitHub/rust-lang/log,38
2022-09-01,22724,2072,GitHub/rust-lang/log,7
2022-09-01,22724,4490,GitHub/rust-lang/log,1
2022-09-01,22724,4492,GitHub/rust-lang/log,1
2022-09-01,22724,3217,GitHub/rust-lang/log,1
2022-09-01,22724,4491,GitHub/rust-lang/log,2
2022-09-01,22724,3113,GitHub/rust-lang/log,3
2022-09-01,22804,2866,GitHub/alexcrichton/cfg-if,1
2022-09-01,23287,4068,GitHub/rust-itertools/itertools,10
2022-09-01,23287,1459,GitHub/rust-itertools/itertools,4
2022-09-01,23287,4081,GitHub/rust-itertools/itertools,1
2022-09-01,23287,4082,GitHub/rust-itertools/itertools,1
2022-09-01,23287,3949,GitHub/rust-itertools/itertools,1
2022-09-01,23287,4083,GitHub/rust-itertools/itertools,1
2022-09-01,23287,2072,GitHub/rust-itertools/itertools,35
2022-09-01,23287,4079,GitHub/rust-itertools/itertools,2
2022-09-01,24455,4349,GitHub/serde-rs/json,1
2022-09-01,24455,2912,GitHub/serde-rs/json,78
2022-09-01,24455,4741,GitHub/serde-rs/json,2
2022-09-01,24455,3025,GitHub/serde-rs/json,1
2022-09-01,24455,4742,GitHub/serde-rs/json,1
2022-09-01,24455,4743,GitHub/serde-rs/json,1
2022-09-01,25976,4516,GitHub/rust-lang/regex,1
2022-09-01,25976,2866,GitHub/rust-lang/regex,1
2022-09-01,25976,4083,GitHub/rust-lang/regex,1
2022-09-01,25976,4584,GitHub/rust-lang/regex,2
2022-09-01,25976,3043,GitHub/rust-lang/regex,32
2022-09-01,25976,29,GitHub/rust-lang/regex,2
2022-09-01,25976,873,GitHub/rust-lang/regex,1
2022-09-01,25976,3063,GitHub/rust-lang/regex,1
2022-09-01,25976,2084,GitHub/rust-lang/regex,1
2022-09-01,25976,4585,GitHub/rust-lang/regex,1
2022-09-01,25976,4571,GitHub/rust-lang/regex,3
2022-09-01,25976,4586,GitHub/rust-lang/regex,1
2022-09-01,25976,2873,GitHub/rust-lang/regex,1
2022-09-01,25976,2087,GitHub/rust-lang/regex,1
2022-09-01,28336,4009,GitHub/RustCrypto/traits,11
2022-09-01,28336,3189,GitHub/RustCrypto/traits,12
2022-09-01,28336,3619,GitHub/RustCrypto/traits,1
2022-09-01,28336,3651,GitHub/RustCrypto/traits,1
2022-09-01,28336,1364,GitHub/RustCrypto/traits,2
2022-09-01,28336,3891,GitHub/RustCrypto/traits,1
2022-09-01,28336,4008,GitHub/RustCrypto/traits,104
2022-09-01,28336,4007,GitHub/RustCrypto/traits,2
2022-09-01,28336,4010,GitHub/RustCrypto/traits,1
2022-09-01,28336,4011,GitHub/RustCrypto/traits,3
2022-09-01,28877,5002,GitHub/unicode-rs/unicode-xid,1
2022-09-01,28877,5003,GitHub/unicode-rs/unicode-xid,1
2022-09-01,28877,3506,GitHub/unicode-rs/unicode-xid,1
2022-09-01,28877,3173,GitHub/unicode-rs/unicode-xid,4
2022-09-01,32560,3218,GitHub/BurntSushi/memchr,1
2022-09-01,32560,3165,GitHub/BurntSushi/memchr,1
2022-09-01,32560,3217,GitHub/BurntSushi/memchr,1
2022-09-01,32560,3043,GitHub/BurntSushi/memchr,5
2022-09-01,32560,2866,GitHub/BurntSushi/memchr,3
2022-09-01,33435,3490,GitHub/dtolnay/itoa,1
2022-09-01,33435,2912,GitHub/dtolnay/itoa,24
2022-09-01,34191,4029,GitHub/RustCrypto/utils,1
2022-09-01,34191,3189,GitHub/RustCrypto/utils,16
2022-09-01,34191,1390,GitHub/RustCrypto/utils,1
2022-09-01,34191,4024,GitHub/RustCrypto/utils,2
2022-09-01,34191,4026,GitHub/RustCrypto/utils,1
2022-09-01,34191,3165,GitHub/RustCrypto/utils,1
2022-09-01,34191,4010,GitHub/RustCrypto/utils,2
2022-09-01,34191,4009,GitHub/RustCrypto/utils,8
2022-09-01,34191,4008,GitHub/RustCrypto/utils,32
2022-09-01,34191,4023,GitHub/RustCrypto/utils,1
2022-09-01,34191,3019,GitHub/RustCrypto/utils,1
2022-09-01,34191,3139,GitHub/RustCrypto/utils,1
2022-09-01,34191,4027,GitHub/RustCrypto/utils,2
2022-09-01,34831,4336,GitHub/rust-lang/futures-rs,2
2022-09-01,34831,4344,GitHub/rust-lang/futures-rs,7
2022-09-01,34831,3956,GitHub/rust-lang/futures-rs,2
2022-09-01,34831,4345,GitHub/rust-lang/futures-rs,1
2022-09-01,34831,1771,GitHub/rust-lang/futures-rs,2
2022-09-01,34831,4341,GitHub/rust-lang/futures-rs,2
2022-09-01,34831,2969,GitHub/rust-lang/futures-rs,84
2022-09-01,34831,4342,GitHub/rust-lang/futures-rs,2
2022-09-01,34831,4340,GitHub/rust-lang/futures-rs,2
2022-09-01,34831,1768,GitHub/rust-lang/futures-rs,2
2022-09-01,34831,4337,GitHub/rust-lang/futures-rs,4
2022-09-01,34831,4343,GitHub/rust-lang/futures-rs,2
2022-09-01,34831,3037,GitHub/rust-lang/futures-rs,4
2022-09-01,34831,2912,GitHub/rust-lang/futures-rs,1
2022-09-01,34831,4338,GitHub/rust-lang/futures-rs,5
2022-09-01,34831,4377,GitHub/rust-lang/futures-rs,2
2022-09-01,34831,3139,GitHub/rust-lang/futures-rs,2
2022-09-01,34831,1778,GitHub/rust-lang/futures-rs,2
2022-09-01,34831,1767,GitHub/rust-lang/futures-rs,2
2022-09-01,34831,4335,GitHub/rust-lang/futures-rs,3
2022-09-01,35574,3173,GitHub/unicode-rs/unicode-normalization,4
2022-09-01,35574,3217,GitHub/unicode-rs/unicode-normalization,2
2022-09-01,35574,2583,GitHub/unicode-rs/unicode-normalization,1
2022-09-01,35737,3025,GitHub/cuviper/autocfg,10
2022-09-01,35737,701,GitHub/cuviper/autocfg,2
2022-09-01,37083,3043,GitHub/BurntSushi/termcolor,1
2022-09-01,37101,3013,GitHub/Gilnaa/memoffset,1
2022-09-01,37101,3875,GitHub/Gilnaa/memoffset,1
2022-09-01,37101,3870,GitHub/Gilnaa/memoffset,1
2022-09-01,37612,3021,GitHub/dtolnay/quote,2
2022-09-01,37612,3509,GitHub/dtolnay/quote,3
2022-09-01,37612,3506,GitHub/dtolnay/quote,3
2022-09-01,37612,2912,GitHub/dtolnay/quote,55
2022-09-01,38667,2942,GitHub/bluss/indexmap,1
2022-09-01,38667,3151,GitHub/bluss/indexmap,2
2022-09-01,38667,3147,GitHub/bluss/indexmap,2
2022-09-01,38667,3025,GitHub/bluss/indexmap,104
2022-09-01,38667,3148,GitHub/bluss/indexmap,1
2022-09-01,38667,2912,GitHub/bluss/indexmap,4
2022-09-01,39779,4905,GitHub/time-rs/time,1
2022-09-01,39779,4902,GitHub/time-rs/time,1
2022-09-01,39779,4243,GitHub/time-rs/time,1
2022-09-01,39779,4015,GitHub/time-rs/time,1
2022-09-01,39779,4901,GitHub/time-rs/time,3
2022-09-01,39779,4904,GitHub/time-rs/time,1
2022-09-01,39779,4903,GitHub/time-rs/time,1
2022-09-01,39779,2485,GitHub/time-rs/time,1
2022-09-01,39779,3951,GitHub/time-rs/time,60
2022-09-01,39779,2479,GitHub/time-rs/time,1
2022-09-01,39779,2486,GitHub/time-rs/time,1
2022-09-01,39779,4906,GitHub/time-rs/time,1
2022-09-01,39779,3506,GitHub/time-rs/time,1
2022-09-01,40494,2866,GitHub/servo/unicode-bidi,1
2022-09-01,40494,4884,GitHub/servo/unicode-bidi,8
2022-09-01,40494,3173,GitHub/servo/unicode-bidi,10
2022-09-01,40494,4133,GitHub/servo/unicode-bidi,3
2022-09-01,40494,4889,GitHub/servo/unicode-bidi,1
2022-09-01,40937,2912,GitHub/dtolnay/semver,60
2022-09-01,40937,3013,GitHub/dtolnay/semver,1
2022-09-01,40937,779,GitHub/dtolnay/semver,1
2022-09-01,41752,4866,GitHub/servo/rust-url,9
2022-09-01,41752,4713,GitHub/servo/rust-url,7
2022-09-01,41752,2866,GitHub/servo/rust-url,1
2022-09-01,41752,4868,GitHub/servo/rust-url,1
2022-09-01,41752,2456,GitHub/servo/rust-url,1
2022-09-01,41752,2428,GitHub/servo/rust-url,26
2022-09-01,41752,4883,GitHub/servo/rust-url,1
2022-09-01,41752,4452,GitHub/servo/rust-url,3
2022-09-01,41752,4712,GitHub/servo/rust-url,1
2022-09-01,41752,4867,GitHub/servo/rust-url,1
2022-09-01,41752,4865,GitHub/servo/rust-url,1
2022-09-01,41752,2455,GitHub/servo/rust-url,3
2022-09-01,41957,2912,GitHub/dtolnay/proc-macro2,71
2022-09-01,41957,3021,GitHub/dtolnay/proc-macro2,2
2022-09-01,42413,2912,GitHub/dtolnay/ryu,24
2022-09-01,42413,3490,GitHub/dtolnay/ryu,1
2022-09-01,42655,4590,GitHub/rust-lang/socket2,2
2022-09-01,42655,4594,GitHub/rust-lang/socket2,3
2022-09-01,42655,2866,GitHub/rust-lang/socket2,2
2022-09-01,42655,4593,GitHub/rust-lang/socket2,1
2022-09-01,42655,3012,GitHub/rust-lang/socket2,1
2022-09-01,42655,2092,GitHub/rust-lang/socket2,8
2022-09-01,42655,3117,GitHub/rust-lang/socket2,1
2022-09-01,42655,3113,GitHub/rust-lang/socket2,38
2022-09-01,42655,2099,GitHub/rust-lang/socket2,1
2022-09-01,42655,4589,GitHub/rust-lang/socket2,4
2022-09-01,42655,4596,GitHub/rust-lang/socket2,3
2022-09-01,42655,3079,GitHub/rust-lang/socket2,1
2022-09-01,42655,4420,GitHub/rust-lang/socket2,1
2022-09-01,42655,2096,GitHub/rust-lang/socket2,1
2022-09-01,42655,701,GitHub/rust-lang/socket2,2
2022-09-01,42655,4591,GitHub/rust-lang/socket2,1
2022-09-01,42655,4592,GitHub/rust-lang/socket2,1
2022-09-01,42655,3067,GitHub/rust-lang/socket2,2
2022-09-01,44362,2968,GitHub/rust-lang/hashbrown,12
2022-09-01,44362,3013,GitHub/rust-lang/hashbrown,1
2022-09-01,44362,2912,GitHub/rust-lang/hashbrown,2
2022-09-01,44362,4444,GitHub/rust-lang/hashbrown,1
2022-09-01,44362,1910,GitHub/rust-lang/hashbrown,5
2022-09-01,44362,1908,GitHub/rust-lang/hashbrown,38
2022-09-01,44362,1912,GitHub/rust-lang/hashbrown,1
2022-09-01,44362,3025,GitHub/rust-lang/hashbrown,2
2022-09-01,44362,2866,GitHub/rust-lang/hashbrown,1
2022-09-01,45748,2912,GitHub/dtolnay/thiserror,33
2022-09-01,46027,2875,GitHub/alexcrichton/toml-rs,3
2022-09-01,46027,2965,GitHub/alexcrichton/toml-rs,1
2022-09-01,46178,2985,GitHub/rust-lang-nursery/lazy-static.rs,1
2022-09-01,46178,2866,GitHub/rust-lang-nursery/lazy-static.rs,2
2022-09-01,46178,2132,GitHub/rust-lang-nursery/lazy-static.rs,1
2022-09-01,46178,3044,GitHub/rust-lang-nursery/lazy-static.rs,13
2022-09-01,46178,2969,GitHub/rust-lang-nursery/lazy-static.rs,1
2022-09-01,48512,4711,GitHub/rust-random/getrandom,1
2022-09-01,48512,3189,GitHub/rust-random/getrandom,9
2022-09-01,48512,3113,GitHub/rust-random/getrandom,1
2022-09-01,48512,2933,GitHub/rust-random/getrandom,1
2022-09-01,48512,4710,GitHub/rust-random/getrandom,1
2022-09-01,48512,4701,GitHub/rust-random/getrandom,1
2022-09-01,48512,4700,GitHub/rust-random/getrandom,1
2022-09-01,48512,2234,GitHub/rust-random/getrandom,1
2022-09-01,48512,4703,GitHub/rust-random/getrandom,1
2022-09-01,48512,4702,GitHub/rust-random/getrandom,1
2022-09-01,48512,4692,GitHub/rust-random/getrandom,10
2022-09-01,49067,3037,GitHub/Amanieu/thread_local-rs,3
2022-09-01,49067,2968,GitHub/Amanieu/thread_local-rs,4
2022-09-01,49075,3194,GitHub/rust-lang/pkg-config-rs,3
2022-09-01,49075,1977,GitHub/rust-lang/pkg-config-rs,7
2022-09-01,49075,2866,GitHub/rust-lang/pkg-config-rs,1
2022-09-01,52462,2890,GitHub/Frommi/miniz_oxide,1
2022-09-01,52462,2072,GitHub/Frommi/miniz_oxide,1
2022-09-01,52462,898,GitHub/Frommi/miniz_oxide,7
2022-09-01,52462,3642,GitHub/Frommi/miniz_oxide,1
2022-09-01,52462,3625,GitHub/Frommi/miniz_oxide,2
2022-09-01,52465,3620,GitHub/fizyk20/generic-array,1
2022-09-01,52465,3619,GitHub/fizyk20/generic-array,1
2022-09-01,52465,3165,GitHub/fizyk20/generic-array,1
2022-09-01,52465,3607,GitHub/fizyk20/generic-array,10
